id parent1 parent2 LLRparent1 LLRparent2 LLRpair OHparent1 OHparent2 MEpair SNPd.id.parent1 SNPd.id.parent2
f1h_1 f0_3 f0_169 -0.92 0.92 16.73 0 0 0 815 815
f1h_2 f0_94 f0_185 2.49 -2.49 15.65 0 0 0 815 815
f1h_3 f0_56 f0_170 2.45 -2.45 16.89 0 0 0 815 815
f1h_4 f0_138 f0_190 0.71 -0.71 18.37 0 0 0 815 815
f1h_5 f0_87 f0_196 2.68 -2.68 15.6 0 0 0 815 815
f1h_6 f0_7 f0_188 -4.33 4.33 17.79 0 0 0 815 815
f1h_8 f0_6 f0_190 0.62 -0.62 18.41 0 0 0 815 815
f1h_9 f0_33 f0_76 -0.87 0.87 16.46 0 0 0 815 815
f1h_10 f0_142 f0_182 1.3 -1.3 18.2 0 0 0 815 815
f1h_12 f0_50 f0_152 2.46 -2.46 16.82 0 0 0 815 815
f1h_13 f0_76 f0_81 0.07 -0.07 18.02 0 0 0 815 815
f1h_14 f0_99 f0_160 -0.36 0.36 18.39 0 0 0 815 815
f1h_15 f0_87 f0_155 2.17 -2.17 16.6 0 0 0 815 815
f1h_16 f0_19 f0_86 -2.05 2.05 16.23 0 0 0 815 815
f1h_17 f0_82 f0_107 0.44 -0.44 17.37 0 0 0 815 815
f1h_22 f0_2 f0_11 -0.44 0.44 18.69 0 0 0 815 815
f1h_23 f0_112 f0_161 -1.24 1.24 17.46 0 0 0 815 815
f1h_24 f0_105 f0_148 1.59 -1.59 16.4 0 0 0 815 815
f1h_25 f0_57 f0_155 -0.41 0.41 19.05 0 0 0 815 815
f1h_26 f0_77 f0_184 -2.15 2.15 15.83 0 0 0 815 815
f1h_27 f0_81 f0_111 0.61 -0.61 16.94 0 0 0 815 815
f1h_28 f0_27 f0_194 -0.08 0.08 19.37 0 0 0 815 815
f1h_29 f0_101 f0_158 -1.76 1.76 16.76 0 0 0 815 815
f1h_30 f0_65 f0_80 -1.41 1.41 16.81 0 0 0 815 815
f1h_32 f0_11 f0_47 -2.35 2.35 16.5 0 0 0 815 815
f1h_33 f0_146 f0_158 0.46 -0.46 17.45 0 0 0 815 815
f1h_35 f0_24 f0_115 -2.07 2.07 15.3 0 0 0 815 815
f1h_37 f0_42 f0_174 -2.3 2.3 18.79 0 0 0 815 815
f1h_38 f0_160 f0_168 0.5 -0.5 18.59 0 0 0 815 815
f1h_39 f0_33 f0_118 -0.65 0.65 16.84 0 0 0 815 815
f1h_40 f0_61 f0_139 0.32 -0.32 18 0 0 0 815 815
f1h_41 f0_139 f0_142 -1.16 1.16 17.34 0 0 0 815 815
f1h_42 f0_11 f0_111 0.86 -0.86 17.66 0 0 0 815 815
f1h_44 f0_168 f0_170 -0.22 0.22 17.59 0 0 0 815 815
f1h_45 f0_9 f0_166 4.14 -4.14 17.17 0 0 0 815 815
f1h_47 f0_30 f0_80 -0.31 0.31 17.47 0 0 0 815 815
f1h_48 f0_154 f0_171 -3.35 3.35 15.64 0 0 0 815 815
f1h_49 f0_152 f0_176 3.48 -3.48 17.06 0 0 0 815 815
f1h_50 f0_120 f0_156 2.58 -2.58 14.99 0 0 0 815 815
f1h_51 f0_79 f0_147 -5.39 5.39 14.92 0 0 0 815 815
f1h_52 f0_44 f0_170 1.32 -1.32 17.25 0 0 0 815 815
f1h_53 f0_98 f0_143 2.43 -2.43 16.78 0 0 0 815 815
f1h_54 f0_62 f0_177 -2.17 2.17 17.22 0 0 0 815 815
f1h_55 f0_138 f0_179 0.96 -0.96 16.65 0 0 0 815 815
f1h_56 f0_143 f0_183 1.17 -1.17 19.53 0 0 0 815 815
f1h_57 f0_35 f0_46 -2.86 2.86 15.15 0 0 0 815 815
f1h_58 f0_124 f0_200 -1.13 1.13 17.42 0 0 0 815 815
f1h_59 f0_87 f0_188 1.83 -1.83 16.38 0 0 0 815 815
f1h_60 f0_98 f0_118 -0.92 0.92 19.38 0 0 0 815 815
f1h_62 f0_65 f0_114 -1.4 1.4 17.9 0 0 0 815 815
f1h_64 f0_148 f0_183 1.58 -1.58 16.46 0 0 0 815 815
f1h_65 f0_28 f0_197 -1.69 1.69 15.16 0 0 0 815 815
f1h_66 f0_58 f0_138 -0.5 0.5 16.51 0 0 0 815 815
f1h_68 f0_25 f0_195 -0.18 0.18 16.98 0 0 0 815 815
f1h_69 f0_136 f0_175 0.48 -0.48 17.19 0 0 0 815 815
f1h_70 f0_22 f0_63 0.54 -0.54 17.79 0 0 0 815 815
f1h_72 f0_61 f0_153 1.6 -1.6 17.2 0 0 0 815 815
f1h_73 f0_2 f0_37 -4.06 4.06 16.24 0 0 0 815 815
f1h_74 f0_49 f0_149 -3.88 3.88 16.75 0 0 0 815 815
f1h_75 f0_20 f0_55 0.71 -0.71 17.44 0 0 0 815 815
f1h_76 f0_118 f0_187 -2.2 2.2 16.89 0 0 0 815 815
f1h_77 f0_89 f0_138 -1.84 1.84 17.08 0 0 0 815 815
f1h_78 f0_30 f0_78 -0.48 0.48 17.75 0 0 0 815 815
f1h_79 f0_37 f0_65 -3.7 3.7 17.71 0 0 0 815 815
f1h_81 f0_55 f0_130 5.8 -5.8 14.11 0 0 0 815 815
f1h_82 f0_117 f0_130 -1.76 1.76 18.52 0 0 0 815 815
f1h_83 f0_20 f0_160 2.42 -2.42 15.46 0 0 0 815 815
f1h_84 f0_41 f0_141 -4.33 4.33 14.09 0 0 0 815 815
f1h_85 f0_81 f0_97 -0.44 0.44 17.14 0 0 0 815 815
f1h_86 f0_111 f0_131 2 -2 18.97 0 0 0 815 815
f1h_87 f0_13 f0_178 0.98 -0.98 17.59 0 0 0 815 815
f1h_88 f0_61 f0_184 1.17 -1.17 18.69 0 0 0 815 815
f1h_89 f0_26 f0_83 -0.64 0.64 18.07 0 0 0 815 815
f1h_90 f0_101 f0_170 2.35 -2.35 17.21 0 0 0 815 815
f1h_91 f0_52 f0_134 -1.91 1.91 17.65 0 0 0 815 815
f1h_92 f0_9 f0_94 6.06 -6.06 15.35 0 0 0 815 815
f1h_93 f0_28 f0_160 2.3 -2.3 15.46 0 0 0 815 815
f1h_94 f0_58 f0_82 -1.96 1.96 17.54 0 0 0 815 815
f1h_96 f0_127 f0_182 -0.67 0.67 20.45 0 0 0 815 815
f1h_97 f0_80 f0_82 4.97 -4.97 16.9 0 0 0 815 815
f1h_98 f0_59 f0_160 1.61 -1.61 17.83 0 0 0 815 815
f1h_99 f0_11 f0_200 -3.66 3.66 16.26 0 0 0 815 815
f1h_100 f0_91 f0_144 -0.03 0.03 19 0 0 0 815 815
f1h_102 f0_57 f0_74 1.41 -1.41 16.8 0 0 0 815 815
f1h_104 f0_34 f0_200 -2.96 2.96 14.88 0 0 0 815 815
f1h_105 f0_17 f0_161 -1.05 1.05 17.67 0 0 0 815 815
f1h_106 f0_35 f0_60 -0.72 0.72 17.56 0 0 0 815 815
f1h_107 f0_9 f0_96 -0.16 0.16 18.99 0 0 0 815 815
f1h_108 f0_13 f0_107 2.16 -2.16 18.4 0 0 0 815 815
f1h_111 f0_89 f0_122 -4.9 4.9 16.24 0 0 0 815 815
f1h_112 f0_14 f0_163 -0.9 0.9 16.48 0 0 0 815 815
f1h_113 f0_40 f0_198 -1.01 1.01 19.01 0 0 0 815 815
f1h_114 f0_29 f0_150 1.89 -1.89 17.27 0 0 0 815 815
f1h_116 f0_107 f0_198 -0.51 0.51 18.47 0 0 0 815 815
f1h_118 f0_41 f0_102 -2.67 2.67 16.66 0 0 0 815 815
f1h_119 f0_59 f0_113 -1.99 1.99 17.89 0 0 0 815 815
f1h_120 f0_11 f0_108 -3.98 3.98 15.1 0 0 0 815 815
f1h_123 f0_172 f0_191 2.42 -2.42 17.58 0 0 0 815 815
f1h_124 f0_34 f0_46 0.42 -0.42 17.85 0 0 0 815 815
f1h_125 f0_5 f0_28 -0.26 0.26 17.82 0 0 0 815 815
f1h_126 f0_123 f0_179 0.24 -0.24 18.35 0 0 0 815 815
f1h_127 f0_28 f0_143 -2.92 2.92 17.01 0 0 0 815 815
f1h_128 f0_19 f0_29 -1.19 1.19 17.52 0 0 0 815 815
f1h_130 f0_106 f0_192 -1.36 1.36 19.5 0 0 0 815 815
f1h_131 f0_66 f0_169 -3.76 3.76 15.94 0 0 0 815 815
f1h_132 f0_88 f0_118 -0.32 0.32 19.25 0 0 0 815 815
f1h_133 f0_66 f0_106 2.58 -2.58 18.4 0 0 0 815 815
f1h_134 f0_39 f0_48 -0.66 0.66 17.33 0 0 0 815 815
f1h_135 f0_47 f0_49 3.9 -3.9 14.21 0 0 0 815 815
f1h_136 f0_24 f0_73 -0.67 0.67 16.51 0 0 0 815 815
f1h_137 f0_56 f0_162 -2.25 2.25 16.91 0 0 0 815 815
f1h_138 f0_76 f0_117 -0.99 0.99 18.63 0 0 0 815 815
f1h_139 f0_22 f0_156 -4.36 4.36 16.46 0 0 0 815 815
f1h_140 f0_87 f0_157 -2.22 2.22 14.91 0 0 0 815 815
f1h_141 f0_187 f0_190 2.79 -2.79 16.27 0 0 0 815 815
f1h_142 f0_17 f0_140 -1.83 1.83 18.45 0 0 0 815 815
f1h_143 f0_116 f0_199 1.39 -1.39 17.43 0 0 0 815 815
f1h_147 f0_61 f0_188 0.11 -0.11 17.33 0 0 0 815 815
f1h_148 f0_9 f0_33 -0.07 0.07 17.68 0 0 0 815 815
f1h_149 f0_38 f0_114 0.02 -0.02 17.51 0 0 0 815 815
f1h_150 f0_24 f0_70 -0.22 0.22 18.22 0 0 0 815 815
f1h_151 f0_150 f0_197 3.19 -3.19 16.89 0 0 0 815 815
f1h_153 f0_142 f0_145 -4.19 4.19 15.87 0 0 0 815 815
f1h_154 f0_118 f0_143 1.8 -1.8 17.12 0 0 0 815 815
f1h_155 f0_109 f0_110 -1.84 1.84 17.69 0 0 0 815 815
f1h_156 f0_28 f0_133 -0.67 0.67 16.51 0 0 0 815 815
f1h_157 f0_150 f0_181 -0.7 0.7 18.03 0 0 0 815 815
f1h_158 f0_101 f0_121 -1.55 1.55 16.93 0 0 0 815 815
f1h_159 f0_96 f0_105 -0.64 0.64 18.32 0 0 0 815 815
f1h_160 f0_112 f0_139 -2.82 2.82 14.8 0 0 0 815 815
f1h_161 f0_129 f0_198 0.61 -0.61 20.69 0 0 0 815 815
f1h_163 f0_73 f0_198 0.01 -0.01 17.75 0 0 0 815 815
f1h_164 f0_67 f0_72 1.75 -1.75 17.37 0 0 0 815 815
f1h_166 f0_25 f0_183 -0.1 0.1 17.55 0 0 0 815 815
f1h_167 f0_64 f0_76 4.85 -4.85 15.02 0 0 0 815 815
f1h_168 f0_60 f0_88 2.07 -2.07 15.75 0 0 0 815 815
f1h_171 f0_31 f0_194 -1.91 1.91 17.87 0 0 0 815 815
f1h_175 f0_46 f0_199 -1.61 1.61 17.57 0 0 0 815 815
f1h_177 f0_11 f0_32 -2.97 2.97 17.84 0 0 0 815 815
f1h_178 f0_115 f0_196 1.38 -1.38 17.38 0 0 0 815 815
f1h_179 f0_73 f0_156 -3.28 3.28 17.12 0 0 0 815 815
f1h_180 f0_131 f0_170 1.02 -1.02 16.26 0 0 0 815 815
f1h_181 f0_2 f0_56 -2.32 2.32 18.42 0 0 0 815 815
f1h_182 f0_68 f0_73 -2.58 2.58 15.53 0 0 0 815 815
f1h_183 f0_42 f0_78 -1.99 1.99 17.84 0 0 0 815 815
f1h_184 f0_9 f0_199 -1.42 1.42 17.15 0 0 0 815 815
f1h_185 f0_46 f0_116 -2.49 2.49 16.52 0 0 0 815 815
f1h_186 f0_2 f0_188 -3.15 3.15 14.74 0 0 0 815 815
f1h_188 f0_46 f0_142 -0.94 0.94 18.96 0 0 0 815 815
f1h_189 f0_131 f0_184 2 -2 15.87 0 0 0 815 815
f1h_190 f0_115 f0_184 0.11 -0.11 18.07 0 0 0 815 815
f1h_194 f0_139 f0_165 1.11 -1.11 16.75 0 0 0 815 815
f1h_195 f0_22 f0_197 4.69 -4.69 14.03 0 0 0 815 815
f1h_196 f0_64 f0_170 2.29 -2.29 16.48 0 0 0 815 815
f1h_197 f0_33 f0_65 -1.81 1.81 16.98 0 0 0 815 815
f1h_198 f0_42 f0_68 -1.28 1.28 18.14 0 0 0 815 815
f1h_199 f0_42 f0_155 0.95 -0.95 17.39 0 0 0 815 815
f1h_200 f0_61 f0_149 0.76 -0.76 17.64 0 0 0 815 815
f1h_201 f0_63 f0_70 -0.46 0.46 17.2 0 0 0 815 815
f1h_202 f0_12 f0_194 2.16 -2.16 17.19 0 0 0 815 815
f1h_203 f0_27 f0_97 -2.22 2.22 17.23 0 0 0 815 815
f1h_205 f0_8 f0_78 0.12 -0.12 17.5 0 0 0 815 815
f1h_206 f0_10 f0_100 3.14 -3.14 15.45 0 0 0 815 815
f1h_207 f0_41 f0_117 4.83 -4.83 16.59 0 0 0 815 815
f1h_208 f0_36 f0_91 -2.61 2.61 17.78 0 0 0 815 815
f1h_209 f0_9 f0_25 2.38 -2.38 17.87 0 0 0 815 815
f1h_210 f0_73 f0_144 0.27 -0.27 18.85 0 0 0 815 815
f1h_212 f0_173 f0_198 1.86 -1.86 16.91 0 0 0 815 815
f1h_213 f0_87 f0_168 2.22 -2.22 18.79 0 0 0 815 815
f1h_215 f0_43 f0_92 1.57 -1.57 17.4 0 0 0 815 815
f1h_216 f0_160 f0_167 -1.23 1.23 18.35 0 0 0 815 815
f1h_217 f0_144 f0_167 -0.79 0.79 18.69 0 0 0 815 815
f1h_218 f0_32 f0_126 -1.89 1.89 16.62 0 0 0 815 815
f1h_219 f0_19 f0_36 -2 2 17.37 0 0 0 815 815
f1h_220 f0_161 f0_167 1.07 -1.07 17.64 0 0 0 815 815
f1h_221 f0_186 f0_188 1.96 -1.96 16.18 0 0 0 815 815
f1h_222 f0_20 f0_87 0.08 -0.08 18.03 0 0 0 815 815
f1h_223 f0_79 f0_108 -7.66 7.66 14.79 0 0 0 815 815
f1h_224 f0_9 f0_156 1.72 -1.72 16.66 0 0 0 815 815
f1h_226 f0_34 f0_153 3.08 -3.08 16.43 0 0 0 815 815
f1h_227 f0_136 f0_195 -1.69 1.69 17.73 0 0 0 815 815
f1h_230 f0_27 f0_183 -2.12 2.12 17.25 0 0 0 815 815
f1h_231 f0_21 f0_101 0.15 -0.15 18.25 0 0 0 815 815
f1h_232 f0_84 f0_189 2.62 -2.62 17.45 0 0 0 815 815
f1h_235 f0_112 f0_164 0.86 -0.86 19.57 0 0 0 815 815
f1h_236 f0_74 f0_92 1.28 -1.28 18.29 0 0 0 815 815
f1h_237 f0_128 f0_153 0.6 -0.6 15.62 0 0 0 815 815
f1h_238 f0_94 f0_200 0.18 -0.18 16.18 0 0 0 815 815
f1h_239 f0_2 f0_19 -1.96 1.96 16.37 0 0 0 815 815
f1h_240 f0_70 f0_170 0.95 -0.95 15.8 0 0 0 815 815
f1h_241 f0_50 f0_116 -1.98 1.98 16.19 0 0 0 815 815
f1h_242 f0_79 f0_84 -0.58 0.58 15.98 0 0 0 815 815
f1h_243 f0_159 f0_190 -0.82 0.82 19.56 0 0 0 815 815
f1h_244 f0_29 f0_177 -3.04 3.04 16.63 0 0 0 815 815
f1h_245 f0_43 f0_195 -1.29 1.29 17.69 0 0 0 815 815
f1h_246 f0_63 f0_196 3.76 -3.76 16.1 0 0 0 815 815
f1h_247 f0_1 f0_63 1.62 -1.62 16.24 0 0 0 815 815
f1h_248 f0_10 f0_130 -1.04 1.04 17.42 0 0 0 815 815
f1h_250 f0_3 f0_104 1.94 -1.94 18.6 0 0 0 815 815
f1h_251 f0_35 f0_72 0.69 -0.69 16.03 0 0 0 815 815
f1h_252 f0_175 f0_196 2.33 -2.33 14.47 0 0 0 815 815
f1h_253 f0_48 f0_173 4.74 -4.74 15.02 0 0 0 815 815
f1h_254 f0_123 f0_132 -0.75 0.75 16.81 0 0 0 815 815
f1h_255 f0_37 f0_147 -2.52 2.52 15.61 0 0 0 815 815
f1h_256 f0_166 f0_180 0.91 -0.91 17.31 0 0 0 815 815
f1h_258 f0_154 f0_156 -2.25 2.25 18.62 0 0 0 815 815
f1h_260 f0_70 f0_93 2.69 -2.69 16 0 0 0 815 815
f1h_261 f0_20 f0_199 -0.17 0.17 17.68 0 0 0 815 815
f1h_262 f0_114 f0_120 -2.83 2.83 15.95 0 0 0 815 815
f1h_263 f0_27 f0_147 -3.68 3.68 16.59 0 0 0 815 815
f1h_264 f0_76 f0_120 -5.3 5.3 16.29 0 0 0 815 815
f1h_265 f0_12 f0_119 -0.09 0.09 17.53 0 0 0 815 815
f1h_266 f0_107 f0_151 -2.82 2.82 17.57 0 0 0 815 815
f1h_267 f0_90 f0_176 -1.44 1.44 17.79 0 0 0 815 815
f1h_268 f0_48 f0_103 2 -2 17.19 0 0 0 815 815
f1h_269 f0_60 f0_199 3.18 -3.18 15.18 0 0 0 815 815
f1h_270 f0_20 f0_68 2.26 -2.26 16.63 0 0 0 815 815
f1h_271 f0_4 f0_152 -0.99 0.99 18.51 0 0 0 815 815
f1h_272 f0_19 f0_175 -1.65 1.65 17.27 0 0 0 815 815
f1h_273 f0_62 f0_91 -0.24 0.24 19.34 0 0 0 815 815
f1h_274 f0_68 f0_196 0.18 -0.18 18.56 0 0 0 815 815
f1h_275 f0_46 f0_162 3.55 -3.55 14.61 0 0 0 815 815
f1h_276 f0_42 f0_140 -1.99 1.99 17.12 0 0 0 815 815
f1h_277 f0_150 f0_171 -0.98 0.98 18.68 0 0 0 815 815
f1h_278 f0_190 f0_197 0.11 -0.11 17.78 0 0 0 815 815
f1h_279 f0_31 f0_90 -2.02 2.02 18.5 0 0 0 815 815
f1h_280 f0_123 f0_156 -0.61 0.61 16.3 0 0 0 815 815
f1h_281 f0_1 f0_53 0.42 -0.42 18.72 0 0 0 815 815
f1h_282 f0_10 f0_30 1.26 -1.26 17.63 0 0 0 815 815
f1h_283 f0_186 f0_193 0.89 -0.89 19.75 0 0 0 815 815
f1h_285 f0_48 f0_187 -4.24 4.24 16.58 0 0 0 815 815
f1h_288 f0_112 f0_123 1.09 -1.09 16.23 0 0 0 815 815
f1h_289 f0_69 f0_200 -3.45 3.45 14.17 0 0 0 815 815
f1h_292 f0_103 f0_126 3.53 -3.53 15.99 0 0 0 815 815
f1h_293 f0_85 f0_190 0.49 -0.49 18.51 0 0 0 815 815
f1h_294 f0_88 f0_91 -0.32 0.32 19.28 0 0 0 815 815
f1h_295 f0_88 f0_195 -1.94 1.94 17.11 0 0 0 815 815
f1h_296 f0_141 f0_151 2.47 -2.47 17.8 0 0 0 815 815
f1h_297 f0_5 f0_152 0.8 -0.8 18.23 0 0 0 815 815
f1h_298 f0_20 f0_151 0.06 -0.06 17.98 0 0 0 815 815
f1h_299 f0_156 f0_160 1.79 -1.79 15.97 0 0 0 815 815
f1h_300 f0_17 f0_145 -2.4 2.4 18.33 0 0 0 815 815
f1h_301 f0_23 f0_87 -1.48 1.48 18.05 0 0 0 815 815
f1h_302 f0_80 f0_151 1.35 -1.35 18.4 0 0 0 815 815
f1h_303 f0_46 f0_186 0.82 -0.82 16.01 0 0 0 815 815
f1h_304 f0_66 f0_187 -3.81 3.81 15.21 0 0 0 815 815
f1h_305 f0_63 f0_148 -0.53 0.53 18 0 0 0 815 815
f1h_306 f0_67 f0_146 0.28 -0.28 18.45 0 0 0 815 815
f1h_308 f0_60 f0_152 2.3 -2.3 17.94 0 0 0 815 815
f1h_309 f0_25 f0_91 -2.51 2.51 17.79 0 0 0 815 815
f1h_310 f0_19 f0_69 0.94 -0.94 17.87 0 0 0 815 815
f1h_312 f0_102 f0_135 -2.22 2.22 15.41 0 0 0 815 815
f1h_313 f0_102 f0_125 -2.49 2.49 16.01 0 0 0 815 815
f1h_314 f0_20 f0_36 0.97 -0.97 16.46 0 0 0 815 815
f1h_315 f0_119 f0_141 0.03 -0.03 17.01 0 0 0 815 815
f1h_316 f0_138 f0_183 -0.44 0.44 15.53 0 0 0 815 815
f1h_317 f0_102 f0_195 0.5 -0.5 18.32 0 0 0 815 815
f1h_318 f0_121 f0_162 2.41 -2.41 17.13 0 0 0 815 815
f1h_319 f0_79 f0_162 2.19 -2.19 15.74 0 0 0 815 815
f1h_321 f0_23 f0_84 -1.31 1.31 17.51 0 0 0 815 815
f1h_322 f0_155 f0_183 -0.14 0.14 17.74 0 0 0 815 815
f1h_323 f0_44 f0_101 0.28 -0.28 17.62 0 0 0 815 815
f1h_324 f0_109 f0_199 2.67 -2.67 15.67 0 0 0 815 815
f1h_325 f0_40 f0_75 -2.4 2.4 18.68 0 0 0 815 815
f1h_326 f0_49 f0_145 -4.5 4.5 17.73 0 0 0 815 815
f1h_327 f0_130 f0_186 -2.88 2.88 17.88 0 0 0 815 815
f1h_329 f0_83 f0_197 1.41 -1.41 17.12 0 0 0 815 815
f1h_331 f0_27 f0_48 4.14 -4.14 16 0 0 0 815 815
f1h_332 f0_39 f0_183 2.38 -2.38 16.5 0 0 0 815 815
f1h_333 f0_30 f0_136 1.08 -1.08 18.07 0 0 0 815 815
f1h_334 f0_10 f0_137 -0.41 0.41 18.85 0 0 0 815 815
f1h_335 f0_66 f0_169 -1.03 1.03 15.24 0 0 0 815 815
f1h_336 f0_2 f0_177 -0.66 0.66 17.71 0 0 0 815 815
f1h_337 f0_7 f0_198 -1.96 1.96 18.53 0 0 0 815 815
f1h_338 f0_59 f0_83 1.92 -1.92 15.87 0 0 0 815 815
f1h_339 f0_16 f0_87 -1.12 1.12 18.29 0 0 0 815 815
f1h_341 f0_74 f0_162 1.26 -1.26 18.01 0 0 0 815 815
f1h_342 f0_65 f0_88 -1.16 1.16 17.42 0 0 0 815 815
f1h_343 f0_131 f0_182 3.73 -3.73 17.14 0 0 0 815 815
f1h_344 f0_80 f0_151 0.24 -0.24 18.19 0 0 0 815 815
f1h_345 f0_89 f0_144 0.41 -0.41 18.06 0 0 0 815 815
f1h_346 f0_94 f0_124 0.63 -0.63 15.91 0 0 0 815 815
f1h_347 f0_54 f0_105 -1.55 1.55 17.42 0 0 0 815 815
f1h_348 f0_32 f0_199 -0.94 0.94 17.7 0 0 0 815 815
f1h_350 f0_183 f0_190 0.3 -0.3 16.75 0 0 0 815 815
f1h_351 f0_73 f0_185 -2.77 2.77 15.07 0 0 0 815 815
f1h_352 f0_58 f0_87 -4.23 4.23 16.67 0 0 0 815 815
f1h_353 f0_81 f0_197 2.27 -2.27 17.61 0 0 0 815 815
f1h_355 f0_4 f0_133 1.25 -1.25 17.01 0 0 0 815 815
f1h_356 f0_50 f0_156 -1.79 1.79 18.3 0 0 0 815 815
f1h_357 f0_96 f0_100 -0.93 0.93 17.04 0 0 0 815 815
f1h_358 f0_122 f0_136 -0.1 0.1 17.53 0 0 0 815 815
f1h_360 f0_143 f0_187 -0.98 0.98 17.63 0 0 0 815 815
f1h_361 f0_137 f0_194 -4.02 4.02 15.64 0 0 0 815 815
f1h_362 f0_18 f0_42 -0.22 0.22 17.64 0 0 0 815 815
f1h_365 f0_117 f0_187 -3.58 3.58 16.61 0 0 0 815 815
f1h_366 f0_9 f0_155 3.56 -3.56 15.24 0 0 0 815 815
f1h_367 f0_7 f0_106 -0.33 0.33 17.83 0 0 0 815 815
f1h_368 f0_83 f0_97 -0.22 0.22 17.96 0 0 0 815 815
f1h_369 f0_102 f0_159 3.5 -3.5 14.81 0 0 0 815 815
f1h_370 f0_36 f0_73 2.81 -2.81 19.11 0 0 0 815 815
f1h_371 f0_26 f0_85 -0.77 0.77 16.31 0 0 0 815 815
f1h_373 f0_67 f0_92 1.75 -1.75 16.93 0 0 0 815 815
f1h_374 f0_50 f0_159 -0.42 0.42 18.85 0 0 0 815 815
f1h_376 f0_174 f0_200 1.68 -1.68 16.73 0 0 0 815 815
f1h_377 f0_102 f0_165 -2.42 2.42 14.59 0 0 0 815 815
f1h_378 f0_149 f0_173 -1.02 1.02 16.03 0 0 0 815 815
f1h_380 f0_96 f0_178 0.59 -0.59 17.88 0 0 0 815 815
f1h_381 f0_184 f0_190 -0.89 0.89 17.96 0 0 0 815 815
f1h_382 f0_26 f0_177 4.32 -4.32 15.95 0 0 0 815 815
f1h_383 f0_78 f0_128 -0.68 0.68 17.51 0 0 0 815 815
f1h_384 f0_112 f0_168 -2.43 2.43 19.33 0 0 0 815 815
f1h_385 f0_1 f0_58 1.57 -1.57 18.21 0 0 0 815 815
f1h_388 f0_29 f0_166 -0.98 0.98 17.85 0 0 0 815 815
f1h_389 f0_14 f0_155 0.91 -0.91 17.74 0 0 0 815 815
f1h_390 f0_16 f0_170 1.54 -1.54 18.28 0 0 0 815 815
f1h_391 f0_156 f0_198 2.66 -2.66 17.94 0 0 0 815 815
f1h_393 f0_122 f0_195 0.51 -0.51 18.06 0 0 0 815 815
f1h_394 f0_55 f0_200 -2.23 2.23 16.84 0 0 0 815 815
f1h_395 f0_154 f0_162 2.99 -2.99 17.5 0 0 0 815 815
f1h_396 f0_45 f0_121 0.4 -0.4 18.35 0 0 0 815 815
f1h_397 f0_91 f0_140 1.27 -1.27 17.97 0 0 0 815 815
f1h_400 f0_20 f0_37 1.44 -1.44 18.5 0 0 0 815 815
f1h_401 f0_100 f0_179 4.93 -4.93 17.9 0 0 0 815 815
f1h_402 f0_61 f0_119 3.27 -3.27 17.57 0 0 0 815 815
f1h_403 f0_45 f0_74 1.54 -1.54 16.94 0 0 0 815 815
f1h_404 f0_45 f0_135 0.96 -0.96 17.01 0 0 0 815 815
f1h_406 f0_82 f0_163 2.17 -2.17 18.32 0 0 0 815 815
f1h_407 f0_30 f0_36 -1.65 1.65 16.51 0 0 0 815 815
f1h_408 f0_87 f0_152 0.3 -0.3 18.41 0 0 0 815 815
f1h_409 f0_58 f0_118 -0.47 0.47 17.68 0 0 0 815 815
f1h_410 f0_102 f0_197 0.68 -0.68 20.73 0 0 0 815 815
f1h_411 f0_34 f0_141 2.57 -2.57 14.61 0 0 0 815 815
f1h_413 f0_23 f0_111 -1.04 1.04 18.42 0 0 0 815 815
f1h_414 f0_40 f0_113 -4.27 4.27 16.97 0 0 0 815 815
f1h_415 f0_54 f0_114 0.02 -0.02 18.04 0 0 0 815 815
f1h_416 f0_179 f0_186 -3.35 3.35 17.74 0 0 0 815 815
f1h_417 f0_34 f0_135 2.62 -2.62 18.73 0 0 0 815 815
f1h_418 f0_10 f0_88 2.27 -2.27 20.2 0 0 0 815 815
f1h_419 f0_66 f0_70 0.73 -0.73 18 0 0 0 815 815
f1h_420 f0_6 f0_72 1.09 -1.09 16.15 0 0 0 815 815
f1h_421 f0_53 f0_191 1.43 -1.43 17.54 0 0 0 815 815
f1h_423 f0_106 f0_145 -2.03 2.03 16.01 0 0 0 815 815
f1h_424 f0_93 f0_159 -2.78 2.78 16.72 0 0 0 815 815
f1h_425 f0_32 f0_51 -0.2 0.2 16.22 0 0 0 815 815
f1h_426 f0_135 f0_200 -0.38 0.38 17.88 0 0 0 815 815
f1h_427 f0_1 f0_184 1.92 -1.92 17.67 0 0 0 815 815
f1h_428 f0_15 f0_170 0.79 -0.79 19.63 0 0 0 815 815
f1h_429 f0_52 f0_197 -4.96 4.96 14.62 0 0 0 815 815
f1h_430 f0_7 f0_135 -4 4 17.97 0 0 0 815 815
f1h_432 f0_64 f0_122 2.07 -2.07 16.57 0 0 0 815 815
f1h_433 f0_155 f0_196 -0.8 0.8 18.93 0 0 0 815 815
f1h_434 f0_40 f0_136 0.76 -0.76 19.61 0 0 0 815 815
f1h_435 f0_168 f0_187 -1.76 1.76 16.31 0 0 0 815 815
f1h_436 f0_18 f0_157 -0.4 0.4 17.15 0 0 0 815 815
f1h_437 f0_61 f0_115 1.71 -1.71 15.85 0 0 0 815 815
f1h_438 f0_148 f0_183 4.43 -4.43 16.54 0 0 0 815 815
f1h_439 f0_45 f0_182 3.13 -3.13 16.25 0 0 0 815 815
f1h_440 f0_137 f0_149 -0.38 0.38 18.28 0 0 0 815 815
f1h_441 f0_108 f0_194 4.05 -4.05 15.03 0 0 0 815 815
f1h_442 f0_41 f0_167 0.2 -0.2 17.07 0 0 0 815 815
f1h_446 f0_78 f0_187 -1.46 1.46 16.44 0 0 0 815 815
f1h_447 f0_35 f0_199 1.02 -1.02 16.49 0 0 0 815 815
f1h_448 f0_159 f0_183 3.24 -3.24 15.81 0 0 0 815 815
f1h_449 f0_8 f0_176 -1.95 1.95 16.18 0 0 0 815 815
f1h_450 f0_71 f0_131 -0.72 0.72 17.37 0 0 0 815 815
f1h_451 f0_130 f0_136 -3.87 3.87 15.53 0 0 0 815 815
f1h_453 f0_18 f0_51 -1.93 1.93 15.93 0 0 0 815 815
f1h_455 f0_70 f0_101 -1.17 1.17 18.15 0 0 0 815 815
f1h_458 f0_29 f0_193 1.67 -1.67 18.1 0 0 0 815 815
f1h_459 f0_9 f0_31 -0.16 0.16 18.25 0 0 0 815 815
f1h_460 f0_92 f0_192 -3.17 3.17 18.31 0 0 0 815 815
f1h_462 f0_50 f0_56 -2.2 2.2 15.22 0 0 0 815 815
f1h_463 f0_9 f0_48 1 -1 17.84 0 0 0 815 815
f1h_464 f0_69 f0_164 0.1 -0.1 18.17 0 0 0 815 815
f1h_465 f0_54 f0_58 -2.92 2.92 17.42 0 0 0 815 815
f1h_466 f0_131 f0_195 2.41 -2.41 16.27 0 0 0 815 815
f1h_467 f0_3 f0_160 0.94 -0.94 19.27 0 0 0 815 815
f1h_468 f0_5 f0_169 -4.27 4.27 13.98 0 0 0 815 815
f1h_469 f0_63 f0_117 2.91 -2.91 17.53 0 0 0 815 815
f1h_470 f0_22 f0_187 -6.36 6.36 15.2 0 0 0 815 815
f1h_471 f0_96 f0_124 0.66 -0.66 17.26 0 0 0 815 815
f1h_472 f0_41 f0_54 -1.58 1.58 18.33 0 0 0 815 815
f1h_473 f0_118 f0_132 -1.29 1.29 16.93 0 0 0 815 815
f1h_477 f0_51 f0_196 4.79 -4.79 15.59 0 0 0 815 815
f1h_478 f0_45 f0_177 2.46 -2.46 16.54 0 0 0 815 815
f1h_479 f0_170 f0_195 -2.77 2.77 18.05 0 0 0 815 815
f1h_480 f0_78 f0_83 -1.86 1.86 16.27 0 0 0 815 815
f1h_482 f0_23 f0_89 -0.79 0.79 17.09 0 0 0 815 815
f1h_483 f0_19 f0_105 -1.34 1.34 16.83 0 0 0 815 815
f1h_484 f0_98 f0_142 1.67 -1.67 17.99 0 0 0 815 815
f1h_487 f0_17 f0_181 -0.21 0.21 18.23 0 0 0 815 815
f1h_489 f0_126 f0_170 3.9 -3.9 17.84 0 0 0 815 815
f1h_492 f0_8 f0_116 1.28 -1.28 16.45 0 0 0 815 815
f1h_493 f0_23 f0_132 -1.84 1.84 15.61 0 0 0 815 815
f1h_494 f0_88 f0_137 0.74 -0.74 18.5 0 0 0 815 815
f1h_495 f0_40 f0_176 0.4 -0.4 15.91 0 0 0 815 815
f1h_496 f0_71 f0_87 -4.22 4.22 16.89 0 0 0 815 815
f1h_497 f0_90 f0_103 0.37 -0.37 17.66 0 0 0 815 815
f1h_498 f0_80 f0_81 0.25 -0.25 18.72 0 0 0 815 815
f1h_499 f0_54 f0_80 0.31 -0.31 18.61 0 0 0 815 815
f1w_1 f0_850 f0_875 -1.42 1.42 16.71 0 0 0 815 815
f1w_3 f0_226 f0_230 -1.61 1.61 18.51 0 0 0 815 815
f1w_5 f0_442 f0_881 1.31 -1.31 18.13 0 0 0 815 815
f1w_6 f0_318 f0_560 4.98 -4.98 17.3 0 0 0 815 815
f1w_7 f0_246 f0_731 0.84 -0.84 18.19 0 0 0 815 815
f1w_8 f0_204 f0_244 -3.8 3.8 16.2 0 0 0 815 815
f1w_11 f0_242 f0_663 -2.92 2.92 15.66 0 0 0 815 815
f1w_15 f0_364 f0_413 -1 1 17.31 0 0 0 815 815
f1w_16 f0_625 f0_906 5 -5 15.79 0 0 0 815 815
f1w_17 f0_491 f0_908 -2.53 2.53 15.44 0 0 0 815 815
f1w_21 f0_294 f0_731 1.12 -1.12 19.69 0 0 0 815 815
f1w_24 f0_573 f0_970 -0.92 0.92 18.48 0 0 0 815 815
f1w_25 f0_754 f0_785 -3.76 3.76 18.27 0 0 0 815 815
f1w_26 f0_446 f0_499 0.9 -0.9 19.44 0 0 0 815 815
f1w_28 f0_774 f0_956 0.39 -0.39 18.9 0 0 0 815 815
f1w_29 f0_229 f0_917 -1.06 1.06 17.61 0 0 0 815 815
f1w_30 f0_713 f0_964 -0.36 0.36 17.69 0 0 0 815 815
f1w_32 f0_362 f0_511 -1.62 1.62 16.04 0 0 0 815 815
f1w_33 f0_381 f0_394 0.15 -0.15 19.89 0 0 0 815 815
f1w_35 f0_430 f0_559 -2.5 2.5 16.89 0 0 0 815 815
f1w_36 f0_387 f0_868 -0.6 0.6 19.2 0 0 0 815 815
f1w_38 f0_651 f0_655 -3.55 3.55 17.19 0 0 0 815 815
f1w_39 f0_429 f0_542 -0.38 0.38 15.97 0 0 0 815 815
f1w_40 f0_239 f0_465 0.67 -0.67 17.6 0 0 0 815 815
f1w_42 f0_353 f0_465 -1.4 1.4 17 0 0 0 815 815
f1w_44 f0_510 f0_692 -4.78 4.78 16.64 0 0 0 815 815
f1w_45 f0_797 f0_922 -1.03 1.03 16.78 0 0 0 815 815
f1w_47 f0_392 f0_558 0.24 -0.24 18.8 0 0 0 815 815
f1w_49 f0_219 f0_772 1.66 -1.66 18.71 0 0 0 815 815
f1w_51 f0_372 f0_481 -2.04 2.04 18.25 0 0 0 815 815
f1w_52 f0_330 f0_825 -1.29 1.29 17.39 0 0 0 815 815
f1w_53 f0_437 f0_527 -1.54 1.54 17.74 0 0 0 815 815
f1w_56 f0_238 f0_739 -1.28 1.28 16.91 0 0 0 815 815
f1w_59 f0_611 f0_652 2.26 -2.26 16.86 0 0 0 815 815
f1w_64 f0_239 f0_463 1.92 -1.92 18.47 0 0 0 815 815
f1w_65 f0_217 f0_302 -1.97 1.97 17.34 0 0 0 815 815
f1w_70 f0_306 f0_801 -0.33 0.33 17.4 0 0 0 815 815
f1w_71 f0_296 f0_561 -0.25 0.25 15.17 0 0 0 815 815
f1w_73 f0_203 f0_707 0.12 -0.12 16.31 0 0 0 815 815
f1w_75 f0_204 f0_517 -0.34 0.34 19.31 0 0 0 815 815
f1w_77 f0_205 f0_523 0.39 -0.39 17.94 0 0 0 815 815
f1w_79 f0_233 f0_754 -2.47 2.47 16.61 0 0 0 815 815
f1w_82 f0_261 f0_314 9.93 -9.93 14.77 0 0 0 815 815
f1w_83 f0_318 f0_502 -2.65 2.65 16.72 0 0 0 815 815
f1w_86 f0_271 f0_968 1.17 -1.17 16.78 0 0 0 815 815
f1w_90 f0_230 f0_246 0.18 -0.18 18.07 0 0 0 815 815
f1w_92 f0_482 f0_922 2.16 -2.16 17.67 0 0 0 815 815
f1w_95 f0_227 f0_332 -2.99 2.99 15.57 0 0 0 815 815
f1w_97 f0_644 f0_994 -1.97 1.97 16.92 0 0 0 815 815
f1w_98 f0_481 f0_534 0.98 -0.98 18.3 0 0 0 815 815
f1w_99 f0_293 f0_357 -1.26 1.26 16.65 0 0 0 815 815
f1w_101 f0_401 f0_876 -4.66 4.66 17.96 0 0 0 815 815
f1w_103 f0_505 f0_817 1.73 -1.73 16.95 0 0 0 815 815
f1w_105 f0_758 f0_876 4.17 -4.17 16.9 0 0 0 815 815
f1w_107 f0_528 f0_863 1.43 -1.43 17.26 0 0 0 815 815
f1w_109 f0_478 f0_764 4.54 -4.54 16.12 0 0 0 815 815
f1w_110 f0_318 f0_916 -2.97 2.97 14.4 0 0 0 815 815
f1w_111 f0_248 f0_354 -0.71 0.71 18.3 0 0 0 815 815
f1w_113 f0_251 f0_588 1.62 -1.62 18.81 0 0 0 815 815
f1w_115 f0_864 f0_989 0.8 -0.8 17.86 0 0 0 815 815
f1w_117 f0_400 f0_865 -1.17 1.17 19.23 0 0 0 815 815
f1w_121 f0_265 f0_479 -4.58 4.58 16.7 0 0 0 815 815
f1w_124 f0_414 f0_818 1.85 -1.85 16.7 0 0 0 815 815
f1w_126 f0_812 f0_919 1.1 -1.1 17.02 0 0 0 815 815
f1w_129 f0_252 f0_373 -3.38 3.38 14.41 0 0 0 815 815
f1w_130 f0_214 f0_810 1.85 -1.85 16.65 0 0 0 815 815
f1w_132 f0_220 f0_593 -0.02 0.02 18.53 0 0 0 815 815
f1w_135 f0_524 f0_581 -2.03 2.03 18.56 0 0 0 815 815
f1w_137 f0_456 f0_844 2.75 -2.75 17.21 0 0 0 815 815
f1w_139 f0_600 f0_899 1.74 -1.74 16.38 0 0 0 815 815
f1w_140 f0_599 f0_881 -1.23 1.23 17.66 0 0 0 815 815
f1w_141 f0_412 f0_762 -2.59 2.59 17.09 0 0 0 815 815
f1w_143 f0_591 f0_770 -3.01 3.01 16.76 0 0 0 815 815
f1w_144 f0_337 f0_535 -0.04 0.04 17.44 0 0 0 815 815
f1w_147 f0_492 f0_743 -3.92 3.92 16.37 0 0 0 815 815
f1w_148 f0_616 f0_882 0.77 -0.77 19.59 0 0 0 815 815
f1w_149 f0_271 f0_961 -1.04 1.04 18.83 0 0 0 815 815
f1w_150 f0_296 f0_630 3.06 -3.06 16.8 0 0 0 815 815
f1w_151 f0_226 f0_660 -0.91 0.91 16.64 0 0 0 815 815
f1w_152 f0_386 f0_834 -0.09 0.09 16.43 0 0 0 815 815
f1w_154 f0_251 f0_700 1.55 -1.55 18.11 0 0 0 815 815
f1w_155 f0_405 f0_514 0.78 -0.78 17 0 0 0 815 815
f1w_156 f0_355 f0_363 1.51 -1.51 17.44 0 0 0 815 815
f1w_159 f0_356 f0_581 -1.52 1.52 18.21 0 0 0 815 815
f1w_160 f0_397 f0_491 -1.9 1.9 18.71 0 0 0 815 815
f1w_161 f0_225 f0_916 0.06 -0.06 16.83 0 0 0 815 815
f1w_165 f0_507 f0_999 0.7 -0.7 17.51 0 0 0 815 815
f1w_168 f0_543 f0_715 -4.04 4.04 12.92 0 0 0 815 815
f1w_169 f0_626 f0_816 1.39 -1.39 16.97 0 0 0 815 815
f1w_173 f0_377 f0_511 -2.34 2.34 16.27 0 0 0 815 815
f1w_176 f0_311 f0_963 0.78 -0.78 19.11 0 0 0 815 815
f1w_177 f0_507 f0_916 -2.17 2.17 16.93 0 0 0 815 815
f1w_180 f0_480 f0_808 1.22 -1.22 17.29 0 0 0 815 815
f1w_181 f0_378 f0_427 1.27 -1.27 18.3 0 0 0 815 815
f1w_182 f0_449 f0_845 0.62 -0.62 17.1 0 0 0 815 815
f1w_184 f0_232 f0_924 1.58 -1.58 14.33 0 0 0 815 815
f1w_186 f0_827 f0_944 5.19 -5.19 14.24 0 0 0 815 815
f1w_187 f0_531 f0_687 1.54 -1.54 17.53 0 0 0 815 815
f1w_188 f0_584 f0_762 1.52 -1.52 19.32 0 0 0 815 815
f1w_190 f0_940 f0_969 -0.46 0.46 18.62 0 0 0 815 815
f1w_195 f0_743 f0_843 1.62 -1.62 17.63 0 0 0 815 815
f1w_196 f0_380 f0_566 -3.09 3.09 14.66 0 0 0 815 815
f1w_197 f0_286 f0_539 0.45 -0.45 17.17 0 0 0 815 815
f1w_198 f0_695 f0_940 -1.61 1.61 17.73 0 0 0 815 815
f1w_199 f0_341 f0_843 1.69 -1.69 15.72 0 0 0 815 815
f1w_200 f0_708 f0_872 -0.25 0.25 19.81 0 0 0 815 815
f1w_201 f0_660 f0_820 -3.05 3.05 16.11 0 0 0 815 815
f1w_202 f0_268 f0_269 -1.07 1.07 16.27 0 0 0 815 815
f1w_203 f0_375 f0_511 4.36 -4.36 16.67 0 0 0 815 815
f1w_205 f0_786 f0_878 4.22 -4.22 15.16 0 0 0 815 815
f1w_206 f0_213 f0_388 -3.11 3.11 17.27 0 0 0 815 815
f1w_207 f0_399 f0_824 -2.59 2.59 16.05 0 0 0 815 815
f1w_208 f0_680 f0_780 -1.49 1.49 16.23 0 0 0 815 815
f1w_211 f0_557 f0_885 6.3 -6.3 15.79 0 0 0 815 815
f1w_212 f0_269 f0_633 0.3 -0.3 16.97 0 0 0 815 815
f1w_213 f0_616 f0_868 -2.1 2.1 17.49 0 0 0 815 815
f1w_214 f0_583 f0_669 -2.25 2.25 15.55 0 0 0 815 815
f1w_215 f0_286 f0_348 0.28 -0.28 19.66 0 0 0 815 815
f1w_216 f0_657 f0_838 -1.72 1.72 18.62 0 0 0 815 815
f1w_217 f0_500 f0_626 2.68 -2.68 14.94 0 0 0 815 815
f1w_219 f0_542 f0_853 -1.39 1.39 15.78 0 0 0 815 815
f1w_220 f0_600 f0_872 0.01 -0.01 19.36 0 0 0 815 815
f1w_223 f0_622 f0_969 1.03 -1.03 17.04 0 0 0 815 815
f1w_224 f0_287 f0_382 -2.4 2.4 15.95 0 0 0 815 815
f1w_225 f0_235 f0_863 1.43 -1.43 21 0 0 0 815 815
f1w_226 f0_686 f0_713 -5.33 5.33 16.2 0 0 0 815 815
f1w_228 f0_628 f0_897 2.21 -2.21 17.66 0 0 0 815 815
f1w_231 f0_358 f0_714 -2.14 2.14 17.39 0 0 0 815 815
f1w_232 f0_243 f0_375 -1 1 17.74 0 0 0 815 815
f1w_234 f0_480 f0_520 -1.97 1.97 17.23 0 0 0 815 815
f1w_236 f0_832 f0_848 -0.11 0.11 18.61 0 0 0 815 815
f1w_237 f0_519 f0_906 2.2 -2.2 17.06 0 0 0 815 815
f1w_238 f0_492 f0_947 -0.16 0.16 19.49 0 0 0 815 815
f1w_240 f0_470 f0_980 1.59 -1.59 17.69 0 0 0 815 815
f1w_241 f0_762 f0_989 -0.92 0.92 17.26 0 0 0 815 815
f1w_243 f0_231 f0_538 -1.81 1.81 16.06 0 0 0 815 815
f1w_244 f0_206 f0_829 -0.86 0.86 19.19 0 0 0 815 815
f1w_245 f0_234 f0_575 -2.12 2.12 16.99 0 0 0 815 815
f1w_246 f0_946 f0_951 -0.26 0.26 16.55 0 0 0 815 815
f1w_247 f0_725 f0_891 -0.64 0.64 16.87 0 0 0 815 815
f1w_250 f0_371 f0_980 6.16 -6.16 15.05 0 0 0 815 815
f1w_252 f0_277 f0_769 -1.83 1.83 17.1 0 0 0 815 815
f1w_254 f0_205 f0_862 -0.97 0.97 18.18 0 0 0 815 815
f1w_255 f0_944 f0_950 -6.05 6.05 14.59 0 0 0 815 815
f1w_256 f0_393 f0_962 0.31 -0.31 17.49 0 0 0 815 815
f1w_257 f0_404 f0_867 1.07 -1.07 18.28 0 0 0 815 815
f1w_259 f0_210 f0_525 5.88 -5.88 15.59 0 0 0 815 815
f1w_263 f0_566 f0_787 2.75 -2.75 14.42 0 0 0 815 815
f1w_266 f0_287 f0_482 -2.18 2.18 17.92 0 0 0 815 815
f1w_267 f0_565 f0_884 -4.65 4.65 15.38 0 0 0 815 815
f1w_269 f0_369 f0_427 -2.53 2.53 17.63 0 0 0 815 815
f1w_270 f0_279 f0_616 -0.51 0.51 19.06 0 0 0 815 815
f1w_271 f0_600 f0_776 2.48 -2.48 16.06 0 0 0 815 815
f1w_272 f0_558 f0_676 -0.98 0.98 16.06 0 0 0 815 815
f1w_273 f0_657 f0_848 1.06 -1.06 18.9 0 0 0 815 815
f1w_274 f0_209 f0_611 -3.88 3.88 16.18 0 0 0 815 815
f1w_276 f0_477 f0_772 3.06 -3.06 18.39 0 0 0 815 815
f1w_277 f0_512 f0_718 -3.72 3.72 17.43 0 0 0 815 815
f1w_279 f0_341 f0_696 -0.46 0.46 16.79 0 0 0 815 815
f1w_280 f0_295 f0_944 1.67 -1.67 17.91 0 0 0 815 815
f1w_281 f0_609 f0_782 -0.69 0.69 14.97 0 0 0 815 815
f1w_282 f0_314 f0_879 -1.39 1.39 16.35 0 0 0 815 815
f1w_286 f0_243 f0_473 -0.65 0.65 18.51 0 0 0 815 815
f1w_287 f0_734 f0_1000 0.44 -0.44 16.97 0 0 0 815 815
f1w_288 f0_628 f0_701 -0.01 0.01 18.82 0 0 0 815 815
f1w_289 f0_660 f0_756 -3.09 3.09 17.66 0 0 0 815 815
f1w_290 f0_246 f0_784 -1.58 1.58 17.92 0 0 0 815 815
f1w_291 f0_553 f0_709 2.61 -2.61 17.21 0 0 0 815 815
f1w_292 f0_626 f0_801 0.66 -0.66 16.13 0 0 0 815 815
f1w_294 f0_708 f0_933 -3.6 3.6 17.67 0 0 0 815 815
f1w_295 f0_243 f0_848 -0.04 0.04 18.07 0 0 0 815 815
f1w_297 f0_557 f0_930 -4.38 4.38 16.19 0 0 0 815 815
f1w_299 f0_392 f0_495 -3.38 3.38 17.82 0 0 0 815 815
f1w_301 f0_626 f0_822 -0.08 0.08 17.88 0 0 0 815 815
f1w_303 f0_786 f0_873 3.22 -3.22 15.52 0 0 0 815 815
f1w_305 f0_510 f0_644 -4.89 4.89 16.08 0 0 0 815 815
f1w_308 f0_582 f0_731 1.82 -1.82 15.8 0 0 0 815 815
f1w_314 f0_559 f0_841 -1.97 1.97 16.19 0 0 0 815 815
f1w_316 f0_274 f0_771 -1.81 1.81 16.27 0 0 0 815 815
f1w_318 f0_644 f0_761 1.47 -1.47 18.71 0 0 0 815 815
f1w_320 f0_604 f0_910 -0.33 0.33 18.45 0 0 0 815 815
f1w_321 f0_364 f0_903 0.18 -0.18 18.41 0 0 0 815 815
f1w_323 f0_291 f0_444 3.23 -3.23 18.94 0 0 0 815 815
f1w_324 f0_695 f0_779 4.71 -4.71 17.34 0 0 0 815 815
f1w_325 f0_614 f0_779 -1.49 1.49 18.84 0 0 0 815 815
f1w_326 f0_213 f0_794 -4.3 4.3 17.59 0 0 0 815 815
f1w_327 f0_236 f0_911 -0.12 0.12 19.19 0 0 0 815 815
f1w_329 f0_345 f0_532 0.26 -0.26 19.28 0 0 0 815 815
f1w_331 f0_513 f0_640 0.1 -0.1 15.95 0 0 0 815 815
f1w_332 f0_598 f0_823 -0.59 0.59 17.92 0 0 0 815 815
f1w_333 f0_455 f0_952 -2.95 2.95 18.16 0 0 0 815 815
f1w_335 f0_518 f0_832 0.78 -0.78 19.92 0 0 0 815 815
f1w_336 f0_235 f0_299 -3.25 3.25 15.63 0 0 0 815 815
f1w_339 f0_642 f0_700 2.47 -2.47 15.57 0 0 0 815 815
f1w_340 f0_564 f0_887 0.73 -0.73 18.02 0 0 0 815 815
f1w_341 f0_385 f0_965 2.8 -2.8 16.95 0 0 0 815 815
f1w_342 f0_499 f0_594 -0.88 0.88 16.52 0 0 0 815 815
f1w_343 f0_459 f0_886 -0.61 0.61 19.17 0 0 0 815 815
f1w_345 f0_439 f0_805 -1.42 1.42 18.97 0 0 0 815 815
f1w_348 f0_312 f0_810 -0.56 0.56 17.66 0 0 0 815 815
f1w_350 f0_537 f0_922 0.34 -0.34 18.74 0 0 0 815 815
f1w_354 f0_696 f0_965 -2.09 2.09 17.1 0 0 0 815 815
f1w_355 f0_538 f0_840 3.86 -3.86 17.49 0 0 0 815 815
f1w_356 f0_295 f0_547 3.26 -3.26 17.05 0 0 0 815 815
f1w_358 f0_278 f0_601 3.42 -3.42 15.96 0 0 0 815 815
f1w_359 f0_208 f0_302 -1.3 1.3 16.49 0 0 0 815 815
f1w_360 f0_277 f0_278 0.8 -0.8 15.8 0 0 0 815 815
f1w_362 f0_439 f0_873 2.36 -2.36 17.59 0 0 0 815 815
f1w_363 f0_650 f0_692 -1.67 1.67 18.35 0 0 0 815 815
f1w_364 f0_290 f0_929 -0.5 0.5 18.63 0 0 0 815 815
f1w_367 f0_210 f0_262 -1.13 1.13 15.72 0 0 0 815 815
f1w_368 f0_426 f0_502 1.67 -1.67 18.63 0 0 0 815 815
f1w_370 f0_505 f0_842 1.12 -1.12 16.63 0 0 0 815 815
f1w_371 f0_645 f0_660 -0.4 0.4 18.35 0 0 0 815 815
f1w_372 f0_292 f0_977 1.31 -1.31 18.09 0 0 0 815 815
f1w_375 f0_422 f0_906 -1.09 1.09 17.68 0 0 0 815 815
f1w_379 f0_205 f0_532 -2.12 2.12 15.87 0 0 0 815 815
f1w_380 f0_371 f0_461 3.25 -3.25 15.34 0 0 0 815 815
f1w_384 f0_426 f0_913 0.87 -0.87 18.32 0 0 0 815 815
f1w_386 f0_210 f0_310 -0.96 0.96 16.48 0 0 0 815 815
f1w_390 f0_238 f0_528 -2.68 2.68 17.32 0 0 0 815 815
f1w_393 f0_419 f0_547 2.81 -2.81 16.89 0 0 0 815 815
f1w_395 f0_449 f0_986 -1.39 1.39 17.61 0 0 0 815 815
f1w_396 f0_772 f0_804 0.5 -0.5 17.84 0 0 0 815 815
f1w_398 f0_528 f0_685 -1.15 1.15 18.17 0 0 0 815 815
f1w_399 f0_666 f0_739 -1.36 1.36 18.61 0 0 0 815 815
f1w_401 f0_413 f0_800 0.56 -0.56 17.35 0 0 0 815 815
f1w_406 f0_248 f0_439 -3.02 3.02 18.89 0 0 0 815 815
f1w_407 f0_519 f0_620 4.59 -4.59 13.58 0 0 0 815 815
f1w_408 f0_537 f0_582 1.6 -1.6 15.88 0 0 0 815 815
f1w_409 f0_310 f0_687 2.26 -2.26 14.88 0 0 0 815 815
f1w_410 f0_663 f0_823 3.89 -3.89 14.02 0 0 0 815 815
f1w_414 f0_358 f0_666 3.56 -3.56 18.15 0 0 0 815 815
f1w_415 f0_581 f0_913 -1.47 1.47 17.28 0 0 0 815 815
f1w_416 f0_370 f0_641 2.44 -2.44 16.31 0 0 0 815 815
f1w_417 f0_518 f0_611 -0.59 0.59 17.8 0 0 0 815 815
f1w_418 f0_322 f0_646 -2.35 2.35 17.13 0 0 0 815 815
f1w_422 f0_670 f0_889 -1.63 1.63 16.02 0 0 0 815 815
f1w_424 f0_351 f0_966 0.3 -0.3 19.63 0 0 0 815 815
f1w_425 f0_281 f0_478 0.63 -0.63 17.03 0 0 0 815 815
f1w_426 f0_369 f0_671 -0.03 0.03 18.49 0 0 0 815 815
f1w_429 f0_458 f0_757 1.1 -1.1 17.26 0 0 0 815 815
f1w_432 f0_649 f0_848 2.41 -2.41 17.48 0 0 0 815 815
f1w_433 f0_450 f0_630 1.64 -1.64 16.4 0 0 0 815 815
f1w_435 f0_374 f0_566 -1.71 1.71 15.61 0 0 0 815 815
f1w_437 f0_565 f0_861 0.25 -0.25 18.51 0 0 0 815 815
f1w_438 f0_434 f0_984 3.96 -3.96 15.82 0 0 0 815 815
f1w_440 f0_601 f0_826 -3.96 3.96 16.64 0 0 0 815 815
f1w_442 f0_262 f0_889 -1.37 1.37 16 0 0 0 815 815
f1w_443 f0_392 f0_441 -1.16 1.16 18.95 0 0 0 815 815
f1w_444 f0_526 f0_630 2.31 -2.31 16.38 0 0 0 815 815
f1w_445 f0_740 f0_850 -3.4 3.4 16.02 0 0 0 815 815
f1w_449 f0_581 f0_655 0.19 -0.19 16.61 0 0 0 815 815
f1w_450 f0_437 f0_743 -2.68 2.68 16.73 0 0 0 815 815
f1w_453 f0_541 f0_814 -2.61 2.61 16.98 0 0 0 815 815
f1w_455 f0_518 f0_538 -0.27 0.27 17.28 0 0 0 815 815
f1w_457 f0_352 f0_791 -4.13 4.13 14.53 0 0 0 815 815
f1w_458 f0_208 f0_425 -0.87 0.87 18.54 0 0 0 815 815
f1w_459 f0_534 f0_918 -5.41 5.41 15.55 0 0 0 815 815
f1w_460 f0_754 f0_992 0.97 -0.97 17.51 0 0 0 815 815
f1w_462 f0_878 f0_900 1.43 -1.43 16.57 0 0 0 815 815
f1w_463 f0_762 f0_814 -0.07 0.07 20.13 0 0 0 815 815
f1w_466 f0_521 f0_550 -4.21 4.21 17 0 0 0 815 815
f1w_470 f0_414 f0_794 -3.97 3.97 17.27 0 0 0 815 815
f1w_471 f0_231 f0_362 -2.1 2.1 18.36 0 0 0 815 815
f1w_472 f0_539 f0_611 -1.45 1.45 16.22 0 0 0 815 815
f1w_473 f0_636 f0_777 1.99 -1.99 16.13 0 0 0 815 815
f1w_474 f0_456 f0_921 -0.62 0.62 16.02 0 0 0 815 815
f1w_476 f0_233 f0_268 4.34 -4.34 15.36 0 0 0 815 815
f1w_477 f0_354 f0_411 0.86 -0.86 18.01 0 0 0 815 815
f1w_478 f0_674 f0_721 0.08 -0.08 18.02 0 0 0 815 815
f1w_479 f0_612 f0_844 -3.58 3.58 16.79 0 0 0 815 815
f1w_481 f0_217 f0_699 -4.36 4.36 14.47 0 0 0 815 815
f1w_486 f0_532 f0_797 0.22 -0.22 17.12 0 0 0 815 815
f1w_488 f0_390 f0_948 0.54 -0.54 16.85 0 0 0 815 815
f1w_490 f0_384 f0_526 0.59 -0.59 16.67 0 0 0 815 815
f1w_491 f0_233 f0_961 2.77 -2.77 16.27 0 0 0 815 815
f1w_494 f0_255 f0_390 0.88 -0.88 17.9 0 0 0 815 815
f1w_495 f0_545 f0_917 -0.83 0.83 16.7 0 0 0 815 815
f1w_497 f0_373 f0_381 -1.5 1.5 17.53 0 0 0 815 815
f1w_498 f0_261 f0_463 2.77 -2.77 15.57 0 0 0 815 815
f1w_500 f0_227 f0_777 -1.25 1.25 16.91 0 0 0 815 815
f2_1 f1h_285 f1w_77 2.98 -2.98 16.98 0 0 0 815 815
f2_5 f1h_135 f1h_136 4.94 -4.94 16.02 0 0 0 815 815
f2_6 f1h_5 f1h_74 1.34 -1.34 17.33 0 0 0 815 815
f2_7 f1w_340 f1w_359 -0.45 0.45 17.12 0 0 0 815 815
f2_8 f1h_268 f1h_451 1.72 -1.72 18.07 0 0 0 815 815
f2_9 f1h_345 f1w_268 0.63 -0.63 17.01 0 0 0 815 815
f2_11 f1h_348 f1w_371 1.39 -1.39 18.01 0 0 0 815 815
f2_14 f1w_56 f1w_348 -0.67 0.67 17.23 0 0 0 815 815
f2_17 f1h_247 f1w_29 5.07 -5.07 12.87 0 0 0 815 815
f2_22 f1h_77 f1w_4 -2.89 2.89 17.09 0 0 0 815 815
f2_23 f1h_53 f1h_458 -3.25 3.25 16.17 0 0 0 815 815
f2_24 f1w_184 f1w_226 0.73 -0.73 18.01 0 0 0 815 815
f2_25 f1h_135 f1h_455 -1.48 1.48 17.52 0 0 0 815 815
f2_28 f1h_273 f1w_387 4.35 -4.35 17.16 0 0 0 815 815
f2_29 f1h_148 f1w_461 -0.52 0.52 17.37 0 0 0 815 815
f2_32 f1h_309 f1w_290 -1.11 1.11 15.26 0 0 0 815 815
f2_34 f1w_50 f1w_288 -3.99 3.99 16.27 0 0 0 815 815
f2_36 f1h_175 f1w_26 5.77 -5.77 16.61 0 0 0 815 815
f2_39 f1h_177 f1w_437 2.94 -2.94 15.97 0 0 0 815 815
f2_40 f1h_389 f1w_323 7.5 -7.5 15.16 0 0 0 815 815
f2_41 f1h_104 f1h_353 5.11 -5.11 13.43 0 0 0 815 815
f2_43 f1h_140 f1w_448 1.22 -1.22 17.05 0 0 0 815 815
f2_47 f1w_379 f1w_392 -0.91 0.91 16.65 0 0 0 815 815
f2_49 f1h_472 f1w_242 -1.77 1.77 15.72 0 0 0 815 815
f2_51 f1h_16 f1w_399 1.43 -1.43 16.06 0 0 0 815 815
f2_52 f1h_424 f1w_399 -0.43 0.43 14.59 0 0 0 815 815
f2_54 f1h_186 f1w_301 3.41 -3.41 15.81 0 0 0 815 815
f2_56 f1w_291 f1w_430 -2.93 2.93 15.76 0 0 0 815 815
f2_60 f1w_408 f1w_491 0.33 -0.33 19.54 0 0 0 815 815
f2_62 f1h_88 f1h_332 -0.29 0.29 18.24 0 0 0 815 815
f2_63 f1h_303 f1w_284 0.63 -0.63 16.28 0 0 0 815 815
f2_66 f1h_12 f1h_326 2.78 -2.78 17.72 0 0 0 815 815
f2_67 f1h_49 f1h_356 2.82 -2.82 17.72 0 0 0 815 815
f2_68 f1w_147 f1w_152 1.61 -1.61 18.27 0 0 0 815 815
f2_70 f1h_184 f1h_210 -0.03 0.03 17 0 0 0 815 815
f2_71 f1h_224 f1h_423 -1.39 1.39 18.43 0 0 0 815 815
f2_74 f1w_305 f1w_498 0.93 -0.93 18.86 0 0 0 815 815
f2_75 f1h_53 f1h_401 -2.09 2.09 17.34 0 0 0 815 815
f2_77 f1w_32 f1w_187 2.24 -2.24 15.95 0 0 0 815 815
f2_79 f1h_215 f1w_376 0.29 -0.29 17.14 0 0 0 815 815
f2_81 f1h_329 f1w_237 -0.21 0.21 17.13 0 0 0 815 815
f2_82 f1h_114 f1w_311 -2.52 2.52 16.24 0 0 0 815 815
f2_83 f1h_335 f1w_50 2.62 -2.62 17.83 0 0 0 815 815
f2_88 f1h_226 f1h_269 -3.57 3.57 17.33 0 0 0 815 815
f2_90 f1h_417 f1w_151 2.61 -2.61 18.87 0 0 0 815 815
f2_93 f1w_142 f1w_463 0.25 -0.25 19.24 0 0 0 815 815
f2_95 f1h_116 f1w_485 -1.95 1.95 16.6 0 0 0 815 815
f2_97 f1h_72 f1h_417 0.25 -0.25 18.65 0 0 0 815 815
f2_100 f1w_132 f1w_206 0.45 -0.45 18.5 0 0 0 815 815
f2_101 f1w_212 f1w_391 -2.99 2.99 16.39 0 0 0 815 815
f2_102 f1h_87 f1h_358 -1.19 1.19 17.99 0 0 0 815 815
f2_105 f1h_186 f1w_279 2.29 -2.29 15.8 0 0 0 815 815
f2_106 f1h_177 f1h_300 0.24 -0.24 16.39 0 0 0 815 815
f2_107 f1h_91 f1w_95 -3.09 3.09 17.95 0 0 0 815 815
f2_109 f1w_35 f1w_190 3.43 -3.43 17.35 0 0 0 815 815
f2_110 f1h_6 f1h_98 -1.24 1.24 17.91 0 0 0 815 815
f2_111 f1h_274 f1w_220 3.07 -3.07 16.86 0 0 0 815 815
f2_112 f1w_313 f1w_497 4.15 -4.15 14.79 0 0 0 815 815
f2_113 f1w_6 f1w_92 -0.55 0.55 17.72 0 0 0 815 815
f2_114 f1h_397 f1w_348 1.7 -1.7 19.41 0 0 0 815 815
f2_115 f1h_242 f1w_294 1.23 -1.23 18.27 0 0 0 815 815
f2_117 f1h_177 f1h_463 6.51 -6.51 14.24 0 0 0 815 815
f2_118 f1h_140 f1w_188 -0.96 0.96 16.6 0 0 0 815 815
f2_120 f1h_128 f1h_469 1.31 -1.31 17.78 0 0 0 815 815
f2_121 f1h_87 f1h_407 -3.53 3.53 16.33 0 0 0 815 815
f2_123 f1h_199 f1h_246 -1.89 1.89 17.58 0 0 0 815 815
f2_124 f1h_314 f1w_464 1.37 -1.37 17.59 0 0 0 815 815
f2_126 f1h_74 f1h_100 -0.42 0.42 17.38 0 0 0 815 815
f2_131 f1w_73 f1w_168 1.63 -1.63 15.72 0 0 0 815 815
f2_132 f1w_373 f1w_397 -1.08 1.08 17.98 0 0 0 815 815
f2_135 f1h_338 f1w_333 -1.7 1.7 16.09 0 0 0 815 815
f2_136 f1h_75 f1h_280 -2.84 2.84 17.05 0 0 0 815 815
f2_137 f1h_131 f1h_283 -0.88 0.88 16.98 0 0 0 815 815
f2_138 f1w_108 f1w_318 0.74 -0.74 17.89 0 0 0 815 815
f2_140 f1w_47 f1w_343 0.21 -0.21 18.61 0 0 0 815 815
f2_141 f1h_342 f1w_332 -1.28 1.28 16.44 0 0 0 815 815
f2_142 f1h_78 f1w_403 -1.25 1.25 17.45 0 0 0 815 815
f2_145 f1h_356 f1w_357 -1.37 1.37 17.74 0 0 0 815 815
f2_146 f1w_401 f1w_441 1.7 -1.7 17.28 0 0 0 815 815
f2_150 f1h_275 f1w_441 -0.53 0.53 19.9 0 0 0 815 815
f2_153 f1h_358 f1w_26 1.83 -1.83 19.03 0 0 0 815 815
f2_155 f1h_131 f1w_129 -0.63 0.63 18.19 0 0 0 815 815
f2_156 f1h_118 f1h_262 -2.77 2.77 15.88 0 0 0 815 815
f2_159 f1h_98 f1h_246 -2.49 2.49 16.68 0 0 0 815 815
f2_163 f1h_244 f1w_92 2.87 -2.87 16.87 0 0 0 815 815
f2_166 f1h_68 f1h_427 -0.87 0.87 17.03 0 0 0 815 815
f2_168 f1h_319 f1h_331 1.56 -1.56 17.4 0 0 0 815 815
f2_173 f1h_334 f1h_389 0.55 -0.55 18.55 0 0 0 815 815
f2_174 f1h_420 f1w_150 1.52 -1.52 14.71 0 0 0 815 815
f2_183 f1h_301 f1w_490 1.36 -1.36 16.48 0 0 0 815 815
f2_184 f1w_32 f1w_481 0.85 -0.85 17.98 0 0 0 815 815
f2_186 f1h_8 f1w_296 3.53 -3.53 16.37 0 0 0 815 815
f2_187 f1h_322 f1w_231 -1.07 1.07 16.64 0 0 0 815 815
f2_190 f1h_185 f1h_275 1.3 -1.3 23.53 0 0 0 815 815
f2_191 f1h_356 f1w_26 0.33 -0.33 18.43 0 0 0 815 815
f2_192 f1h_6 f1h_424 -2.38 2.38 15.72 0 0 0 815 815
f2_195 f1w_208 f1w_216 1.74 -1.74 19.35 0 0 0 815 815
f2_196 f1h_118 f1h_348 -5.58 5.58 14.35 0 0 0 815 815
f2_197 f1h_48 f1w_130 -0.26 0.26 17.4 0 0 0 815 815
f2_198 f1h_185 f1w_377 1.44 -1.44 17.16 0 0 0 815 815
f2_199 f1h_269 f1w_144 -0.17 0.17 17.81 0 0 0 815 815
f2_202 f1h_339 f1w_348 -0.08 0.08 18.7 0 0 0 815 815
f2_203 f1h_149 f1w_320 -0.04 0.04 16.9 0 0 0 815 815
f2_206 f1h_33 f1h_460 1.15 -1.15 18.69 0 0 0 815 815
f2_208 f1h_159 f1h_183 3.51 -3.51 17.08 0 0 0 815 815
f2_210 f1h_323 f1w_147 2.69 -2.69 17.31 0 0 0 815 815
f2_213 f1h_253 f1w_281 -2.83 2.83 16.92 0 0 0 815 815
f2_215 f1h_52 f1h_325 0.59 -0.59 16.77 0 0 0 815 815
f2_220 f1w_284 f1w_453 4.11 -4.11 16.66 0 0 0 815 815
f2_221 f1w_107 f1w_420 1.79 -1.79 17.09 0 0 0 815 815
f2_224 f1h_273 f1w_395 -2.24 2.24 16.61 0 0 0 815 815
f2_225 f1h_93 f1h_496 1.89 -1.89 17.46 0 0 0 815 815
f2_226 f1w_176 f1w_268 -5.77 5.77 13.06 0 0 0 815 815
f2_227 f1h_425 f1w_216 3.44 -3.44 17.7 0 0 0 815 815
f2_228 f1w_298 f1w_347 3.96 -3.96 15.03 0 0 0 815 815
f2_229 f1h_40 f1h_434 1.11 -1.11 17.61 0 0 0 815 815
f2_230 f1h_155 f1w_126 -4.34 4.34 16.66 0 0 0 815 815
f2_232 f1h_75 f1w_126 -0.19 0.19 18.27 0 0 0 815 815
f2_233 f1h_39 f1w_196 -0.38 0.38 18.3 0 0 0 815 815
f2_234 f1h_269 f1h_309 -0.78 0.78 17.8 0 0 0 815 815
f2_236 f1w_6 f1w_187 0.29 -0.29 18.27 0 0 0 815 815
f2_238 f1h_319 f1w_173 -0.82 0.82 18.5 0 0 0 815 815
f2_239 f1h_74 f1h_402 -0.41 0.41 17.26 0 0 0 815 815
f2_241 f1h_303 f1w_119 1.17 -1.17 16.68 0 0 0 815 815
f2_245 f1h_159 f1w_467 -0.62 0.62 16.95 0 0 0 815 815
f2_246 f1h_241 f1w_472 -1.68 1.68 15.37 0 0 0 815 815
f2_249 f1h_442 f1w_406 4.73 -4.73 16.7 0 0 0 815 815
f2_250 f1h_334 f1w_76 3.48 -3.48 16.07 0 0 0 815 815
f2_251 f1h_22 f1h_241 -1.54 1.54 15.81 0 0 0 815 815
f2_252 f1h_317 f1w_4 0.07 -0.07 18.99 0 0 0 815 815
f2_254 f1h_209 f1w_345 0.6 -0.6 15.99 0 0 0 815 815
f2_255 f1w_288 f1w_497 -1.44 1.44 18.09 0 0 0 815 815
f2_256 f1h_77 f1h_154 -0.27 0.27 17.3 0 0 0 815 815
f2_259 f1w_38 f1w_76 -2.05 2.05 16.91 0 0 0 815 815
f2_261 f1h_49 f1w_429 1.12 -1.12 17.18 0 0 0 815 815
f2_262 f1h_342 f1h_432 2.58 -2.58 17.36 0 0 0 815 815
f2_263 f1h_302 f1w_77 0.45 -0.45 16.43 0 0 0 815 815
f2_264 f1h_247 f1w_215 0.33 -0.33 17.02 0 0 0 815 815
f2_266 f1h_473 f1w_330 -2.1 2.1 14.19 0 0 0 815 815
f2_270 f1w_307 f1w_459 -1.48 1.48 18.43 0 0 0 815 815
f2_271 f1h_13 f1w_345 -0.98 0.98 15.87 0 0 0 815 815
f2_272 f1h_484 f1w_287 0.15 -0.15 19.86 0 0 0 815 815
f2_274 f1h_492 f1w_28 4.68 -4.68 15.22 0 0 0 815 815
f2_275 f1h_45 f1h_76 -0.63 0.63 19.03 0 0 0 815 815
f2_276 f1h_200 f1w_140 1.48 -1.48 17.61 0 0 0 815 815
f2_277 f1h_215 f1w_497 0.75 -0.75 15.56 0 0 0 815 815
f2_278 f1h_269 f1w_417 0.81 -0.81 16.92 0 0 0 815 815
f2_279 f1h_348 f1w_427 2.4 -2.4 17.53 0 0 0 815 815
f2_280 f1w_177 f1w_214 1.94 -1.94 16.17 0 0 0 815 815
f2_282 f1h_8 f1w_217 0.8 -0.8 17.34 0 0 0 815 815
f2_285 f1h_184 f1w_240 2.14 -2.14 16.62 0 0 0 815 815
f2_286 f1h_321 f1w_427 2.01 -2.01 17.38 0 0 0 815 815
f2_287 f1h_310 f1h_380 -0.93 0.93 17.33 0 0 0 815 815
f2_291 f1h_133 f1w_103 -4.26 4.26 15.67 0 0 0 815 815
f2_292 f1h_479 f1w_466 3.4 -3.4 17.15 0 0 0 815 815
f2_293 f1h_140 f1w_50 3.3 -3.3 17.61 0 0 0 815 815
f2_294 f1w_135 f1w_362 -0.78 0.78 17.72 0 0 0 815 815
f2_296 f1h_326 f1h_447 -2.3 2.3 16.87 0 0 0 815 815
f2_297 f1h_477 f1w_132 -3.62 3.62 15.04 0 0 0 815 815
f2_298 f1h_105 f1h_134 1.04 -1.04 18.02 0 0 0 815 815
f2_300 f1h_4 f1h_346 0.43 -0.43 16.18 0 0 0 815 815
f2_303 f1h_270 f1w_168 4.41 -4.41 13.73 0 0 0 815 815
f2_304 f1w_31 f1w_207 -0.14 0.14 19.13 0 0 0 815 815
f2_309 f1w_321 f1w_454 2.69 -2.69 17.71 0 0 0 815 815
f2_311 f1h_5 f1w_343 -0.87 0.87 16.9 0 0 0 815 815
f2_312 f1w_44 f1w_410 -5 5 15.4 0 0 0 815 815
f2_313 f1h_292 f1w_315 -0.99 0.99 19.05 0 0 0 815 815
f2_314 f1h_480 f1w_167 3.11 -3.11 14.87 0 0 0 815 815
f2_315 f1h_124 f1h_470 0.63 -0.63 17.37 0 0 0 815 815
f2_316 f1h_245 f1w_444 -1.57 1.57 16.89 0 0 0 815 815
f2_317 f1h_306 f1w_445 -6.65 6.65 16.11 0 0 0 815 815
f2_320 f1w_139 f1w_379 1.14 -1.14 17.3 0 0 0 815 815
f2_322 f1w_142 f1w_310 3.73 -3.73 17.96 0 0 0 815 815
f2_323 f1h_396 f1w_42 2.09 -2.09 18.12 0 0 0 815 815
f2_324 f1h_417 f1h_432 0.35 -0.35 18.84 0 0 0 815 815
f2_326 f1w_225 f1w_417 -2.69 2.69 18.56 0 0 0 815 815
f2_327 f1h_127 f1w_100 0.89 -0.89 18.05 0 0 0 815 815
f2_330 f1w_125 f1w_488 6.02 -6.02 13.77 0 0 0 815 815
f2_332 f1h_30 f1w_398 -0.98 0.98 18.93 0 0 0 815 815
f2_333 f1h_62 f1h_329 -0.33 0.33 16.87 0 0 0 815 815
f2_334 f1h_203 f1w_109 -4.31 4.31 15.22 0 0 0 815 815
f2_337 f1h_275 f1w_238 -2.52 2.52 19.6 0 0 0 815 815
f2_342 f1w_154 f1w_442 -0.89 0.89 16.31 0 0 0 815 815
f2_347 f1h_251 f1w_179 1.84 -1.84 16.85 0 0 0 815 815
f2_348 f1h_97 f1w_478 -3.61 3.61 18.17 0 0 0 815 815
f2_349 f1h_449 f1w_377 1.33 -1.33 15.75 0 0 0 815 815
f2_351 f1w_169 f1w_232 -1.27 1.27 17.59 0 0 0 815 815
f2_356 f1w_116 f1w_497 -3.24 3.24 17.79 0 0 0 815 815
f2_359 f1h_248 f1w_253 -2.55 2.55 17.33 0 0 0 815 815
f2_361 f1h_420 f1w_404 1.59 -1.59 15.59 0 0 0 815 815
f2_363 f1h_382 f1w_335 2.25 -2.25 16.57 0 0 0 815 815
f2_364 f1w_25 f1w_111 4.17 -4.17 14.84 0 0 0 815 815
f2_366 f1h_111 f1w_147 -1.26 1.26 17.4 0 0 0 815 815
f2_368 f1h_267 f1w_316 -0.85 0.85 15.25 0 0 0 815 815
f2_369 f1h_161 f1w_455 0.8 -0.8 16.02 0 0 0 815 815
f2_371 f1w_276 f1w_388 -0.14 0.14 18.64 0 0 0 815 815
f2_373 f1h_167 f1w_376 -0.2 0.2 18.48 0 0 0 815 815
f2_378 f1h_303 f1w_462 3.03 -3.03 14.17 0 0 0 815 815
f2_382 f1h_70 f1w_121 2.05 -2.05 17.19 0 0 0 815 815
f2_383 f1h_212 f1h_324 1.99 -1.99 18.41 0 0 0 815 815
f2_385 f1h_16 f1w_325 1.13 -1.13 17.61 0 0 0 815 815
f2_390 f1h_41 f1w_266 2.62 -2.62 16.82 0 0 0 815 815
f2_391 f1h_205 f1w_247 0.17 -0.17 18.66 0 0 0 815 815
f2_392 f1h_367 f1w_478 1.58 -1.58 18.06 0 0 0 815 815
f2_393 f1h_334 f1w_135 3.19 -3.19 16.72 0 0 0 815 815
f2_394 f1h_369 f1w_173 -0.25 0.25 18.24 0 0 0 815 815
f2_396 f1w_69 f1w_276 -2.33 2.33 16.5 0 0 0 815 815
f2_397 f1h_241 f1w_78 -0.17 0.17 18.86 0 0 0 815 815
f2_399 f1h_261 f1w_481 -0.01 0.01 16.27 0 0 0 815 815
f2_400 f1h_134 f1h_492 -7.94 7.94 13.46 0 0 0 815 815
f2_401 f1h_82 f1h_244 1.23 -1.23 16.85 0 0 0 815 815
f2_404 f1h_88 f1w_5 0.82 -0.82 17.26 0 0 0 815 815
f2_405 f1h_417 f1h_471 -0.72 0.72 16.6 0 0 0 815 815
f2_406 f1h_324 f1w_115 -0.61 0.61 17.54 0 0 0 815 815
f2_407 f1h_389 f1w_394 -0.93 0.93 15.93 0 0 0 815 815
f2_408 f1h_41 f1w_458 -0.08 0.08 18 0 0 0 815 815
f2_409 f1h_3 f1w_121 0.56 -0.56 16.88 0 0 0 815 815
f2_411 f1h_400 f1h_498 2.1 -2.1 17.67 0 0 0 815 815
f2_413 f1h_102 f1w_98 -1.56 1.56 17.08 0 0 0 815 815
f2_414 f1h_32 f1h_160 1.35 -1.35 16.36 0 0 0 815 815
f2_415 f1h_246 f1w_45 1.56 -1.56 14.89 0 0 0 815 815
f2_417 f1w_100 f1w_190 -2.42 2.42 16.48 0 0 0 815 815
f2_418 f1h_232 f1w_311 -1.58 1.58 16.01 0 0 0 815 815
f2_419 f1h_343 f1h_408 0.52 -0.52 19.88 0 0 0 815 815
f2_420 f1h_113 f1h_347 0.46 -0.46 18.31 0 0 0 815 815
f2_421 f1h_108 f1w_484 -1.29 1.29 17.88 0 0 0 815 815
f2_423 f1w_160 f1w_320 0.22 -0.22 18.67 0 0 0 815 815
f2_425 f1h_239 f1w_4 0.33 -0.33 19.5 0 0 0 815 815
f2_426 f1w_113 f1w_296 -2.06 2.06 17.57 0 0 0 815 815
f2_432 f1w_59 f1w_122 0.17 -0.17 17.99 0 0 0 815 815
f2_433 f1h_30 f1h_288 2.35 -2.35 18.43 0 0 0 815 815
f2_437 f1w_15 f1w_470 3.43 -3.43 18.2 0 0 0 815 815
f2_447 f1h_41 f1h_360 -0.98 0.98 17.65 0 0 0 815 815
f2_448 f1h_48 f1w_255 -1.3 1.3 18.69 0 0 0 815 815
f2_451 f1h_154 f1w_267 -1.64 1.64 15.28 0 0 0 815 815
f2_452 f1h_441 f1w_75 3.17 -3.17 15.7 0 0 0 815 815
f2_454 f1w_155 f1w_195 1.22 -1.22 16.73 0 0 0 815 815
f2_457 f1h_195 f1h_419 4.35 -4.35 15.42 0 0 0 815 815
f2_459 f1w_254 f1w_364 2.1 -2.1 15.29 0 0 0 815 815
f2_461 f1h_161 f1w_29 1.85 -1.85 16.73 0 0 0 815 815
f2_462 f1h_166 f1w_150 -0.78 0.78 18.49 0 0 0 815 815
f2_464 f1h_42 f1w_213 -2.13 2.13 16.08 0 0 0 815 815
f2_465 f1h_183 f1h_221 -4.32 4.32 15.85 0 0 0 815 815
f2_473 f1h_227 f1h_492 -1.27 1.27 15.25 0 0 0 815 815
f2_476 f1h_24 f1h_483 2 -2 25.1 0 0 0 815 815
f2_478 f1h_52 f1w_211 -2.06 2.06 17.56 0 0 0 815 815
f2_479 f1h_404 f1w_497 -2.81 2.81 15.91 0 0 0 815 815
f2_480 f1w_39 f1w_191 -0.84 0.84 16.25 0 0 0 815 815
f2_482 f1h_285 f1w_367 -0.62 0.62 19 0 0 0 815 815
f2_483 f1h_88 f1w_41 -0.49 0.49 18.77 0 0 0 815 815
f2_484 f1h_171 f1h_216 -3.46 3.46 16.94 0 0 0 815 815
f2_485 f1h_380 f1w_441 1.25 -1.25 18.3 0 0 0 815 815
f2_490 f1w_226 f1w_373 -0.69 0.69 17.95 0 0 0 815 815
f2_491 f1h_189 f1w_209 -0.57 0.57 16.89 0 0 0 815 815
f2_492 f1h_489 f1w_323 -1.16 1.16 18.22 0 0 0 815 815
f2_494 f1w_48 f1w_270 -1.22 1.22 18.07 0 0 0 815 815
f2_495 f1h_429 f1w_70 -1.75 1.75 17.47 0 0 0 815 815
f2_497 f1h_171 f1w_398 -0.16 0.16 16.77 0 0 0 815 815
f2_498 f1h_358 f1w_457 -3.12 3.12 13.68 0 0 0 815 815
f2_499 f1w_121 f1w_226 -1.45 1.45 17.77 0 0 0 815 815
f2_502 f1h_449 f1w_339 5.19 -5.19 14.27 0 0 0 815 815
f2_504 f1h_182 f1w_49 3.83 -3.83 16.68 0 0 0 815 815
f2_506 f1h_197 f1w_151 0.62 -0.62 18.51 0 0 0 815 815
f2_509 f1h_271 f1w_267 -4.41 4.41 16.35 0 0 0 815 815
f2_510 f1h_91 f1w_371 -1.33 1.33 18.33 0 0 0 815 815
f2_511 f1w_110 f1w_232 -0.3 0.3 17.11 0 0 0 815 815
f2_514 f1h_334 f1w_440 3.52 -3.52 17.37 0 0 0 815 815
f2_515 f1h_425 f1w_367 -1.56 1.56 17.29 0 0 0 815 815
f2_516 f1h_42 f1h_184 -0.78 0.78 17.69 0 0 0 815 815
f2_517 f1h_428 f1w_460 -4.43 4.43 15.84 0 0 0 815 815
f2_518 f1h_56 f1w_344 -1.93 1.93 18.35 0 0 0 815 815
f2_519 f1h_17 f1h_28 -3.3 3.3 17.58 0 0 0 815 815
f2_522 f1w_196 f1w_245 1.37 -1.37 17.19 0 0 0 815 815
f2_526 f1h_409 f1w_201 -0.93 0.93 20.04 0 0 0 815 815
f2_527 f1h_136 f1w_328 -1.02 1.02 16.52 0 0 0 815 815
f2_528 f1h_260 f1w_298 -2.06 2.06 14.33 0 0 0 815 815
f2_530 f1w_151 f1w_471 -0.25 0.25 21.06 0 0 0 815 815
f2_532 f1h_147 f1h_254 0.38 -0.38 16.01 0 0 0 815 815
f2_533 f1h_210 f1h_329 -0.18 0.18 16.69 0 0 0 815 815
f2_534 f1h_38 f1h_217 0.14 -0.14 18.45 0 0 0 815 815
f2_537 f1h_149 f1w_417 3.22 -3.22 18.07 0 0 0 815 815
f2_538 f1h_14 f1h_347 -0.34 0.34 17.27 0 0 0 815 815
f2_540 f1h_150 f1w_13 -1.12 1.12 18.6 0 0 0 815 815
f2_542 f1h_158 f1w_213 -3.08 3.08 17.92 0 0 0 815 815
f2_548 f1h_90 f1h_417 2.27 -2.27 16.11 0 0 0 815 815
f2_550 f1h_376 f1w_199 2.34 -2.34 17 0 0 0 815 815
f2_551 f1w_36 f1w_475 -4.15 4.15 16.66 0 0 0 815 815
f2_553 f1h_256 f1w_215 0.37 -0.37 18.66 0 0 0 815 815
f2_560 f1h_262 f1h_440 -0.39 0.39 18.06 0 0 0 815 815
f2_561 f1h_434 f1w_421 0.45 -0.45 16.99 0 0 0 815 815
f2_562 f1h_334 f1w_33 3.77 -3.77 15.03 0 0 0 815 815
f2_564 f1h_368 f1w_424 2.82 -2.82 18.25 0 0 0 815 815
f2_566 f1h_223 f1w_435 2.17 -2.17 14.41 0 0 0 815 815
f2_568 f1h_89 f1w_118 -0.58 0.58 18.1 0 0 0 815 815
f2_569 f1w_98 f1w_314 -4 4 14.09 0 0 0 815 815
f2_570 f1h_159 f1w_86 -0.25 0.25 16.86 0 0 0 815 815
f2_574 f1h_195 f1w_45 -1.16 1.16 17.59 0 0 0 815 815
f2_575 f1h_378 f1w_155 0.53 -0.53 15.81 0 0 0 815 815
f2_577 f1h_348 f1w_139 -1.05 1.05 16.42 0 0 0 815 815
f2_578 f1w_33 f1w_484 -0.86 0.86 19.28 0 0 0 815 815
f2_581 f1h_216 f1h_409 1.25 -1.25 18.86 0 0 0 815 815
f2_582 f1h_194 f1w_270 -2.7 2.7 16.1 0 0 0 815 815
f2_583 f1h_99 f1w_451 7.31 -7.31 15.13 0 0 0 815 815
f2_586 f1h_266 f1w_367 -2.17 2.17 18.14 0 0 0 815 815
f2_589 f1h_49 f1h_180 0.46 -0.46 17.33 0 0 0 815 815
f2_590 f1w_254 f1w_276 -1.11 1.11 16.76 0 0 0 815 815
f2_595 f1h_120 f1w_171 -2.5 2.5 17.09 0 0 0 815 815
f2_596 f1w_65 f1w_182 0.68 -0.68 19.02 0 0 0 815 815
f2_598 f1h_312 f1w_103 0.57 -0.57 17.79 0 0 0 815 815
f2_602 f1h_30 f1h_432 2.44 -2.44 16.65 0 0 0 815 815
f2_603 f1h_131 f1w_475 -1.81 1.81 17.22 0 0 0 815 815
f2_604 f1h_418 f1w_259 0.88 -0.88 19.38 0 0 0 815 815
f2_606 f1h_45 f1h_368 -0.74 0.74 17.79 0 0 0 815 815
f2_607 f1h_4 f1w_314 -1.54 1.54 17.89 0 0 0 815 815
f2_609 f1h_410 f1w_225 0.52 -0.52 20.21 0 0 0 815 815
f2_610 f1w_59 f1w_401 -1.87 1.87 17.09 0 0 0 815 815
f2_611 f1w_65 f1w_292 2.09 -2.09 16.75 0 0 0 815 815
f2_612 f1h_81 f1w_398 1.22 -1.22 16.79 0 0 0 815 815
f2_613 f1h_210 f1w_176 0.33 -0.33 17.1 0 0 0 815 815
f2_614 f1h_374 f1w_203 3.27 -3.27 16.1 0 0 0 815 815
f2_615 f1h_141 f1h_183 3.69 -3.69 16.63 0 0 0 815 815
f2_616 f1h_370 f1w_481 1.86 -1.86 16.99 0 0 0 815 815
f2_618 f1h_378 f1w_86 0.49 -0.49 17.96 0 0 0 815 815
f2_622 f1h_90 f1w_316 1.45 -1.45 16.59 0 0 0 815 815
f2_625 f1h_254 f1w_198 -1.14 1.14 16.7 0 0 0 815 815
f2_626 f1w_69 f1w_475 0.34 -0.34 17.73 0 0 0 815 815
f2_627 f1w_371 f1w_402 0.31 -0.31 17.46 0 0 0 815 815
f2_628 f1h_276 f1h_408 1.65 -1.65 17.36 0 0 0 815 815
f2_630 f1h_495 f1w_71 1.34 -1.34 18.02 0 0 0 815 815
f2_632 f1h_38 f1h_58 0.32 -0.32 18.71 0 0 0 815 815
f2_634 f1h_70 f1w_431 1.59 -1.59 18.84 0 0 0 815 815
f2_635 f1h_154 f1h_223 -0.59 0.59 18.48 0 0 0 815 815
f2_637 f1h_236 f1w_242 -2.03 2.03 15.77 0 0 0 815 815
f2_641 f1h_404 f1w_364 -0.49 0.49 18.72 0 0 0 815 815
f2_642 f1h_206 f1w_49 2.83 -2.83 17.5 0 0 0 815 815
f2_643 f1h_388 f1w_472 1.11 -1.11 16.79 0 0 0 815 815
f2_645 f1h_79 f1h_430 7.1 -7.1 14.46 0 0 0 815 815
f2_650 f1w_252 f1w_450 2.21 -2.21 17.99 0 0 0 815 815
f2_654 f1h_381 f1w_286 -2.79 2.79 15.43 0 0 0 815 815
f2_658 f1w_301 f1w_471 -1.15 1.15 17.19 0 0 0 815 815
f2_661 f1h_395 f1w_172 -3.48 3.48 15.12 0 0 0 815 815
f2_662 f1h_437 f1w_256 3.63 -3.63 16.47 0 0 0 815 815
f2_663 f1h_24 f1w_425 0.42 -0.42 17.94 0 0 0 815 815
f2_670 f1h_78 f1h_471 -1.21 1.21 19.18 0 0 0 815 815
f2_675 f1h_138 f1h_333 2.35 -2.35 17.13 0 0 0 815 815
f2_679 f1h_78 f1w_325 -2.64 2.64 18.53 0 0 0 815 815
f2_681 f1h_466 f1w_395 -0.39 0.39 18.1 0 0 0 815 815
f2_682 f1h_90 f1w_284 0.18 -0.18 18.41 0 0 0 815 815
f2_685 f1w_70 f1w_147 0.81 -0.81 17.38 0 0 0 815 815
f2_688 f1h_293 f1h_432 1.12 -1.12 18.22 0 0 0 815 815
f2_690 f1h_216 f1w_282 -0.63 0.63 17.38 0 0 0 815 815
f2_691 f1h_411 f1w_200 -1.7 1.7 17.5 0 0 0 815 815
f2_693 f1h_106 f1w_223 -0.11 0.11 17.96 0 0 0 815 815
f2_696 f1h_396 f1w_333 4.72 -4.72 15.12 0 0 0 815 815
f2_697 f1h_74 f1h_395 2.04 -2.04 18.16 0 0 0 815 815
f2_699 f1w_244 f1w_497 -0.43 0.43 17.15 0 0 0 815 815
f2_703 f1h_269 f1h_321 2.57 -2.57 16.93 0 0 0 815 815
f2_705 f1w_214 f1w_420 -2.25 2.25 15.04 0 0 0 815 815
f2_706 f1h_177 f1h_367 4.27 -4.27 17.14 0 0 0 815 815
f2_707 f1w_101 f1w_291 0.42 -0.42 18.64 0 0 0 815 815
f2_710 f1h_209 f1w_252 4.42 -4.42 15.75 0 0 0 815 815
f2_711 f1w_390 f1w_426 -0.05 0.05 17.05 0 0 0 815 815
f2_713 f1w_100 f1w_144 -1.63 1.63 17.92 0 0 0 815 815
f2_714 f1w_360 f1w_465 -3.83 3.83 14.98 0 0 0 815 815
f2_718 f1h_17 f1h_469 -1.94 1.94 17.81 0 0 0 815 815
f2_723 f1w_178 f1w_207 1.89 -1.89 16.18 0 0 0 815 815
f2_726 f1h_4 f1h_383 -2.59 2.59 15.47 0 0 0 815 815
f2_727 f1h_438 f1w_151 -1.38 1.38 19.48 0 0 0 815 815
f2_732 f1h_10 f1h_360 -0.55 0.55 19.26 0 0 0 815 815
f2_734 f1w_199 f1w_422 -2.27 2.27 17.57 0 0 0 815 815
f2_738 f1h_85 f1h_100 -0.61 0.61 18.49 0 0 0 815 815
f2_739 f1w_41 f1w_344 -0.55 0.55 15.82 0 0 0 815 815
f2_740 f1h_440 f1w_287 -2.26 2.26 15.79 0 0 0 815 815
f2_741 f1h_178 f1w_6 -0.55 0.55 20.17 0 0 0 815 815
f2_742 f1h_483 f1w_418 -4.81 4.81 16.01 0 0 0 815 815
f2_743 f1h_32 f1w_422 0.76 -0.76 18.03 0 0 0 815 815
f2_744 f1w_340 f1w_379 -1.38 1.38 16.77 0 0 0 815 815
f2_747 f1h_24 f1w_453 -0.35 0.35 18.36 0 0 0 815 815
f2_748 f1h_93 f1h_277 2.4 -2.4 17.68 0 0 0 815 815
f2_749 f1h_111 f1h_352 0.27 -0.27 17.27 0 0 0 815 815
f2_753 f1h_366 f1w_13 -2.34 2.34 17.01 0 0 0 815 815
f2_754 f1h_279 f1h_420 -4.59 4.59 16.61 0 0 0 815 815
f2_755 f1h_167 f1w_491 4.32 -4.32 15.37 0 0 0 815 815
f2_756 f1h_329 f1w_487 -0.26 0.26 16.17 0 0 0 815 815
f2_757 f1h_118 f1w_440 3.78 -3.78 17.45 0 0 0 815 815
f2_761 f1h_366 f1h_498 1.83 -1.83 17.31 0 0 0 815 815
f2_762 f1h_212 f1h_463 -2.8 2.8 17.08 0 0 0 815 815
f2_765 f1h_102 f1w_461 -0.84 0.84 18.57 0 0 0 815 815
f2_766 f1h_442 f1w_99 1.98 -1.98 18.2 0 0 0 815 815
f2_770 f1h_342 f1w_372 2.41 -2.41 16.94 0 0 0 815 815
f2_772 f1w_119 f1w_490 -2.19 2.19 16.12 0 0 0 815 815
f2_774 f1h_322 f1w_404 1.02 -1.02 20.15 0 0 0 815 815
f2_776 f1h_218 f1h_318 -2.19 2.19 16.53 0 0 0 815 815
f2_779 f1w_228 f1w_299 0.32 -0.32 19.2 0 0 0 815 815
f2_780 f1h_99 f1w_417 3.38 -3.38 16.7 0 0 0 815 815
f2_784 f1h_489 f1w_243 -1.94 1.94 17.4 0 0 0 815 815
f2_785 f1w_178 f1w_404 0.89 -0.89 17.14 0 0 0 815 815
f2_786 f1h_68 f1h_416 0.8 -0.8 17.15 0 0 0 815 815
f2_787 f1w_209 f1w_368 1.42 -1.42 17.7 0 0 0 815 815
f2_790 f1h_223 f1w_227 0.19 -0.19 17.68 0 0 0 815 815
f2_793 f1h_262 f1w_303 -0.6 0.6 16.34 0 0 0 815 815
f2_795 f1h_158 f1w_417 3.2 -3.2 17.17 0 0 0 815 815
f2_798 f1h_45 f1w_100 4.56 -4.56 16.33 0 0 0 815 815
f2_799 f1h_416 f1w_256 -0.87 0.87 18.28 0 0 0 815 815
f2_801 f1w_140 f1w_282 -0.88 0.88 17.53 0 0 0 815 815
f2_802 f1h_232 f1h_362 2.9 -2.9 17.72 0 0 0 815 815
f2_807 f1h_51 f1h_459 -0.42 0.42 16.58 0 0 0 815 815
f2_808 f1h_484 f1w_141 1.07 -1.07 17.64 0 0 0 815 815
f2_809 f1h_465 f1w_121 1.46 -1.46 17.44 0 0 0 815 815
f2_810 f1h_221 f1h_294 3.94 -3.94 16.82 0 0 0 815 815
f2_811 f1w_342 f1w_442 -0.5 0.5 17.89 0 0 0 815 815
f2_812 f1h_417 f1h_464 -0.19 0.19 18.09 0 0 0 815 815
f2_814 f1h_313 f1w_384 0.4 -0.4 15.81 0 0 0 815 815
f2_823 f1h_298 f1w_230 1.32 -1.32 16.83 0 0 0 815 815
f2_824 f1h_430 f1w_8 -1.57 1.57 18.33 0 0 0 815 815
f2_825 f1w_113 f1w_257 -1.4 1.4 18.19 0 0 0 815 815
f2_827 f1w_223 f1w_236 -0.6 0.6 18.74 0 0 0 815 815
f2_829 f1h_252 f1h_420 -0.17 0.17 17.22 0 0 0 815 815
f2_830 f1h_134 f1w_38 1.25 -1.25 18.47 0 0 0 815 815
f2_831 f1w_215 f1w_297 -1.49 1.49 17.86 0 0 0 815 815
f2_832 f1h_51 f1w_103 -3.11 3.11 18.34 0 0 0 815 815
f2_834 f1h_89 f1w_454 -1.94 1.94 17.54 0 0 0 815 815
f2_837 f1h_163 f1h_314 0.79 -0.79 18.86 0 0 0 815 815
f2_839 f1h_147 f1w_288 2.93 -2.93 15.38 0 0 0 815 815
f2_840 f1h_79 f1w_362 6.06 -6.06 15.81 0 0 0 815 815
f2_842 f1h_226 f1w_497 -3.79 3.79 15.68 0 0 0 815 815
f2_846 f1h_79 f1w_161 3.87 -3.87 15.4 0 0 0 815 815
f2_849 f1h_38 f1w_472 0.91 -0.91 16.63 0 0 0 815 815
f2_850 f1h_55 f1w_38 -2.72 2.72 17.24 0 0 0 815 815
f2_851 f1h_487 f1w_214 1.06 -1.06 18.16 0 0 0 815 815
f2_853 f1w_189 f1w_206 0.5 -0.5 18.4 0 0 0 815 815
f2_854 f1h_94 f1w_166 -3.65 3.65 14.62 0 0 0 815 815
f2_856 f1h_341 f1h_395 -2.28 2.28 22.15 0 0 0 815 815
f2_859 f1h_417 f1w_281 -1.04 1.04 17.42 0 0 0 815 815
f2_860 f1h_270 f1w_172 1.14 -1.14 15.41 0 0 0 815 815
f2_861 f1h_47 f1w_200 -0.48 0.48 17.07 0 0 0 815 815
f2_862 f1h_149 f1h_199 1.93 -1.93 18.69 0 0 0 815 815
f2_863 f1h_309 f1w_487 -0.67 0.67 17.1 0 0 0 815 815
f2_865 f1h_450 f1w_198 -3.65 3.65 16.76 0 0 0 815 815
f2_866 f1h_59 f1h_202 -3.5 3.5 15.35 0 0 0 815 815
f2_868 f1h_441 f1w_103 -0.75 0.75 17.51 0 0 0 815 815
f2_870 f1w_181 f1w_184 -0.46 0.46 17.84 0 0 0 815 815
f2_872 f1w_73 f1w_427 1.79 -1.79 16.49 0 0 0 815 815
f2_875 f1h_478 f1w_98 0.12 -0.12 18.44 0 0 0 815 815
f2_881 f1h_195 f1h_367 -5.91 5.91 14.46 0 0 0 815 815
f2_882 f1h_467 f1w_196 -1.75 1.75 16.14 0 0 0 815 815
f2_884 f1h_198 f1w_358 0.37 -0.37 17.98 0 0 0 815 815
f2_887 f1h_138 f1w_465 0.52 -0.52 19.13 0 0 0 815 815
f2_890 f1w_132 f1w_372 -2.66 2.66 16.44 0 0 0 815 815
f2_892 f1h_283 f1h_347 -0.3 0.3 19.58 0 0 0 815 815
f2_895 f1w_270 f1w_470 1.2 -1.2 17.96 0 0 0 815 815
f2_896 f1h_240 f1w_408 0.55 -0.55 18.16 0 0 0 815 815
f2_898 f1h_281 f1w_442 -3.47 3.47 14.54 0 0 0 815 815
f2_899 f1h_207 f1w_290 0.3 -0.3 17.27 0 0 0 815 815
f2_901 f1h_288 f1w_48 2.03 -2.03 16.5 0 0 0 815 815
f2_902 f1h_17 f1w_485 -0.99 0.99 17.15 0 0 0 815 815
f2_907 f1w_187 f1w_363 -3.11 3.11 16.55 0 0 0 815 815
f2_908 f1h_374 f1w_247 -0.95 0.95 19.78 0 0 0 815 815
f2_911 f1w_431 f1w_500 -0.51 0.51 17.1 0 0 0 815 815
f2_912 f1h_38 f1w_408 1.04 -1.04 17.82 0 0 0 815 815
f2_914 f1h_321 f1w_478 -0.4 0.4 18.79 0 0 0 815 815
f2_916 f1h_90 f1h_91 -0.05 0.05 18.8 0 0 0 815 815
f2_918 f1h_305 f1w_143 -1.55 1.55 16.66 0 0 0 815 815
f2_921 f1h_381 f1w_69 -0.53 0.53 19.08 0 0 0 815 815
f2_922 f1h_166 f1w_142 1.83 -1.83 15.65 0 0 0 815 815
f2_924 f1h_167 f1w_218 -5.15 5.15 13.97 0 0 0 815 815
f2_927 f1h_139 f1h_266 2.81 -2.81 15.66 0 0 0 815 815
f2_928 f1h_319 f1w_346 -3.31 3.31 16.94 0 0 0 815 815
f2_929 f1h_39 f1h_124 -1.16 1.16 16.93 0 0 0 815 815
f2_930 f1w_404 f1w_487 -1.83 1.83 15.07 0 0 0 815 815
f2_932 f1h_429 f1w_44 -0.2 0.2 19.37 0 0 0 815 815
f2_933 f1h_256 f1w_500 -1.86 1.86 18.06 0 0 0 815 815
f2_936 f1w_311 f1w_475 0.91 -0.91 16.43 0 0 0 815 815
f2_938 f1w_343 f1w_370 -0.42 0.42 17.15 0 0 0 815 815
f2_940 f1w_105 f1w_191 -1.64 1.64 16.46 0 0 0 815 815
f2_943 f1h_252 f1w_176 2.16 -2.16 15.55 0 0 0 815 815
f2_947 f1h_427 f1h_460 2.88 -2.88 16.51 0 0 0 815 815
f2_948 f1h_85 f1h_276 -3.12 3.12 16.96 0 0 0 815 815
f2_949 f1h_315 f1w_172 0.91 -0.91 17.22 0 0 0 815 815
f2_953 f1w_159 f1w_279 -1.17 1.17 19.86 0 0 0 815 815
f2_955 f1h_280 f1w_109 5.1 -5.1 17.3 0 0 0 815 815
f2_956 f1h_406 f1w_290 -0.87 0.87 17.9 0 0 0 815 815
f2_957 f1h_355 f1h_374 -1.45 1.45 17.73 0 0 0 815 815
f2_958 f1w_142 f1w_385 1.64 -1.64 17.27 0 0 0 815 815
f2_959 f1w_170 f1w_282 2.27 -2.27 17.39 0 0 0 815 815
f2_960 f1h_409 f1w_196 -0.73 0.73 16.33 0 0 0 815 815
f2_961 f1w_270 f1w_403 0.77 -0.77 16.96 0 0 0 815 815
f2_964 f1h_160 f1w_413 0.37 -0.37 16.27 0 0 0 815 815
f2_969 f1h_411 f1w_32 0.09 -0.09 14.35 0 0 0 815 815
f2_970 f1h_142 f1w_181 -1.44 1.44 16.23 0 0 0 815 815
f2_971 f1w_116 f1w_135 0.55 -0.55 18.54 0 0 0 815 815
f2_975 f1h_306 f1w_152 -1.03 1.03 18.66 0 0 0 815 815
f2_976 f1h_25 f1w_287 -0.85 0.85 17.66 0 0 0 815 815
f2_977 f1h_175 f1h_467 1.04 -1.04 17.25 0 0 0 815 815
f2_979 f1h_64 f1w_466 2.13 -2.13 17.42 0 0 0 815 815
f2_981 f1w_91 f1w_443 2.02 -2.02 17.05 0 0 0 815 815
f2_984 f1h_215 f1w_372 2.22 -2.22 14.9 0 0 0 815 815
f2_986 f1h_188 f1w_121 1.55 -1.55 17.34 0 0 0 815 815
f2_987 f1w_5 f1w_212 0.96 -0.96 17.48 0 0 0 815 815
f2_991 f1h_401 f1w_463 2.74 -2.74 17.46 0 0 0 815 815
f2_998 f1w_16 f1w_274 -1.18 1.18 14.93 0 0 0 815 815
f2_1000 f1w_434 f1w_477 -3.76 3.76 15.36 0 0 0 815 815
