id parent1 parent2 LLRparent1 LLRparent2 LLRpair OHparent1 OHparent2 MEpair SNPd.id.parent1 SNPd.id.parent2
f1h_1 f0_136 f0_143 2.08 -2.08 95.51 0 0 0 4100 4100
f1h_2 f0_13 f0_29 -4.8 4.8 92.51 0 0 0 4100 4100
f1h_3 f0_10 f0_140 2.65 -2.65 93.76 0 0 0 4100 4100
f1h_4 f0_7 f0_35 -4.11 4.11 91.2 0 0 0 4100 4100
f1h_5 f0_138 f0_200 -0.87 0.87 95.74 0 0 0 4100 4100
f1h_6 f0_93 f0_97 1.54 -1.54 96.87 0 0 0 4100 4100
f1h_7 f0_162 f0_176 -1.55 1.55 90.54 0 0 0 4100 4100
f1h_9 f0_3 f0_36 0.49 -0.49 91.19 0 0 0 4100 4100
f1h_10 f0_72 f0_165 -4.65 4.65 92.97 0 0 0 4100 4100
f1h_11 f0_14 f0_34 -2.24 2.24 96.25 0 0 0 4100 4100
f1h_15 f0_62 f0_141 7.42 -7.42 90.71 0 0 0 4100 4100
f1h_16 f0_27 f0_107 4.74 -4.74 96.6 0 0 0 4100 4100
f1h_17 f0_76 f0_176 -1.83 1.83 89.16 0 0 0 4100 4100
f1h_18 f0_1 f0_6 -12.25 12.25 86.47 0 0 0 4100 4100
f1h_19 f0_68 f0_153 0.04 -0.04 92.01 0 0 0 4100 4100
f1h_20 f0_12 f0_155 6.49 -6.49 89.76 0 0 0 4100 4100
f1h_22 f0_38 f0_190 -3.34 3.34 95.22 0 0 0 4100 4100
f1h_23 f0_15 f0_37 2.47 -2.47 99.92 0 0 0 4100 4100
f1h_24 f0_28 f0_89 -2.19 2.19 92.79 0 0 0 4100 4100
f1h_25 f0_68 f0_137 2.87 -2.87 94.7 0 0 0 4100 4100
f1h_26 f0_6 f0_171 6.64 -6.64 88.67 0 0 0 4100 4100
f1h_29 f0_144 f0_186 0.02 -0.02 97.5 0 0 0 4100 4100
f1h_30 f0_80 f0_126 3.83 -3.83 94.55 0 0 0 4100 4100
f1h_32 f0_16 f0_86 0.71 -0.71 96.75 0 0 0 4100 4100
f1h_33 f0_41 f0_135 4.41 -4.41 96.41 0 0 0 4100 4100
f1h_35 f0_48 f0_163 -1.55 1.55 98.13 0 0 0 4100 4100
f1h_37 f0_11 f0_137 -0.4 0.4 94.3 0 0 0 4100 4100
f1h_38 f0_105 f0_149 8.6 -8.6 90.15 0 0 0 4100 4100
f1h_39 f0_152 f0_192 -7.24 7.24 91.29 0 0 0 4100 4100
f1h_41 f0_24 f0_192 -3.25 3.25 98.61 0 0 0 4100 4100
f1h_43 f0_120 f0_148 1.76 -1.76 94.4 0 0 0 4100 4100
f1h_46 f0_40 f0_175 -5.79 5.79 93.67 0 0 0 4100 4100
f1h_47 f0_175 f0_200 5.15 -5.15 91.36 0 0 0 4100 4100
f1h_48 f0_38 f0_71 -3.83 3.83 98.15 0 0 0 4100 4100
f1h_50 f0_78 f0_113 14.83 -14.83 89.12 0 0 0 4100 4100
f1h_51 f0_14 f0_62 -16.7 16.7 85.92 0 0 0 4100 4100
f1h_52 f0_14 f0_167 3.15 -3.15 91.39 0 0 0 4100 4100
f1h_53 f0_95 f0_100 6.34 -6.34 91.34 0 0 0 4100 4100
f1h_54 f0_49 f0_54 -3.27 3.27 94.05 0 0 0 4100 4100
f1h_55 f0_56 f0_75 6.81 -6.81 91.78 0 0 0 4100 4100
f1h_56 f0_47 f0_57 -6.57 6.57 93.32 0 0 0 4100 4100
f1h_57 f0_8 f0_166 -1.45 1.45 95.86 0 0 0 4100 4100
f1h_58 f0_9 f0_73 7.17 -7.17 91.09 0 0 0 4100 4100
f1h_59 f0_99 f0_112 4.74 -4.74 94.34 0 0 0 4100 4100
f1h_60 f0_133 f0_162 -2.27 2.27 96.92 0 0 0 4100 4100
f1h_62 f0_163 f0_190 -2.49 2.49 98.71 0 0 0 4100 4100
f1h_63 f0_40 f0_87 -2.68 2.68 97.95 0 0 0 4100 4100
f1h_65 f0_99 f0_167 -7.03 7.03 97.37 0 0 0 4100 4100
f1h_67 f0_109 f0_168 -10.06 10.06 90.27 0 0 0 4100 4100
f1h_68 f0_42 f0_148 -1.65 1.65 92.83 0 0 0 4100 4100
f1h_69 f0_69 f0_139 -7.35 7.35 95.73 0 0 0 4100 4100
f1h_70 f0_121 f0_183 -4.54 4.54 92.19 0 0 0 4100 4100
f1h_71 f0_24 f0_178 -5.96 5.96 91.16 0 0 0 4100 4100
f1h_72 f0_102 f0_119 1.15 -1.15 88.7 0 0 0 4100 4100
f1h_73 f0_65 f0_99 8.11 -8.11 88.86 0 0 0 4100 4100
f1h_74 f0_46 f0_111 -3.55 3.55 93.57 0 0 0 4100 4100
f1h_75 f0_71 f0_98 -1.65 1.65 93.98 0 0 0 4100 4100
f1h_76 f0_82 f0_171 3.71 -3.71 93.02 0 0 0 4100 4100
f1h_78 f0_113 f0_188 0.87 -0.87 98.84 0 0 0 4100 4100
f1h_79 f0_42 f0_164 -1.31 1.31 95.04 0 0 0 4100 4100
f1h_80 f0_66 f0_198 -4.53 4.53 94.89 0 0 0 4100 4100
f1h_81 f0_12 f0_28 0.01 -0.01 99.32 0 0 0 4100 4100
f1h_82 f0_46 f0_88 -1.69 1.69 97.27 0 0 0 4100 4100
f1h_83 f0_151 f0_185 0.53 -0.53 97.37 0 0 0 4100 4100
f1h_84 f0_184 f0_193 -7.8 7.8 93.54 0 0 0 4100 4100
f1h_86 f0_7 f0_61 7.35 -7.35 97.17 0 0 0 4100 4100
f1h_87 f0_103 f0_118 3.24 -3.24 94.77 0 0 0 4100 4100
f1h_88 f0_107 f0_108 -7.16 7.16 91.33 0 0 0 4100 4100
f1h_90 f0_30 f0_84 4.88 -4.88 96.67 0 0 0 4100 4100
f1h_91 f0_73 f0_126 -1.98 1.98 96.52 0 0 0 4100 4100
f1h_92 f0_156 f0_170 -4.42 4.42 92.95 0 0 0 4100 4100
f1h_93 f0_62 f0_107 -2.05 2.05 91.77 0 0 0 4100 4100
f1h_94 f0_160 f0_193 2.42 -2.42 96.46 0 0 0 4100 4100
f1h_95 f0_59 f0_155 -4.45 4.45 96.87 0 0 0 4100 4100
f1h_96 f0_27 f0_124 -4.7 4.7 94.83 0 0 0 4100 4100
f1h_98 f0_2 f0_102 0.84 -0.84 97.85 0 0 0 4100 4100
f1h_100 f0_14 f0_85 -2.56 2.56 96.97 0 0 0 4100 4100
f1h_101 f0_120 f0_137 5.04 -5.04 95.31 0 0 0 4100 4100
f1h_102 f0_35 f0_150 0.92 -0.92 94.84 0 0 0 4100 4100
f1h_103 f0_21 f0_135 -11.42 11.42 87.99 0 0 0 4100 4100
f1h_104 f0_51 f0_118 6.43 -6.43 92.16 0 0 0 4100 4100
f1h_106 f0_98 f0_106 -4 4 92.07 0 0 0 4100 4100
f1h_107 f0_160 f0_181 -8.45 8.45 91.71 0 0 0 4100 4100
f1h_108 f0_68 f0_136 -8.51 8.51 86.93 0 0 0 4100 4100
f1h_109 f0_5 f0_178 -2.4 2.4 94.61 0 0 0 4100 4100
f1h_110 f0_8 f0_179 -5.73 5.73 93.62 0 0 0 4100 4100
f1h_111 f0_68 f0_157 -11.14 11.14 92.03 0 0 0 4100 4100
f1h_112 f0_8 f0_137 4.44 -4.44 95.08 0 0 0 4100 4100
f1h_113 f0_93 f0_126 2.8 -2.8 94.32 0 0 0 4100 4100
f1h_114 f0_116 f0_172 -1.1 1.1 98.14 0 0 0 4100 4100
f1h_115 f0_13 f0_90 -5.78 5.78 90.38 0 0 0 4100 4100
f1h_116 f0_59 f0_71 -0.92 0.92 95.53 0 0 0 4100 4100
f1h_118 f0_43 f0_93 -3.97 3.97 95.29 0 0 0 4100 4100
f1h_121 f0_46 f0_108 -1.22 1.22 95.92 0 0 0 4100 4100
f1h_122 f0_25 f0_141 11.13 -11.13 90.11 0 0 0 4100 4100
f1h_124 f0_37 f0_137 10.92 -10.92 89.26 0 0 0 4100 4100
f1h_125 f0_139 f0_152 2.28 -2.28 92.54 0 0 0 4100 4100
f1h_126 f0_43 f0_83 0.39 -0.39 93.81 0 0 0 4100 4100
f1h_127 f0_49 f0_104 -2.96 2.96 93.87 0 0 0 4100 4100
f1h_129 f0_2 f0_129 -3.91 3.91 93 0 0 0 4100 4100
f1h_130 f0_22 f0_159 -7.53 7.53 95.47 0 0 0 4100 4100
f1h_131 f0_24 f0_114 -9.1 9.1 89.1 0 0 0 4100 4100
f1h_132 f0_119 f0_181 -0.24 0.24 96.39 0 0 0 4100 4100
f1h_133 f0_103 f0_192 0.72 -0.72 103.54 0 0 0 4100 4100
f1h_134 f0_81 f0_85 -1.4 1.4 98.33 0 0 0 4100 4100
f1h_135 f0_100 f0_200 -5.48 5.48 92.6 0 0 0 4100 4100
f1h_136 f0_38 f0_73 -2.85 2.85 93.99 0 0 0 4100 4100
f1h_137 f0_171 f0_183 8.74 -8.74 89.53 0 0 0 4100 4100
f1h_138 f0_1 f0_141 -5.6 5.6 94.87 0 0 0 4100 4100
f1h_139 f0_11 f0_69 5.39 -5.39 93.42 0 0 0 4100 4100
f1h_140 f0_125 f0_172 -6.63 6.63 95.32 0 0 0 4100 4100
f1h_141 f0_18 f0_75 0 0 99.14 0 0 0 4100 4100
f1h_142 f0_6 f0_47 -4.22 4.22 96.76 0 0 0 4100 4100
f1h_144 f0_29 f0_122 0.11 -0.11 96.14 0 0 0 4100 4100
f1h_145 f0_39 f0_184 3.52 -3.52 92.16 0 0 0 4100 4100
f1h_146 f0_34 f0_64 -1.05 1.05 93.01 0 0 0 4100 4100
f1h_147 f0_4 f0_163 -7.87 7.87 89.91 0 0 0 4100 4100
f1h_148 f0_24 f0_190 3.18 -3.18 88.68 0 0 0 4100 4100
f1h_149 f0_7 f0_89 2.55 -2.55 87.08 0 0 0 4100 4100
f1h_150 f0_28 f0_50 -4.69 4.69 94.47 0 0 0 4100 4100
f1h_151 f0_16 f0_133 -0.63 0.63 95.53 0 0 0 4100 4100
f1h_153 f0_48 f0_80 -4.59 4.59 96.97 0 0 0 4100 4100
f1h_156 f0_20 f0_48 9.45 -9.45 87.72 0 0 0 4100 4100
f1h_157 f0_39 f0_163 3.53 -3.53 95.49 0 0 0 4100 4100
f1h_158 f0_9 f0_121 5.41 -5.41 93.97 0 0 0 4100 4100
f1h_159 f0_64 f0_185 4.87 -4.87 95.56 0 0 0 4100 4100
f1h_161 f0_13 f0_72 2.99 -2.99 97.07 0 0 0 4100 4100
f1h_162 f0_24 f0_56 -1.19 1.19 97.35 0 0 0 4100 4100
f1h_165 f0_74 f0_85 -3.93 3.93 92.98 0 0 0 4100 4100
f1h_166 f0_69 f0_144 5.94 -5.94 94.68 0 0 0 4100 4100
f1h_167 f0_133 f0_136 -1.84 1.84 93.21 0 0 0 4100 4100
f1h_169 f0_59 f0_190 -3.81 3.81 96.56 0 0 0 4100 4100
f1h_170 f0_92 f0_199 -2.4 2.4 98.86 0 0 0 4100 4100
f1h_171 f0_13 f0_147 -2.35 2.35 94.4 0 0 0 4100 4100
f1h_172 f0_94 f0_113 10.32 -10.32 90.67 0 0 0 4100 4100
f1h_173 f0_81 f0_134 -4.75 4.75 97.78 0 0 0 4100 4100
f1h_174 f0_35 f0_107 -2 2 96.59 0 0 0 4100 4100
f1h_175 f0_15 f0_65 -0.86 0.86 95.64 0 0 0 4100 4100
f1h_176 f0_48 f0_167 4.07 -4.07 92.7 0 0 0 4100 4100
f1h_177 f0_57 f0_133 7.15 -7.15 93.32 0 0 0 4100 4100
f1h_178 f0_32 f0_147 -8.02 8.02 92.44 0 0 0 4100 4100
f1h_179 f0_85 f0_105 0.59 -0.59 98.17 0 0 0 4100 4100
f1h_180 f0_8 f0_25 0.34 -0.34 92.83 0 0 0 4100 4100
f1h_182 f0_43 f0_112 -2.04 2.04 93.38 0 0 0 4100 4100
f1h_183 f0_65 f0_100 0.08 -0.08 94.56 0 0 0 4100 4100
f1h_184 f0_31 f0_110 -4.36 4.36 91.43 0 0 0 4100 4100
f1h_186 f0_90 f0_154 -10.65 10.65 89.2 0 0 0 4100 4100
f1h_187 f0_114 f0_168 3.15 -3.15 95.77 0 0 0 4100 4100
f1h_189 f0_61 f0_62 -4.95 4.95 93.36 0 0 0 4100 4100
f1h_190 f0_82 f0_94 0.2 -0.2 93.79 0 0 0 4100 4100
f1h_191 f0_75 f0_200 -6.51 6.51 91.92 0 0 0 4100 4100
f1h_192 f0_97 f0_196 -1.83 1.83 95.57 0 0 0 4100 4100
f1h_193 f0_156 f0_164 3.96 -3.96 96.94 0 0 0 4100 4100
f1h_194 f0_110 f0_115 1.12 -1.12 94.43 0 0 0 4100 4100
f1h_195 f0_172 f0_177 2.39 -2.39 92.58 0 0 0 4100 4100
f1h_196 f0_49 f0_178 -10.06 10.06 89.52 0 0 0 4100 4100
f1h_198 f0_119 f0_126 1.93 -1.93 93.47 0 0 0 4100 4100
f1h_199 f0_43 f0_176 -0.01 0.01 98.84 0 0 0 4100 4100
f1h_200 f0_66 f0_99 -1.49 1.49 97.13 0 0 0 4100 4100
f1h_201 f0_151 f0_153 2 -2 94.91 0 0 0 4100 4100
f1h_202 f0_105 f0_178 -1.61 1.61 93.15 0 0 0 4100 4100
f1h_203 f0_105 f0_113 -1.42 1.42 95.18 0 0 0 4100 4100
f1h_205 f0_101 f0_119 -9.23 9.23 87.59 0 0 0 4100 4100
f1h_206 f0_37 f0_185 -3.48 3.48 89.56 0 0 0 4100 4100
f1h_208 f0_134 f0_191 -0.11 0.11 95.82 0 0 0 4100 4100
f1h_209 f0_62 f0_139 4.11 -4.11 88.53 0 0 0 4100 4100
f1h_211 f0_66 f0_143 1.53 -1.53 96.22 0 0 0 4100 4100
f1h_212 f0_25 f0_29 5.87 -5.87 94.17 0 0 0 4100 4100
f1h_213 f0_116 f0_152 -2.14 2.14 93.77 0 0 0 4100 4100
f1h_214 f0_7 f0_186 -3.68 3.68 92.62 0 0 0 4100 4100
f1h_215 f0_14 f0_124 -8.38 8.38 92.81 0 0 0 4100 4100
f1h_216 f0_55 f0_133 3.15 -3.15 88.22 0 0 0 4100 4100
f1h_217 f0_14 f0_142 -5.2 5.2 94.22 0 0 0 4100 4100
f1h_219 f0_25 f0_172 1.75 -1.75 94.23 0 0 0 4100 4100
f1h_220 f0_6 f0_183 1.31 -1.31 96.8 0 0 0 4100 4100
f1h_221 f0_131 f0_154 11.15 -11.15 91.11 0 0 0 4100 4100
f1h_222 f0_75 f0_156 -4.39 4.39 97.66 0 0 0 4100 4100
f1h_223 f0_89 f0_140 0.32 -0.32 95.88 0 0 0 4100 4100
f1h_224 f0_36 f0_200 8.82 -8.82 93.16 0 0 0 4100 4100
f1h_225 f0_50 f0_60 -1.63 1.63 96.81 0 0 0 4100 4100
f1h_226 f0_145 f0_191 3.23 -3.23 93.36 0 0 0 4100 4100
f1h_227 f0_19 f0_79 5.04 -5.04 93.56 0 0 0 4100 4100
f1h_228 f0_58 f0_181 1.77 -1.77 94.6 0 0 0 4100 4100
f1h_229 f0_59 f0_183 5.98 -5.98 97.03 0 0 0 4100 4100
f1h_230 f0_100 f0_138 3.38 -3.38 89.86 0 0 0 4100 4100
f1h_231 f0_3 f0_80 2.7 -2.7 94.1 0 0 0 4100 4100
f1h_232 f0_88 f0_96 -6.07 6.07 93.06 0 0 0 4100 4100
f1h_233 f0_36 f0_135 -0.35 0.35 97.41 0 0 0 4100 4100
f1h_234 f0_28 f0_85 -1.73 1.73 94.61 0 0 0 4100 4100
f1h_235 f0_29 f0_45 -0.78 0.78 95.24 0 0 0 4100 4100
f1h_236 f0_6 f0_59 4.4 -4.4 91.53 0 0 0 4100 4100
f1h_237 f0_75 f0_155 4.84 -4.84 92.83 0 0 0 4100 4100
f1h_239 f0_43 f0_82 -2.32 2.32 92.66 0 0 0 4100 4100
f1h_240 f0_10 f0_60 -1.86 1.86 97.48 0 0 0 4100 4100
f1h_241 f0_55 f0_137 4.98 -4.98 97.74 0 0 0 4100 4100
f1h_244 f0_39 f0_130 5.45 -5.45 88.01 0 0 0 4100 4100
f1h_246 f0_71 f0_158 -1.88 1.88 92.98 0 0 0 4100 4100
f1h_247 f0_115 f0_154 -5.37 5.37 95.31 0 0 0 4100 4100
f1h_248 f0_116 f0_122 1.68 -1.68 93.52 0 0 0 4100 4100
f1h_249 f0_140 f0_167 2.53 -2.53 91.02 0 0 0 4100 4100
f1h_250 f0_32 f0_184 -4.36 4.36 92.84 0 0 0 4100 4100
f1h_251 f0_53 f0_123 5.29 -5.29 91.06 0 0 0 4100 4100
f1h_252 f0_128 f0_150 4.14 -4.14 94.48 0 0 0 4100 4100
f1h_253 f0_80 f0_83 0.42 -0.42 96.41 0 0 0 4100 4100
f1h_254 f0_140 f0_145 -5.2 5.2 94.07 0 0 0 4100 4100
f1h_255 f0_44 f0_111 -3.52 3.52 94.97 0 0 0 4100 4100
f1h_256 f0_149 f0_171 7.86 -7.86 93.33 0 0 0 4100 4100
f1h_257 f0_59 f0_176 1.28 -1.28 93.14 0 0 0 4100 4100
f1h_258 f0_87 f0_91 -0.26 0.26 95.9 0 0 0 4100 4100
f1h_259 f0_110 f0_193 6.92 -6.92 89.03 0 0 0 4100 4100
f1h_260 f0_126 f0_138 0.71 -0.71 95.69 0 0 0 4100 4100
f1h_262 f0_110 f0_147 0.75 -0.75 94.14 0 0 0 4100 4100
f1h_263 f0_44 f0_64 -0.35 0.35 93.03 0 0 0 4100 4100
f1h_264 f0_151 f0_195 8.69 -8.69 89.61 0 0 0 4100 4100
f1h_265 f0_127 f0_157 0.66 -0.66 92.56 0 0 0 4100 4100
f1h_266 f0_36 f0_137 -2.3 2.3 95.07 0 0 0 4100 4100
f1h_268 f0_21 f0_92 -0.46 0.46 96.13 0 0 0 4100 4100
f1h_271 f0_53 f0_98 -1.35 1.35 98.89 0 0 0 4100 4100
f1h_272 f0_136 f0_140 -4.07 4.07 94.25 0 0 0 4100 4100
f1h_274 f0_88 f0_184 3.3 -3.3 96.23 0 0 0 4100 4100
f1h_275 f0_98 f0_121 1.31 -1.31 96.34 0 0 0 4100 4100
f1h_277 f0_167 f0_197 4.49 -4.49 93.52 0 0 0 4100 4100
f1h_279 f0_22 f0_157 -12.76 12.76 87.58 0 0 0 4100 4100
f1h_280 f0_21 f0_66 3.82 -3.82 90.12 0 0 0 4100 4100
f1h_281 f0_23 f0_69 -4.56 4.56 95.74 0 0 0 4100 4100
f1h_282 f0_40 f0_131 -0.5 0.5 92.91 0 0 0 4100 4100
f1h_283 f0_94 f0_172 -4.21 4.21 94.18 0 0 0 4100 4100
f1h_284 f0_24 f0_150 -11.36 11.36 88.85 0 0 0 4100 4100
f1h_285 f0_63 f0_150 -2.46 2.46 95.06 0 0 0 4100 4100
f1h_286 f0_3 f0_55 2.08 -2.08 95.47 0 0 0 4100 4100
f1h_289 f0_41 f0_150 5.35 -5.35 95.72 0 0 0 4100 4100
f1h_290 f0_132 f0_137 -4.88 4.88 96.7 0 0 0 4100 4100
f1h_291 f0_79 f0_127 -2.31 2.31 97.96 0 0 0 4100 4100
f1h_292 f0_54 f0_74 5.31 -5.31 95 0 0 0 4100 4100
f1h_293 f0_41 f0_186 8.28 -8.28 94.55 0 0 0 4100 4100
f1h_294 f0_126 f0_197 3.06 -3.06 92.73 0 0 0 4100 4100
f1h_295 f0_45 f0_95 -0.64 0.64 96.23 0 0 0 4100 4100
f1h_296 f0_110 f0_168 7.62 -7.62 91.18 0 0 0 4100 4100
f1h_298 f0_55 f0_104 -5.3 5.3 94.78 0 0 0 4100 4100
f1h_299 f0_23 f0_85 5.98 -5.98 99.54 0 0 0 4100 4100
f1h_300 f0_180 f0_188 3.13 -3.13 99.77 0 0 0 4100 4100
f1h_301 f0_124 f0_134 -0.48 0.48 96.47 0 0 0 4100 4100
f1h_302 f0_97 f0_136 -2.07 2.07 94.77 0 0 0 4100 4100
f1h_303 f0_35 f0_170 -0.41 0.41 94.45 0 0 0 4100 4100
f1h_304 f0_52 f0_157 -1.79 1.79 90.94 0 0 0 4100 4100
f1h_305 f0_7 f0_8 0.19 -0.19 97.89 0 0 0 4100 4100
f1h_306 f0_68 f0_116 1.89 -1.89 93.12 0 0 0 4100 4100
f1h_307 f0_130 f0_150 -4.65 4.65 94.13 0 0 0 4100 4100
f1h_308 f0_51 f0_171 6.6 -6.6 93.6 0 0 0 4100 4100
f1h_310 f0_110 f0_122 10.51 -10.51 91.4 0 0 0 4100 4100
f1h_311 f0_50 f0_193 3.6 -3.6 97.28 0 0 0 4100 4100
f1h_312 f0_75 f0_155 -0.55 0.55 94.82 0 0 0 4100 4100
f1h_313 f0_195 f0_196 -3.68 3.68 91.74 0 0 0 4100 4100
f1h_314 f0_89 f0_179 2.83 -2.83 95.94 0 0 0 4100 4100
f1h_316 f0_3 f0_63 -1.96 1.96 96.75 0 0 0 4100 4100
f1h_317 f0_138 f0_184 -0.63 0.63 95.07 0 0 0 4100 4100
f1h_318 f0_9 f0_142 -8.95 8.95 88.9 0 0 0 4100 4100
f1h_319 f0_23 f0_40 -4.8 4.8 97.15 0 0 0 4100 4100
f1h_320 f0_148 f0_182 4.05 -4.05 96.26 0 0 0 4100 4100
f1h_321 f0_69 f0_106 -1.04 1.04 96.3 0 0 0 4100 4100
f1h_322 f0_11 f0_62 6.1 -6.1 93.46 0 0 0 4100 4100
f1h_323 f0_55 f0_99 -7.14 7.14 90.99 0 0 0 4100 4100
f1h_324 f0_114 f0_144 4.27 -4.27 93.4 0 0 0 4100 4100
f1h_326 f0_114 f0_155 0.38 -0.38 95.6 0 0 0 4100 4100
f1h_327 f0_13 f0_47 -6.89 6.89 92.95 0 0 0 4100 4100
f1h_328 f0_56 f0_191 -5.12 5.12 91.47 0 0 0 4100 4100
f1h_330 f0_30 f0_89 -3.22 3.22 93.65 0 0 0 4100 4100
f1h_331 f0_111 f0_166 8.93 -8.93 91.33 0 0 0 4100 4100
f1h_333 f0_92 f0_188 -9.56 9.56 91.06 0 0 0 4100 4100
f1h_334 f0_14 f0_104 -2.18 2.18 98.79 0 0 0 4100 4100
f1h_335 f0_31 f0_188 -1.75 1.75 94.67 0 0 0 4100 4100
f1h_336 f0_66 f0_146 2.53 -2.53 98.68 0 0 0 4100 4100
f1h_337 f0_32 f0_97 -0.8 0.8 97.98 0 0 0 4100 4100
f1h_338 f0_119 f0_180 -2.25 2.25 97.22 0 0 0 4100 4100
f1h_339 f0_54 f0_192 16.65 -16.65 87.64 0 0 0 4100 4100
f1h_340 f0_33 f0_37 -7.56 7.56 93.95 0 0 0 4100 4100
f1h_341 f0_80 f0_138 1.77 -1.77 94.17 0 0 0 4100 4100
f1h_342 f0_92 f0_195 3.57 -3.57 96.86 0 0 0 4100 4100
f1h_343 f0_59 f0_132 1.32 -1.32 94.81 0 0 0 4100 4100
f1h_344 f0_101 f0_197 0.27 -0.27 96.03 0 0 0 4100 4100
f1h_346 f0_71 f0_200 -6.54 6.54 93.23 0 0 0 4100 4100
f1h_347 f0_20 f0_32 -3.22 3.22 95.69 0 0 0 4100 4100
f1h_349 f0_13 f0_30 5.17 -5.17 92.85 0 0 0 4100 4100
f1h_350 f0_134 f0_187 0.79 -0.79 93.86 0 0 0 4100 4100
f1h_351 f0_18 f0_167 -12.52 12.52 93.83 0 0 0 4100 4100
f1h_352 f0_45 f0_195 6.01 -6.01 100.07 0 0 0 4100 4100
f1h_354 f0_172 f0_194 -3.81 3.81 95.59 0 0 0 4100 4100
f1h_355 f0_50 f0_102 1.49 -1.49 96.43 0 0 0 4100 4100
f1h_356 f0_70 f0_195 8.82 -8.82 96.02 0 0 0 4100 4100
f1h_357 f0_36 f0_188 12.49 -12.49 88.24 0 0 0 4100 4100
f1h_358 f0_33 f0_119 -7.09 7.09 93.29 0 0 0 4100 4100
f1h_359 f0_16 f0_93 -0.37 0.37 92.95 0 0 0 4100 4100
f1h_360 f0_48 f0_84 0.9 -0.9 99.92 0 0 0 4100 4100
f1h_362 f0_93 f0_126 4.94 -4.94 96.76 0 0 0 4100 4100
f1h_363 f0_26 f0_161 8.49 -8.49 90.5 0 0 0 4100 4100
f1h_364 f0_22 f0_72 -0.21 0.21 93.68 0 0 0 4100 4100
f1h_365 f0_51 f0_81 1.66 -1.66 93.35 0 0 0 4100 4100
f1h_366 f0_26 f0_191 9.94 -9.94 88.19 0 0 0 4100 4100
f1h_367 f0_20 f0_94 -1.95 1.95 93.19 0 0 0 4100 4100
f1h_368 f0_81 f0_91 -8.57 8.57 89.68 0 0 0 4100 4100
f1h_369 f0_77 f0_191 -10.71 10.71 86.8 0 0 0 4100 4100
f1h_370 f0_30 f0_82 -0.21 0.21 96.97 0 0 0 4100 4100
f1h_373 f0_85 f0_194 -2.45 2.45 95.56 0 0 0 4100 4100
f1h_374 f0_119 f0_144 -4.87 4.87 92.5 0 0 0 4100 4100
f1h_376 f0_67 f0_97 2.73 -2.73 97.39 0 0 0 4100 4100
f1h_377 f0_41 f0_167 -3.06 3.06 96.83 0 0 0 4100 4100
f1h_378 f0_98 f0_155 3.52 -3.52 93.82 0 0 0 4100 4100
f1h_379 f0_109 f0_168 -8.11 8.11 91.21 0 0 0 4100 4100
f1h_380 f0_20 f0_47 2.97 -2.97 95.64 0 0 0 4100 4100
f1h_381 f0_106 f0_153 -1.93 1.93 96.6 0 0 0 4100 4100
f1h_382 f0_111 f0_199 2.01 -2.01 91.61 0 0 0 4100 4100
f1h_383 f0_87 f0_147 -8.47 8.47 91.87 0 0 0 4100 4100
f1h_384 f0_22 f0_146 11.08 -11.08 92.32 0 0 0 4100 4100
f1h_385 f0_13 f0_120 -0.71 0.71 94.03 0 0 0 4100 4100
f1h_388 f0_65 f0_120 2.08 -2.08 94.21 0 0 0 4100 4100
f1h_390 f0_127 f0_187 -6.79 6.79 89.65 0 0 0 4100 4100
f1h_391 f0_38 f0_83 -1.06 1.06 99.14 0 0 0 4100 4100
f1h_392 f0_79 f0_145 -11.71 11.71 89.15 0 0 0 4100 4100
f1h_393 f0_21 f0_157 -8.93 8.93 92.34 0 0 0 4100 4100
f1h_394 f0_69 f0_178 -0.57 0.57 92.2 0 0 0 4100 4100
f1h_396 f0_82 f0_150 -3.4 3.4 94.81 0 0 0 4100 4100
f1h_397 f0_67 f0_194 -2.77 2.77 88.92 0 0 0 4100 4100
f1h_399 f0_44 f0_88 -6.53 6.53 94.26 0 0 0 4100 4100
f1h_400 f0_123 f0_128 5.03 -5.03 92.87 0 0 0 4100 4100
f1h_401 f0_78 f0_83 4.76 -4.76 95.87 0 0 0 4100 4100
f1h_404 f0_14 f0_69 8.45 -8.45 95.94 0 0 0 4100 4100
f1h_405 f0_64 f0_87 3.32 -3.32 90.46 0 0 0 4100 4100
f1h_407 f0_35 f0_64 -1.04 1.04 96.67 0 0 0 4100 4100
f1h_408 f0_56 f0_148 -4.37 4.37 92.31 0 0 0 4100 4100
f1h_409 f0_25 f0_27 0.87 -0.87 94.4 0 0 0 4100 4100
f1h_410 f0_7 f0_129 10.18 -10.18 91.95 0 0 0 4100 4100
f1h_411 f0_7 f0_157 0.13 -0.13 92.38 0 0 0 4100 4100
f1h_412 f0_121 f0_141 3.41 -3.41 97.98 0 0 0 4100 4100
f1h_413 f0_9 f0_28 1.87 -1.87 96.35 0 0 0 4100 4100
f1h_414 f0_49 f0_116 -1.3 1.3 95.8 0 0 0 4100 4100
f1h_415 f0_98 f0_198 2.99 -2.99 92.86 0 0 0 4100 4100
f1h_416 f0_26 f0_175 -0.61 0.61 94.45 0 0 0 4100 4100
f1h_418 f0_3 f0_67 3.29 -3.29 93.99 0 0 0 4100 4100
f1h_419 f0_51 f0_162 5.15 -5.15 94.14 0 0 0 4100 4100
f1h_421 f0_66 f0_139 -1 1 95.71 0 0 0 4100 4100
f1h_422 f0_26 f0_199 2.79 -2.79 92.75 0 0 0 4100 4100
f1h_423 f0_56 f0_129 -3.42 3.42 94.6 0 0 0 4100 4100
f1h_424 f0_17 f0_45 -3.91 3.91 95.26 0 0 0 4100 4100
f1h_425 f0_149 f0_176 -3.15 3.15 94.13 0 0 0 4100 4100
f1h_426 f0_169 f0_178 4.9 -4.9 93.98 0 0 0 4100 4100
f1h_427 f0_101 f0_120 13.56 -13.56 91.3 0 0 0 4100 4100
f1h_428 f0_185 f0_186 3.15 -3.15 91.75 0 0 0 4100 4100
f1h_429 f0_46 f0_128 2.21 -2.21 94.13 0 0 0 4100 4100
f1h_430 f0_83 f0_85 -5.99 5.99 95.67 0 0 0 4100 4100
f1h_433 f0_102 f0_159 0.17 -0.17 94.05 0 0 0 4100 4100
f1h_434 f0_35 f0_130 4.37 -4.37 92.91 0 0 0 4100 4100
f1h_435 f0_85 f0_171 -6.47 6.47 91.16 0 0 0 4100 4100
f1h_436 f0_157 f0_181 6.31 -6.31 89.36 0 0 0 4100 4100
f1h_437 f0_47 f0_159 5.81 -5.81 94.77 0 0 0 4100 4100
f1h_438 f0_113 f0_197 -7.18 7.18 89.15 0 0 0 4100 4100
f1h_439 f0_1 f0_200 5.7 -5.7 90.41 0 0 0 4100 4100
f1h_440 f0_122 f0_196 1.87 -1.87 94.66 0 0 0 4100 4100
f1h_441 f0_14 f0_35 -12.68 12.68 91.01 0 0 0 4100 4100
f1h_444 f0_30 f0_160 -4.26 4.26 97.62 0 0 0 4100 4100
f1h_446 f0_30 f0_173 -3.31 3.31 97.44 0 0 0 4100 4100
f1h_448 f0_5 f0_61 1.96 -1.96 97.31 0 0 0 4100 4100
f1h_449 f0_158 f0_177 2.28 -2.28 97.02 0 0 0 4100 4100
f1h_450 f0_38 f0_103 2.92 -2.92 94.49 0 0 0 4100 4100
f1h_451 f0_24 f0_86 -2.1 2.1 92.16 0 0 0 4100 4100
f1h_452 f0_53 f0_118 3.61 -3.61 94.51 0 0 0 4100 4100
f1h_453 f0_34 f0_145 -3.8 3.8 93.8 0 0 0 4100 4100
f1h_454 f0_18 f0_44 -4.96 4.96 94.37 0 0 0 4100 4100
f1h_455 f0_130 f0_150 -7.85 7.85 93.26 0 0 0 4100 4100
f1h_456 f0_157 f0_185 10.03 -10.03 91.19 0 0 0 4100 4100
f1h_457 f0_124 f0_140 7.44 -7.44 93.16 0 0 0 4100 4100
f1h_458 f0_34 f0_74 -1.48 1.48 95.73 0 0 0 4100 4100
f1h_459 f0_123 f0_163 0.38 -0.38 92.05 0 0 0 4100 4100
f1h_460 f0_128 f0_182 -1.09 1.09 95.03 0 0 0 4100 4100
f1h_462 f0_182 f0_193 -0.03 0.03 93.28 0 0 0 4100 4100
f1h_463 f0_85 f0_189 -2.51 2.51 96.8 0 0 0 4100 4100
f1h_464 f0_78 f0_167 -3.65 3.65 94.09 0 0 0 4100 4100
f1h_465 f0_37 f0_65 -1.75 1.75 96.89 0 0 0 4100 4100
f1h_466 f0_178 f0_187 1.77 -1.77 89.91 0 0 0 4100 4100
f1h_467 f0_85 f0_132 3.31 -3.31 95.5 0 0 0 4100 4100
f1h_468 f0_35 f0_161 1.73 -1.73 90.28 0 0 0 4100 4100
f1h_469 f0_120 f0_133 2.6 -2.6 94.89 0 0 0 4100 4100
f1h_470 f0_86 f0_192 1.73 -1.73 99.51 0 0 0 4100 4100
f1h_472 f0_83 f0_152 -8.08 8.08 92.25 0 0 0 4100 4100
f1h_473 f0_26 f0_92 14.92 -14.92 83.43 0 0 0 4100 4100
f1h_474 f0_31 f0_59 -4 4 96.97 0 0 0 4100 4100
f1h_475 f0_42 f0_82 -4.19 4.19 95.1 0 0 0 4100 4100
f1h_476 f0_89 f0_158 -0.71 0.71 94.81 0 0 0 4100 4100
f1h_477 f0_33 f0_42 0.09 -0.09 100.65 0 0 0 4100 4100
f1h_478 f0_63 f0_157 -7.1 7.1 87.7 0 0 0 4100 4100
f1h_480 f0_76 f0_194 3.33 -3.33 96.04 0 0 0 4100 4100
f1h_481 f0_82 f0_150 1.09 -1.09 93.93 0 0 0 4100 4100
f1h_482 f0_89 f0_184 -2.68 2.68 90.55 0 0 0 4100 4100
f1h_483 f0_45 f0_66 1.41 -1.41 98.32 0 0 0 4100 4100
f1h_484 f0_76 f0_172 -3.24 3.24 95.11 0 0 0 4100 4100
f1h_485 f0_122 f0_150 1.72 -1.72 94.24 0 0 0 4100 4100
f1h_486 f0_138 f0_141 -5.46 5.46 95.32 0 0 0 4100 4100
f1h_487 f0_135 f0_170 7.98 -7.98 93.77 0 0 0 4100 4100
f1h_488 f0_21 f0_33 2.71 -2.71 98.53 0 0 0 4100 4100
f1h_489 f0_22 f0_52 5.29 -5.29 97.35 0 0 0 4100 4100
f1h_490 f0_13 f0_146 -1.07 1.07 96.23 0 0 0 4100 4100
f1h_492 f0_170 f0_197 3.53 -3.53 96.41 0 0 0 4100 4100
f1h_493 f0_72 f0_105 -3.48 3.48 94.65 0 0 0 4100 4100
f1h_494 f0_35 f0_48 3.74 -3.74 94.57 0 0 0 4100 4100
f1h_495 f0_34 f0_107 4.33 -4.33 89.62 0 0 0 4100 4100
f1h_496 f0_78 f0_148 -7.72 7.72 92.96 0 0 0 4100 4100
f1h_498 f0_148 f0_198 -0.27 0.27 93.33 0 0 0 4100 4100
f1h_499 f0_12 f0_14 4.67 -4.67 97.5 0 0 0 4100 4100
f1w_3 f0_700 f0_850 -3.32 3.32 89.99 0 0 0 4100 4100
f1w_8 f0_295 f0_823 0.19 -0.19 95.85 0 0 0 4100 4100
f1w_9 f0_806 f0_997 -6.83 6.83 93.17 0 0 0 4100 4100
f1w_10 f0_712 f0_966 -0.69 0.69 93.81 0 0 0 4100 4100
f1w_14 f0_525 f0_612 0.14 -0.14 96.16 0 0 0 4100 4100
f1w_16 f0_268 f0_726 -2.84 2.84 89.93 0 0 0 4100 4100
f1w_18 f0_252 f0_314 -5.51 5.51 96.13 0 0 0 4100 4100
f1w_21 f0_607 f0_612 -5.45 5.45 95.05 0 0 0 4100 4100
f1w_24 f0_480 f0_957 -2.39 2.39 91.71 0 0 0 4100 4100
f1w_26 f0_483 f0_624 -3.38 3.38 100.22 0 0 0 4100 4100
f1w_30 f0_354 f0_849 1.45 -1.45 95.06 0 0 0 4100 4100
f1w_32 f0_757 f0_911 -3.39 3.39 94.3 0 0 0 4100 4100
f1w_34 f0_293 f0_860 -4.69 4.69 96.82 0 0 0 4100 4100
f1w_35 f0_657 f0_766 -1.18 1.18 97.52 0 0 0 4100 4100
f1w_39 f0_225 f0_425 3.46 -3.46 93.73 0 0 0 4100 4100
f1w_41 f0_477 f0_988 -1.58 1.58 93.47 0 0 0 4100 4100
f1w_43 f0_308 f0_371 -3.55 3.55 92.99 0 0 0 4100 4100
f1w_45 f0_778 f0_994 3.79 -3.79 97.17 0 0 0 4100 4100
f1w_47 f0_484 f0_702 -0.88 0.88 93.03 0 0 0 4100 4100
f1w_48 f0_491 f0_831 2.78 -2.78 95.08 0 0 0 4100 4100
f1w_51 f0_542 f0_897 -1.97 1.97 95.92 0 0 0 4100 4100
f1w_55 f0_890 f0_941 5.49 -5.49 94.41 0 0 0 4100 4100
f1w_56 f0_224 f0_529 -3.88 3.88 86.42 0 0 0 4100 4100
f1w_59 f0_590 f0_591 2.58 -2.58 93.58 0 0 0 4100 4100
f1w_61 f0_281 f0_602 1.72 -1.72 98.24 0 0 0 4100 4100
f1w_64 f0_504 f0_929 0.18 -0.18 95.15 0 0 0 4100 4100
f1w_71 f0_459 f0_991 0.94 -0.94 96.23 0 0 0 4100 4100
f1w_72 f0_428 f0_776 -0.5 0.5 96.62 0 0 0 4100 4100
f1w_73 f0_219 f0_535 -8.04 8.04 95.83 0 0 0 4100 4100
f1w_74 f0_244 f0_756 -2.63 2.63 95.56 0 0 0 4100 4100
f1w_76 f0_773 f0_886 -2.96 2.96 95.15 0 0 0 4100 4100
f1w_77 f0_362 f0_780 1.4 -1.4 97.53 0 0 0 4100 4100
f1w_78 f0_611 f0_870 -7.32 7.32 91.97 0 0 0 4100 4100
f1w_79 f0_569 f0_830 -1.2 1.2 93.44 0 0 0 4100 4100
f1w_84 f0_583 f0_992 3.05 -3.05 94.8 0 0 0 4100 4100
f1w_85 f0_211 f0_992 1.45 -1.45 96.18 0 0 0 4100 4100
f1w_86 f0_831 f0_903 -4.41 4.41 93.82 0 0 0 4100 4100
f1w_87 f0_661 f0_898 -3.83 3.83 91.74 0 0 0 4100 4100
f1w_88 f0_293 f0_579 -7.27 7.27 94.06 0 0 0 4100 4100
f1w_89 f0_442 f0_631 -0.38 0.38 91.39 0 0 0 4100 4100
f1w_90 f0_491 f0_644 -0.1 0.1 100.72 0 0 0 4100 4100
f1w_91 f0_362 f0_391 -3.95 3.95 92.94 0 0 0 4100 4100
f1w_92 f0_347 f0_818 -3.23 3.23 89.15 0 0 0 4100 4100
f1w_97 f0_322 f0_329 -0.1 0.1 95.05 0 0 0 4100 4100
f1w_102 f0_432 f0_820 1.12 -1.12 94.6 0 0 0 4100 4100
f1w_103 f0_650 f0_832 -0.6 0.6 99.78 0 0 0 4100 4100
f1w_105 f0_558 f0_632 -2.55 2.55 92.99 0 0 0 4100 4100
f1w_106 f0_655 f0_714 3.16 -3.16 92.57 0 0 0 4100 4100
f1w_108 f0_413 f0_476 4.73 -4.73 96.63 0 0 0 4100 4100
f1w_112 f0_296 f0_970 -5.06 5.06 92.17 0 0 0 4100 4100
f1w_113 f0_622 f0_845 0.72 -0.72 98.26 0 0 0 4100 4100
f1w_117 f0_411 f0_795 7.64 -7.64 97.01 0 0 0 4100 4100
f1w_119 f0_935 f0_973 11.91 -11.91 88.4 0 0 0 4100 4100
f1w_121 f0_938 f0_999 -5.58 5.58 94.28 0 0 0 4100 4100
f1w_124 f0_213 f0_877 3.74 -3.74 94.06 0 0 0 4100 4100
f1w_127 f0_643 f0_666 3.32 -3.32 96.42 0 0 0 4100 4100
f1w_131 f0_224 f0_574 -1.94 1.94 94.83 0 0 0 4100 4100
f1w_135 f0_678 f0_999 -0.96 0.96 96.12 0 0 0 4100 4100
f1w_136 f0_247 f0_794 1.53 -1.53 91.79 0 0 0 4100 4100
f1w_139 f0_544 f0_907 7.99 -7.99 88.85 0 0 0 4100 4100
f1w_140 f0_352 f0_621 3.62 -3.62 94.76 0 0 0 4100 4100
f1w_141 f0_421 f0_683 -0.05 0.05 99.54 0 0 0 4100 4100
f1w_146 f0_376 f0_766 4.63 -4.63 94.38 0 0 0 4100 4100
f1w_147 f0_677 f0_705 -2.79 2.79 93.6 0 0 0 4100 4100
f1w_149 f0_631 f0_695 2.7 -2.7 94.82 0 0 0 4100 4100
f1w_150 f0_898 f0_924 4.54 -4.54 90.9 0 0 0 4100 4100
f1w_151 f0_264 f0_717 -1.37 1.37 93.88 0 0 0 4100 4100
f1w_152 f0_713 f0_947 4.45 -4.45 90.94 0 0 0 4100 4100
f1w_153 f0_804 f0_818 9.43 -9.43 95.05 0 0 0 4100 4100
f1w_155 f0_694 f0_953 1.65 -1.65 91.86 0 0 0 4100 4100
f1w_156 f0_293 f0_495 2.55 -2.55 95.3 0 0 0 4100 4100
f1w_157 f0_227 f0_725 2.2 -2.2 92.49 0 0 0 4100 4100
f1w_160 f0_442 f0_580 -0.96 0.96 98.3 0 0 0 4100 4100
f1w_164 f0_904 f0_997 -7.39 7.39 93.86 0 0 0 4100 4100
f1w_165 f0_312 f0_806 -7.44 7.44 95.85 0 0 0 4100 4100
f1w_166 f0_374 f0_770 -0.12 0.12 95.32 0 0 0 4100 4100
f1w_167 f0_334 f0_799 -6.42 6.42 92.08 0 0 0 4100 4100
f1w_168 f0_773 f0_897 5.42 -5.42 90.42 0 0 0 4100 4100
f1w_170 f0_515 f0_884 1.43 -1.43 94.16 0 0 0 4100 4100
f1w_174 f0_383 f0_556 0.87 -0.87 90.06 0 0 0 4100 4100
f1w_177 f0_445 f0_591 1.17 -1.17 97.21 0 0 0 4100 4100
f1w_180 f0_232 f0_748 4.81 -4.81 93.48 0 0 0 4100 4100
f1w_183 f0_490 f0_600 -6.12 6.12 90.81 0 0 0 4100 4100
f1w_186 f0_472 f0_928 5.8 -5.8 93.8 0 0 0 4100 4100
f1w_187 f0_283 f0_503 -6.6 6.6 96.41 0 0 0 4100 4100
f1w_190 f0_373 f0_622 6.97 -6.97 92.46 0 0 0 4100 4100
f1w_191 f0_231 f0_452 5.46 -5.46 93.01 0 0 0 4100 4100
f1w_193 f0_312 f0_964 -2.62 2.62 93.71 0 0 0 4100 4100
f1w_198 f0_471 f0_925 7.01 -7.01 94.86 0 0 0 4100 4100
f1w_199 f0_528 f0_740 -5.96 5.96 92.18 0 0 0 4100 4100
f1w_200 f0_477 f0_483 8.58 -8.58 90.83 0 0 0 4100 4100
f1w_201 f0_982 f0_986 3.46 -3.46 94.61 0 0 0 4100 4100
f1w_202 f0_715 f0_780 0.68 -0.68 93.42 0 0 0 4100 4100
f1w_206 f0_304 f0_453 -3.08 3.08 92.61 0 0 0 4100 4100
f1w_209 f0_686 f0_793 -0.36 0.36 94.2 0 0 0 4100 4100
f1w_211 f0_540 f0_983 -1.62 1.62 94.57 0 0 0 4100 4100
f1w_213 f0_476 f0_694 -7.1 7.1 93.45 0 0 0 4100 4100
f1w_217 f0_263 f0_851 -3.74 3.74 95.04 0 0 0 4100 4100
f1w_218 f0_256 f0_894 -0.43 0.43 100.13 0 0 0 4100 4100
f1w_220 f0_302 f0_640 1.44 -1.44 91.51 0 0 0 4100 4100
f1w_222 f0_237 f0_528 -1.31 1.31 93.7 0 0 0 4100 4100
f1w_223 f0_365 f0_506 2.34 -2.34 95.27 0 0 0 4100 4100
f1w_224 f0_741 f0_801 -8.64 8.64 89.6 0 0 0 4100 4100
f1w_225 f0_820 f0_845 -3 3 94.19 0 0 0 4100 4100
f1w_229 f0_605 f0_680 3.27 -3.27 93.47 0 0 0 4100 4100
f1w_230 f0_708 f0_737 -1.88 1.88 94.02 0 0 0 4100 4100
f1w_232 f0_246 f0_925 7.39 -7.39 101.58 0 0 0 4100 4100
f1w_233 f0_757 f0_822 5.05 -5.05 94.81 0 0 0 4100 4100
f1w_234 f0_467 f0_561 2.52 -2.52 91.37 0 0 0 4100 4100
f1w_241 f0_758 f0_856 -2.54 2.54 97.66 0 0 0 4100 4100
f1w_247 f0_678 f0_966 0.81 -0.81 99.36 0 0 0 4100 4100
f1w_248 f0_675 f0_994 -2.99 2.99 96.58 0 0 0 4100 4100
f1w_249 f0_471 f0_924 -3.73 3.73 93.08 0 0 0 4100 4100
f1w_251 f0_487 f0_799 10.42 -10.42 89.47 0 0 0 4100 4100
f1w_252 f0_537 f0_705 7.51 -7.51 89.3 0 0 0 4100 4100
f1w_257 f0_434 f0_915 -10.87 10.87 92.11 0 0 0 4100 4100
f1w_259 f0_206 f0_631 0.38 -0.38 92.72 0 0 0 4100 4100
f1w_260 f0_398 f0_925 0.27 -0.27 96.17 0 0 0 4100 4100
f1w_261 f0_585 f0_881 1.12 -1.12 95.04 0 0 0 4100 4100
f1w_262 f0_319 f0_473 4.08 -4.08 90.32 0 0 0 4100 4100
f1w_264 f0_454 f0_470 4.68 -4.68 98.1 0 0 0 4100 4100
f1w_265 f0_317 f0_966 7.14 -7.14 94.93 0 0 0 4100 4100
f1w_266 f0_241 f0_503 9.53 -9.53 91.47 0 0 0 4100 4100
f1w_270 f0_420 f0_883 -6.51 6.51 88.94 0 0 0 4100 4100
f1w_271 f0_606 f0_992 4.78 -4.78 92.27 0 0 0 4100 4100
f1w_272 f0_372 f0_435 3.53 -3.53 90.59 0 0 0 4100 4100
f1w_273 f0_790 f0_983 8.98 -8.98 96.32 0 0 0 4100 4100
f1w_275 f0_653 f0_709 -0.51 0.51 93.03 0 0 0 4100 4100
f1w_276 f0_556 f0_595 -2.05 2.05 90.97 0 0 0 4100 4100
f1w_277 f0_289 f0_700 0.51 -0.51 92.42 0 0 0 4100 4100
f1w_278 f0_243 f0_432 3.05 -3.05 92.57 0 0 0 4100 4100
f1w_281 f0_244 f0_394 0.64 -0.64 94.82 0 0 0 4100 4100
f1w_283 f0_201 f0_674 -5.4 5.4 93.34 0 0 0 4100 4100
f1w_284 f0_299 f0_976 -0.41 0.41 100.13 0 0 0 4100 4100
f1w_287 f0_412 f0_808 -0.94 0.94 97.73 0 0 0 4100 4100
f1w_288 f0_432 f0_978 7.02 -7.02 93.75 0 0 0 4100 4100
f1w_289 f0_294 f0_947 0.31 -0.31 97.1 0 0 0 4100 4100
f1w_290 f0_582 f0_813 -3.33 3.33 89.09 0 0 0 4100 4100
f1w_291 f0_649 f0_719 -6.12 6.12 91.52 0 0 0 4100 4100
f1w_293 f0_554 f0_912 3.07 -3.07 97.12 0 0 0 4100 4100
f1w_294 f0_536 f0_999 8.29 -8.29 89.3 0 0 0 4100 4100
f1w_296 f0_617 f0_682 -1.43 1.43 93.96 0 0 0 4100 4100
f1w_298 f0_238 f0_617 -8.56 8.56 93.7 0 0 0 4100 4100
f1w_300 f0_409 f0_614 -9.9 9.9 91.55 0 0 0 4100 4100
f1w_301 f0_509 f0_712 -1.46 1.46 96.09 0 0 0 4100 4100
f1w_302 f0_901 f0_910 11.44 -11.44 87.06 0 0 0 4100 4100
f1w_304 f0_683 f0_732 -3.42 3.42 91.32 0 0 0 4100 4100
f1w_306 f0_585 f0_897 3.12 -3.12 93.16 0 0 0 4100 4100
f1w_309 f0_329 f0_411 -1 1 100.59 0 0 0 4100 4100
f1w_311 f0_530 f0_978 -12.59 12.59 87.43 0 0 0 4100 4100
f1w_312 f0_383 f0_655 0.08 -0.08 96.44 0 0 0 4100 4100
f1w_313 f0_823 f0_957 -3.97 3.97 92.2 0 0 0 4100 4100
f1w_316 f0_433 f0_629 3.75 -3.75 93.76 0 0 0 4100 4100
f1w_319 f0_537 f0_793 1.71 -1.71 93.96 0 0 0 4100 4100
f1w_320 f0_594 f0_694 -4.91 4.91 91.51 0 0 0 4100 4100
f1w_321 f0_542 f0_945 2.86 -2.86 95.65 0 0 0 4100 4100
f1w_322 f0_414 f0_579 -7.43 7.43 91.57 0 0 0 4100 4100
f1w_323 f0_690 f0_976 9.09 -9.09 95.34 0 0 0 4100 4100
f1w_326 f0_419 f0_676 3.46 -3.46 90.25 0 0 0 4100 4100
f1w_329 f0_564 f0_694 -11.48 11.48 91.52 0 0 0 4100 4100
f1w_331 f0_669 f0_690 -10.9 10.9 90.48 0 0 0 4100 4100
f1w_333 f0_228 f0_319 -1.06 1.06 96.27 0 0 0 4100 4100
f1w_335 f0_627 f0_937 -2.87 2.87 92.41 0 0 0 4100 4100
f1w_343 f0_873 f0_968 -0.85 0.85 99.28 0 0 0 4100 4100
f1w_345 f0_543 f0_901 0.59 -0.59 95.75 0 0 0 4100 4100
f1w_348 f0_283 f0_998 7.45 -7.45 93.99 0 0 0 4100 4100
f1w_351 f0_234 f0_628 -0.83 0.83 90.93 0 0 0 4100 4100
f1w_353 f0_481 f0_802 9.04 -9.04 91.79 0 0 0 4100 4100
f1w_357 f0_353 f0_867 -0.45 0.45 92.56 0 0 0 4100 4100
f1w_360 f0_430 f0_522 3.77 -3.77 97.32 0 0 0 4100 4100
f1w_364 f0_410 f0_950 -2.32 2.32 96.44 0 0 0 4100 4100
f1w_369 f0_502 f0_560 10.27 -10.27 89.66 0 0 0 4100 4100
f1w_370 f0_910 f0_981 -7.85 7.85 89.44 0 0 0 4100 4100
f1w_371 f0_730 f0_838 -3.27 3.27 97.2 0 0 0 4100 4100
f1w_372 f0_237 f0_376 -3.48 3.48 94.7 0 0 0 4100 4100
f1w_373 f0_219 f0_879 1.96 -1.96 92.1 0 0 0 4100 4100
f1w_374 f0_258 f0_876 -4.53 4.53 92.47 0 0 0 4100 4100
f1w_375 f0_612 f0_769 -11.79 11.79 90.97 0 0 0 4100 4100
f1w_376 f0_502 f0_807 -11.45 11.45 89.73 0 0 0 4100 4100
f1w_377 f0_347 f0_360 -6.78 6.78 95.11 0 0 0 4100 4100
f1w_378 f0_397 f0_675 -3.89 3.89 93.66 0 0 0 4100 4100
f1w_379 f0_444 f0_977 4.1 -4.1 97.64 0 0 0 4100 4100
f1w_381 f0_239 f0_248 7.45 -7.45 92.27 0 0 0 4100 4100
f1w_386 f0_278 f0_876 -2.7 2.7 92.99 0 0 0 4100 4100
f1w_389 f0_664 f0_958 -9 9 93.61 0 0 0 4100 4100
f1w_390 f0_857 f0_895 -4.04 4.04 95.63 0 0 0 4100 4100
f1w_393 f0_274 f0_295 4.23 -4.23 88.88 0 0 0 4100 4100
f1w_399 f0_596 f0_879 -3.3 3.3 94.63 0 0 0 4100 4100
f1w_400 f0_429 f0_470 -7.14 7.14 92.07 0 0 0 4100 4100
f1w_401 f0_312 f0_507 -3.3 3.3 89.39 0 0 0 4100 4100
f1w_406 f0_334 f0_658 -3.49 3.49 93.14 0 0 0 4100 4100
f1w_407 f0_463 f0_865 6.18 -6.18 92.56 0 0 0 4100 4100
f1w_410 f0_543 f0_598 -6.16 6.16 91.98 0 0 0 4100 4100
f1w_411 f0_213 f0_395 -3.28 3.28 92.25 0 0 0 4100 4100
f1w_413 f0_807 f0_893 -2.68 2.68 97.01 0 0 0 4100 4100
f1w_414 f0_454 f0_620 2.58 -2.58 96.37 0 0 0 4100 4100
f1w_415 f0_562 f0_564 -0.74 0.74 94.26 0 0 0 4100 4100
f1w_416 f0_221 f0_488 0.54 -0.54 94.43 0 0 0 4100 4100
f1w_417 f0_360 f0_479 6.03 -6.03 90.43 0 0 0 4100 4100
f1w_420 f0_298 f0_745 7.98 -7.98 94.46 0 0 0 4100 4100
f1w_422 f0_378 f0_519 -1.77 1.77 93.08 0 0 0 4100 4100
f1w_423 f0_214 f0_413 6.57 -6.57 89.91 0 0 0 4100 4100
f1w_425 f0_686 f0_786 -6.31 6.31 92.1 0 0 0 4100 4100
f1w_426 f0_228 f0_802 -0.69 0.69 91.43 0 0 0 4100 4100
f1w_427 f0_409 f0_831 0.8 -0.8 96.55 0 0 0 4100 4100
f1w_433 f0_239 f0_556 -3.38 3.38 91.21 0 0 0 4100 4100
f1w_436 f0_674 f0_774 1.76 -1.76 93.44 0 0 0 4100 4100
f1w_438 f0_228 f0_822 8.59 -8.59 93.29 0 0 0 4100 4100
f1w_441 f0_240 f0_519 -12.23 12.23 90.23 0 0 0 4100 4100
f1w_442 f0_326 f0_705 6.27 -6.27 94.86 0 0 0 4100 4100
f1w_449 f0_680 f0_803 4.29 -4.29 97.36 0 0 0 4100 4100
f1w_450 f0_686 f0_898 -0.43 0.43 91.78 0 0 0 4100 4100
f1w_451 f0_504 f0_910 -3.21 3.21 96.15 0 0 0 4100 4100
f1w_452 f0_359 f0_398 -6.05 6.05 92.63 0 0 0 4100 4100
f1w_453 f0_254 f0_907 2.2 -2.2 96.75 0 0 0 4100 4100
f1w_457 f0_692 f0_822 7.34 -7.34 94.7 0 0 0 4100 4100
f1w_458 f0_222 f0_640 -10.89 10.89 89.44 0 0 0 4100 4100
f1w_459 f0_860 f0_953 -8.79 8.79 91.29 0 0 0 4100 4100
f1w_462 f0_627 f0_986 -6.46 6.46 94.81 0 0 0 4100 4100
f1w_463 f0_582 f0_669 6.98 -6.98 92.11 0 0 0 4100 4100
f1w_464 f0_322 f0_808 8.2 -8.2 89.37 0 0 0 4100 4100
f1w_465 f0_246 f0_628 -3.21 3.21 93.59 0 0 0 4100 4100
f1w_466 f0_893 f0_932 7 -7 93.08 0 0 0 4100 4100
f1w_467 f0_341 f0_684 -5.41 5.41 92.89 0 0 0 4100 4100
f1w_472 f0_285 f0_981 2.04 -2.04 97.12 0 0 0 4100 4100
f1w_473 f0_260 f0_464 8.54 -8.54 89.37 0 0 0 4100 4100
f1w_474 f0_582 f0_806 4.35 -4.35 95.73 0 0 0 4100 4100
f1w_476 f0_572 f0_829 -3.82 3.82 93.45 0 0 0 4100 4100
f1w_479 f0_218 f0_231 -4.74 4.74 90.53 0 0 0 4100 4100
f1w_483 f0_412 f0_476 9.04 -9.04 90.04 0 0 0 4100 4100
f1w_484 f0_409 f0_977 -1.57 1.57 95.48 0 0 0 4100 4100
f1w_485 f0_466 f0_538 -3.89 3.89 95.35 0 0 0 4100 4100
f1w_486 f0_533 f0_946 -4.84 4.84 91.71 0 0 0 4100 4100
f1w_489 f0_282 f0_707 -7.15 7.15 92.28 0 0 0 4100 4100
f1w_491 f0_433 f0_847 -1.44 1.44 97.86 0 0 0 4100 4100
f1w_493 f0_371 f0_790 6.5 -6.5 94.17 0 0 0 4100 4100
f1w_496 f0_571 f0_595 1.24 -1.24 96.62 0 0 0 4100 4100
f1w_499 f0_825 f0_947 8.03 -8.03 93.26 0 0 0 4100 4100
f2_2 f1h_83 f1w_18 4.77 -4.77 92.53 0 0 0 4100 4100
f2_4 f1h_189 f1h_275 -5.63 5.63 94.86 0 0 0 4100 4100
f2_7 f1h_360 f1w_451 -8.36 8.36 93.91 0 0 0 4100 4100
f2_9 f1h_330 f1w_404 -0.51 0.51 96.22 0 0 0 4100 4100
f2_11 f1w_278 f1w_462 -9.55 9.55 88.28 0 0 0 4100 4100
f2_14 f1h_189 f1w_1 6.84 -6.84 93.39 0 0 0 4100 4100
f2_15 f1h_232 f1h_237 -0.45 0.45 93.3 0 0 0 4100 4100
f2_16 f1h_254 f1w_465 1.99 -1.99 95.71 0 0 0 4100 4100
f2_19 f1w_155 f1w_489 -0.21 0.21 96.44 0 0 0 4100 4100
f2_20 f1w_411 f1w_482 2.44 -2.44 97.26 0 0 0 4100 4100
f2_21 f1h_157 f1h_225 -5.85 5.85 90.72 0 0 0 4100 4100
f2_22 f1h_258 f1w_398 -4.66 4.66 93.07 0 0 0 4100 4100
f2_23 f1h_303 f1w_271 2.82 -2.82 95.92 0 0 0 4100 4100
f2_26 f1h_161 f1w_332 0.41 -0.41 99.07 0 0 0 4100 4100
f2_28 f1h_115 f1w_355 12.73 -12.73 90.45 0 0 0 4100 4100
f2_29 f1h_409 f1w_190 3.46 -3.46 93.42 0 0 0 4100 4100
f2_31 f1h_157 f1h_338 -3.95 3.95 95.64 0 0 0 4100 4100
f2_33 f1w_45 f1w_441 6.99 -6.99 93.59 0 0 0 4100 4100
f2_38 f1w_332 f1w_492 -1.6 1.6 89.58 0 0 0 4100 4100
f2_43 f1h_330 f1w_21 0.97 -0.97 90.88 0 0 0 4100 4100
f2_45 f1h_201 f1w_157 5.62 -5.62 93.1 0 0 0 4100 4100
f2_48 f1h_142 f1w_87 -3.68 3.68 93.69 0 0 0 4100 4100
f2_51 f1h_263 f1h_303 1.83 -1.83 95.5 0 0 0 4100 4100
f2_55 f1h_148 f1w_353 3.84 -3.84 93.99 0 0 0 4100 4100
f2_57 f1w_23 f1w_448 3.43 -3.43 95.77 0 0 0 4100 4100
f2_58 f1h_215 f1w_500 -2.49 2.49 94.38 0 0 0 4100 4100
f2_60 f1w_128 f1w_438 3.29 -3.29 98.6 0 0 0 4100 4100
f2_67 f1h_446 f1w_73 0.86 -0.86 100.69 0 0 0 4100 4100
f2_71 f1h_169 f1h_205 -2.5 2.5 93.47 0 0 0 4100 4100
f2_72 f1h_232 f1h_350 -5.44 5.44 93.48 0 0 0 4100 4100
f2_75 f1w_128 f1w_364 -4.44 4.44 94.2 0 0 0 4100 4100
f2_76 f1h_328 f1w_342 -11.59 11.59 91.01 0 0 0 4100 4100
f2_78 f1w_60 f1w_283 6.15 -6.15 93.59 0 0 0 4100 4100
f2_79 f1h_327 f1w_493 2.33 -2.33 91.8 0 0 0 4100 4100
f2_80 f1h_338 f1w_102 -6.3 6.3 89.67 0 0 0 4100 4100
f2_87 f1w_94 f1w_439 -6.06 6.06 96.28 0 0 0 4100 4100
f2_88 f1h_200 f1h_444 4.55 -4.55 96.41 0 0 0 4100 4100
f2_90 f1h_19 f1w_178 8.64 -8.64 89.99 0 0 0 4100 4100
f2_92 f1w_324 f1w_392 0.43 -0.43 93.03 0 0 0 4100 4100
f2_93 f1h_228 f1h_352 10.51 -10.51 94.49 0 0 0 4100 4100
f2_95 f1h_63 f1h_115 2.78 -2.78 94.91 0 0 0 4100 4100
f2_99 f1h_127 f1w_399 5.64 -5.64 89.43 0 0 0 4100 4100
f2_101 f1h_178 f1w_357 -1.79 1.79 96.32 0 0 0 4100 4100
f2_102 f1h_121 f1h_268 1.67 -1.67 94.95 0 0 0 4100 4100
f2_103 f1h_294 f1w_355 -1.96 1.96 94.34 0 0 0 4100 4100
f2_106 f1h_165 f1w_293 6.25 -6.25 92.23 0 0 0 4100 4100
f2_107 f1h_127 f1h_158 13.31 -13.31 90.18 0 0 0 4100 4100
f2_109 f1h_227 f1w_51 -0.62 0.62 100.49 0 0 0 4100 4100
f2_112 f1h_476 f1w_156 -6.2 6.2 90.22 0 0 0 4100 4100
f2_113 f1h_357 f1w_345 -2.09 2.09 96.13 0 0 0 4100 4100
f2_115 f1h_487 f1w_183 -1.06 1.06 93.45 0 0 0 4100 4100
f2_116 f1h_426 f1w_275 -2.14 2.14 93.75 0 0 0 4100 4100
f2_117 f1h_323 f1w_211 -4.12 4.12 91.62 0 0 0 4100 4100
f2_118 f1h_422 f1h_434 -1.67 1.67 95.65 0 0 0 4100 4100
f2_119 f1h_198 f1w_208 6.19 -6.19 92.38 0 0 0 4100 4100
f2_121 f1h_3 f1h_95 -5.18 5.18 95.13 0 0 0 4100 4100
f2_122 f1h_109 f1h_448 0.77 -0.77 127.26 0 0 0 4100 4100
f2_123 f1h_452 f1w_259 2.95 -2.95 92.24 0 0 0 4100 4100
f2_128 f1h_365 f1w_272 -5.49 5.49 92.53 0 0 0 4100 4100
f2_132 f1h_73 f1h_351 1.07 -1.07 97.53 0 0 0 4100 4100
f2_134 f1h_321 f1w_61 14.57 -14.57 89.43 0 0 0 4100 4100
f2_137 f1w_162 f1w_271 -0.29 0.29 97.28 0 0 0 4100 4100
f2_139 f1w_183 f1w_265 4.4 -4.4 95.14 0 0 0 4100 4100
f2_140 f1w_10 f1w_377 -14 14 89.89 0 0 0 4100 4100
f2_143 f1h_176 f1h_466 -3.78 3.78 95.06 0 0 0 4100 4100
f2_145 f1h_221 f1w_211 6.89 -6.89 91.34 0 0 0 4100 4100
f2_147 f1h_342 f1w_63 -5.53 5.53 98.25 0 0 0 4100 4100
f2_149 f1h_294 f1w_357 10.86 -10.86 91.24 0 0 0 4100 4100
f2_150 f1h_250 f1h_384 8.62 -8.62 90.25 0 0 0 4100 4100
f2_152 f1w_251 f1w_298 -9.14 9.14 89.11 0 0 0 4100 4100
f2_153 f1h_268 f1h_306 -4.43 4.43 94.98 0 0 0 4100 4100
f2_154 f1h_462 f1w_492 2.86 -2.86 89.6 0 0 0 4100 4100
f2_155 f1w_35 f1w_304 -11.06 11.06 93.45 0 0 0 4100 4100
f2_156 f1h_122 f1w_187 -2.83 2.83 95.85 0 0 0 4100 4100
f2_157 f1h_180 f1h_310 6.74 -6.74 88.11 0 0 0 4100 4100
f2_160 f1h_46 f1h_83 1.49 -1.49 92.26 0 0 0 4100 4100
f2_161 f1w_206 f1w_399 4.2 -4.2 92.11 0 0 0 4100 4100
f2_162 f1h_237 f1w_438 -1.16 1.16 95.24 0 0 0 4100 4100
f2_165 f1h_56 f1w_110 11.18 -11.18 89.08 0 0 0 4100 4100
f2_166 f1h_338 f1h_450 -1.94 1.94 94.53 0 0 0 4100 4100
f2_168 f1h_146 f1h_436 5.87 -5.87 90.98 0 0 0 4100 4100
f2_169 f1h_10 f1w_312 -9.77 9.77 91.26 0 0 0 4100 4100
f2_173 f1h_381 f1w_372 0.9 -0.9 98.38 0 0 0 4100 4100
f2_174 f1h_29 f1h_338 -2.3 2.3 96.1 0 0 0 4100 4100
f2_176 f1h_340 f1h_485 -1.91 1.91 94.96 0 0 0 4100 4100
f2_177 f1h_352 f1h_383 -7.03 7.03 90.58 0 0 0 4100 4100
f2_179 f1w_102 f1w_399 4.97 -4.97 92.01 0 0 0 4100 4100
f2_180 f1h_16 f1h_331 -1.41 1.41 93.84 0 0 0 4100 4100
f2_182 f1w_109 f1w_264 0.93 -0.93 94.75 0 0 0 4100 4100
f2_183 f1h_344 f1h_469 5.33 -5.33 94.57 0 0 0 4100 4100
f2_186 f1h_213 f1h_244 -2.52 2.52 92.3 0 0 0 4100 4100
f2_188 f1h_16 f1h_78 -3.3 3.3 93.22 0 0 0 4100 4100
f2_190 f1w_111 f1w_425 -0.41 0.41 97.26 0 0 0 4100 4100
f2_192 f1w_82 f1w_404 0.55 -0.55 95.5 0 0 0 4100 4100
f2_194 f1h_303 f1h_429 -6.46 6.46 90.13 0 0 0 4100 4100
f2_195 f1h_81 f1h_232 -1.15 1.15 98.49 0 0 0 4100 4100
f2_196 f1h_126 f1w_41 -2.75 2.75 89.39 0 0 0 4100 4100
f2_197 f1h_319 f1h_435 -3.74 3.74 93.91 0 0 0 4100 4100
f2_199 f1h_132 f1w_226 0.08 -0.08 98.25 0 0 0 4100 4100
f2_202 f1h_106 f1h_472 -5.88 5.88 92.98 0 0 0 4100 4100
f2_205 f1h_450 f1w_394 6.75 -6.75 90.88 0 0 0 4100 4100
f2_206 f1w_231 f1w_257 4.95 -4.95 93.44 0 0 0 4100 4100
f2_207 f1h_172 f1h_225 -8.85 8.85 89.39 0 0 0 4100 4100
f2_208 f1h_279 f1w_74 3.17 -3.17 93.74 0 0 0 4100 4100
f2_209 f1w_105 f1w_106 4.88 -4.88 97.61 0 0 0 4100 4100
f2_211 f1w_149 f1w_263 5.59 -5.59 95.03 0 0 0 4100 4100
f2_212 f1w_321 f1w_398 -4.05 4.05 92.79 0 0 0 4100 4100
f2_213 f1h_256 f1w_470 -2.36 2.36 96.68 0 0 0 4100 4100
f2_215 f1h_124 f1h_138 -1.75 1.75 99.28 0 0 0 4100 4100
f2_216 f1h_258 f1w_108 -0.66 0.66 100 0 0 0 4100 4100
f2_219 f1w_153 f1w_415 -7.58 7.58 90.61 0 0 0 4100 4100
f2_220 f1h_157 f1h_322 2.54 -2.54 93.23 0 0 0 4100 4100
f2_221 f1h_240 f1w_238 1.21 -1.21 93.28 0 0 0 4100 4100
f2_222 f1h_83 f1h_148 -1.94 1.94 93.99 0 0 0 4100 4100
f2_223 f1h_339 f1w_477 -3.92 3.92 94.37 0 0 0 4100 4100
f2_225 f1h_300 f1w_372 -10.4 10.4 93.87 0 0 0 4100 4100
f2_226 f1h_41 f1w_448 -4.56 4.56 92.69 0 0 0 4100 4100
f2_227 f1h_321 f1h_397 -2.86 2.86 95.13 0 0 0 4100 4100
f2_228 f1h_253 f1h_369 -5.59 5.59 94.32 0 0 0 4100 4100
f2_229 f1h_43 f1h_254 -0.01 0.01 95.34 0 0 0 4100 4100
f2_230 f1h_496 f1w_433 -10.12 10.12 93.57 0 0 0 4100 4100
f2_232 f1h_217 f1w_411 -7.46 7.46 90.71 0 0 0 4100 4100
f2_233 f1h_84 f1w_343 -4.29 4.29 92.18 0 0 0 4100 4100
f2_234 f1h_26 f1w_368 7.78 -7.78 88.68 0 0 0 4100 4100
f2_235 f1w_277 f1w_376 -7.2 7.2 88.59 0 0 0 4100 4100
f2_236 f1h_54 f1w_1 -2.63 2.63 91.83 0 0 0 4100 4100
f2_243 f1h_125 f1w_291 2.13 -2.13 97.21 0 0 0 4100 4100
f2_246 f1w_206 f1w_471 -6.62 6.62 91.98 0 0 0 4100 4100
f2_248 f1h_252 f1h_394 -12.91 12.91 85.88 0 0 0 4100 4100
f2_249 f1h_464 f1w_365 -2.25 2.25 93.71 0 0 0 4100 4100
f2_250 f1w_191 f1w_327 -3.27 3.27 97.83 0 0 0 4100 4100
f2_254 f1w_233 f1w_347 3.1 -3.1 93.63 0 0 0 4100 4100
f2_256 f1h_344 f1w_289 -1.72 1.72 98.64 0 0 0 4100 4100
f2_257 f1h_250 f1h_320 6.69 -6.69 95.14 0 0 0 4100 4100
f2_259 f1h_321 f1w_416 -7.7 7.7 87.84 0 0 0 4100 4100
f2_260 f1h_127 f1h_196 -0.03 0.03 121.68 0 0 0 4100 4100
f2_262 f1w_306 f1w_464 8.29 -8.29 87.86 0 0 0 4100 4100
f2_263 f1h_47 f1w_294 -0.19 0.19 96.61 0 0 0 4100 4100
f2_265 f1h_95 f1w_394 -9.05 9.05 89.77 0 0 0 4100 4100
f2_266 f1w_119 f1w_299 0.86 -0.86 93.7 0 0 0 4100 4100
f2_268 f1h_33 f1h_306 -2.17 2.17 94.36 0 0 0 4100 4100
f2_269 f1h_339 f1w_208 0.08 -0.08 92.46 0 0 0 4100 4100
f2_271 f1h_307 f1h_404 4.36 -4.36 95 0 0 0 4100 4100
f2_272 f1h_5 f1w_205 5.48 -5.48 94.73 0 0 0 4100 4100
f2_273 f1h_230 f1w_36 5.98 -5.98 92.21 0 0 0 4100 4100
f2_275 f1h_394 f1w_369 0.58 -0.58 92.63 0 0 0 4100 4100
f2_276 f1h_133 f1w_259 2.78 -2.78 96.96 0 0 0 4100 4100
f2_278 f1w_10 f1w_167 2.75 -2.75 93.38 0 0 0 4100 4100
f2_288 f1h_107 f1w_51 2.2 -2.2 100.28 0 0 0 4100 4100
f2_289 f1h_84 f1h_390 -2.82 2.82 95.42 0 0 0 4100 4100
f2_291 f1h_81 f1w_34 -0.6 0.6 92.59 0 0 0 4100 4100
f2_295 f1h_132 f1w_149 0.32 -0.32 91.88 0 0 0 4100 4100
f2_296 f1h_285 f1w_397 3.07 -3.07 94.86 0 0 0 4100 4100
f2_298 f1h_162 f1w_423 1.22 -1.22 95.85 0 0 0 4100 4100
f2_299 f1w_128 f1w_143 -3.6 3.6 96.55 0 0 0 4100 4100
f2_301 f1h_146 f1w_427 5.13 -5.13 94.16 0 0 0 4100 4100
f2_302 f1w_88 f1w_146 -5.42 5.42 96.89 0 0 0 4100 4100
f2_305 f1h_342 f1w_488 2.55 -2.55 95.35 0 0 0 4100 4100
f2_308 f1h_457 f1w_449 -7.76 7.76 91.18 0 0 0 4100 4100
f2_309 f1h_436 f1w_269 -4.79 4.79 96.24 0 0 0 4100 4100
f2_310 f1h_311 f1w_72 -4.42 4.42 100.37 0 0 0 4100 4100
f2_312 f1h_176 f1w_313 -10.73 10.73 93.84 0 0 0 4100 4100
f2_313 f1h_416 f1w_498 1.17 -1.17 87.97 0 0 0 4100 4100
f2_315 f1h_262 f1w_477 -2.59 2.59 96.88 0 0 0 4100 4100
f2_316 f1h_312 f1w_301 -3.72 3.72 94.4 0 0 0 4100 4100
f2_322 f1w_187 f1w_296 -3.69 3.69 100.56 0 0 0 4100 4100
f2_325 f1h_317 f1h_455 6.34 -6.34 95.92 0 0 0 4100 4100
f2_327 f1h_302 f1w_64 2.87 -2.87 93.2 0 0 0 4100 4100
f2_332 f1w_248 f1w_286 -5.71 5.71 92.8 0 0 0 4100 4100
f2_335 f1h_451 f1w_83 -1.84 1.84 98.44 0 0 0 4100 4100
f2_336 f1h_203 f1w_231 -5.13 5.13 91.05 0 0 0 4100 4100
f2_344 f1h_254 f1h_429 1.95 -1.95 90.35 0 0 0 4100 4100
f2_347 f1h_413 f1w_263 -0.53 0.53 91.23 0 0 0 4100 4100
f2_348 f1w_38 f1w_394 5.85 -5.85 86.8 0 0 0 4100 4100
f2_351 f1h_165 f1h_401 1.93 -1.93 92.54 0 0 0 4100 4100
f2_353 f1h_365 f1w_43 -1.77 1.77 91.04 0 0 0 4100 4100
f2_355 f1h_331 f1h_377 2.67 -2.67 99.07 0 0 0 4100 4100
f2_357 f1h_438 f1w_31 5.03 -5.03 94.83 0 0 0 4100 4100
f2_360 f1w_191 f1w_290 -3.96 3.96 92.08 0 0 0 4100 4100
f2_362 f1h_179 f1h_219 1 -1 97.27 0 0 0 4100 4100
f2_367 f1h_293 f1h_335 -10.42 10.42 96.05 0 0 0 4100 4100
f2_368 f1h_474 f1w_434 2.46 -2.46 95.04 0 0 0 4100 4100
f2_369 f1h_294 f1w_18 4.6 -4.6 94.54 0 0 0 4100 4100
f2_372 f1h_480 f1h_484 9.48 -9.48 111.45 0 0 0 4100 4100
f2_373 f1w_413 f1w_445 4.93 -4.93 94.64 0 0 0 4100 4100
f2_375 f1h_294 f1w_127 -4.28 4.28 97.24 0 0 0 4100 4100
f2_379 f1h_98 f1h_449 3.5 -3.5 96.98 0 0 0 4100 4100
f2_380 f1h_262 f1h_304 1.85 -1.85 91.36 0 0 0 4100 4100
f2_381 f1w_122 f1w_214 0.65 -0.65 98.45 0 0 0 4100 4100
f2_382 f1h_394 f1w_388 -4.67 4.67 95.09 0 0 0 4100 4100
f2_383 f1h_216 f1w_30 -0.64 0.64 98.06 0 0 0 4100 4100
f2_388 f1h_446 f1h_454 0.86 -0.86 98.13 0 0 0 4100 4100
f2_392 f1h_308 f1h_401 1.72 -1.72 96.09 0 0 0 4100 4100
f2_393 f1w_351 f1w_459 7.15 -7.15 89.76 0 0 0 4100 4100
f2_394 f1h_340 f1w_27 1.61 -1.61 98.22 0 0 0 4100 4100
f2_395 f1h_158 f1h_271 -1.66 1.66 98.85 0 0 0 4100 4100
f2_396 f1h_73 f1w_484 -3.6 3.6 92.46 0 0 0 4100 4100
f2_397 f1h_458 f1w_126 11.31 -11.31 85.6 0 0 0 4100 4100
f2_400 f1h_106 f1h_113 -3.89 3.89 90.64 0 0 0 4100 4100
f2_402 f1h_35 f1h_138 -0.8 0.8 97.22 0 0 0 4100 4100
f2_405 f1h_322 f1w_252 -3.58 3.58 97.12 0 0 0 4100 4100
f2_406 f1w_302 f1w_379 -3.45 3.45 95.08 0 0 0 4100 4100
f2_407 f1w_278 f1w_388 -6.34 6.34 93.37 0 0 0 4100 4100
f2_408 f1h_293 f1w_9 2.91 -2.91 94.7 0 0 0 4100 4100
f2_409 f1h_95 f1w_340 9.76 -9.76 92.48 0 0 0 4100 4100
f2_411 f1h_2 f1w_404 -8.69 8.69 88.68 0 0 0 4100 4100
f2_415 f1h_161 f1h_478 0.8 -0.8 95.46 0 0 0 4100 4100
f2_416 f1h_227 f1h_408 1.7 -1.7 93.32 0 0 0 4100 4100
f2_420 f1w_53 f1w_211 -2.54 2.54 92.93 0 0 0 4100 4100
f2_421 f1h_435 f1w_277 2.37 -2.37 93.92 0 0 0 4100 4100
f2_424 f1h_192 f1w_214 3.44 -3.44 94.66 0 0 0 4100 4100
f2_425 f1h_16 f1w_18 -2.68 2.68 95.4 0 0 0 4100 4100
f2_428 f1h_489 f1w_85 8.26 -8.26 94.9 0 0 0 4100 4100
f2_430 f1h_473 f1w_468 7.51 -7.51 92.36 0 0 0 4100 4100
f2_431 f1h_284 f1h_430 -7.22 7.22 91.2 0 0 0 4100 4100
f2_432 f1h_161 f1w_57 8.69 -8.69 93.78 0 0 0 4100 4100
f2_436 f1h_378 f1h_464 -4.8 4.8 95.18 0 0 0 4100 4100
f2_437 f1h_175 f1h_374 -1.05 1.05 88.07 0 0 0 4100 4100
f2_438 f1h_344 f1w_174 6.51 -6.51 90.96 0 0 0 4100 4100
f2_439 f1w_13 f1w_102 -4.75 4.75 92.61 0 0 0 4100 4100
f2_441 f1w_297 f1w_441 0.12 -0.12 98.73 0 0 0 4100 4100
f2_443 f1w_58 f1w_475 -5.64 5.64 93.24 0 0 0 4100 4100
f2_444 f1h_22 f1w_308 -4.37 4.37 95.91 0 0 0 4100 4100
f2_446 f1h_480 f1w_332 -5.46 5.46 90.33 0 0 0 4100 4100
f2_447 f1h_285 f1w_365 -5.73 5.73 95.46 0 0 0 4100 4100
f2_454 f1w_79 f1w_375 -3.95 3.95 93.48 0 0 0 4100 4100
f2_455 f1w_54 f1w_491 0.11 -0.11 96.42 0 0 0 4100 4100
f2_456 f1h_234 f1w_442 3.98 -3.98 96.29 0 0 0 4100 4100
f2_458 f1h_452 f1w_272 1.38 -1.38 89.18 0 0 0 4100 4100
f2_459 f1h_10 f1w_39 -5.49 5.49 92.58 0 0 0 4100 4100
f2_462 f1h_153 f1h_412 4.65 -4.65 101.18 0 0 0 4100 4100
f2_463 f1w_403 f1w_414 -4.24 4.24 93.18 0 0 0 4100 4100
f2_466 f1h_87 f1w_408 0.79 -0.79 97.81 0 0 0 4100 4100
f2_467 f1h_382 f1h_460 -4.05 4.05 92.41 0 0 0 4100 4100
f2_472 f1h_405 f1h_409 8.91 -8.91 91.85 0 0 0 4100 4100
f2_473 f1h_20 f1h_427 8.83 -8.83 91.86 0 0 0 4100 4100
f2_475 f1h_256 f1w_122 1.22 -1.22 95.28 0 0 0 4100 4100
f2_476 f1w_190 f1w_267 -5.84 5.84 97.63 0 0 0 4100 4100
f2_477 f1h_56 f1w_141 5.26 -5.26 87.65 0 0 0 4100 4100
f2_479 f1w_124 f1w_292 3.46 -3.46 92.93 0 0 0 4100 4100
f2_480 f1h_286 f1w_286 -5.88 5.88 92.97 0 0 0 4100 4100
f2_482 f1h_25 f1h_324 -11.8 11.8 89.29 0 0 0 4100 4100
f2_484 f1h_346 f1w_272 1.54 -1.54 97.16 0 0 0 4100 4100
f2_485 f1w_140 f1w_323 6.24 -6.24 99.39 0 0 0 4100 4100
f2_486 f1h_342 f1w_498 -5.98 5.98 93.47 0 0 0 4100 4100
f2_487 f1h_391 f1w_122 -0.67 0.67 96.78 0 0 0 4100 4100
f2_488 f1w_463 f1w_486 -4.82 4.82 90.75 0 0 0 4100 4100
f2_489 f1w_218 f1w_338 -3.21 3.21 96.06 0 0 0 4100 4100
f2_490 f1h_131 f1h_175 2.01 -2.01 90.52 0 0 0 4100 4100
f2_491 f1h_365 f1w_191 -7.52 7.52 94.4 0 0 0 4100 4100
f2_492 f1w_275 f1w_468 -2.84 2.84 91.61 0 0 0 4100 4100
f2_493 f1w_28 f1w_320 5.12 -5.12 95.73 0 0 0 4100 4100
f2_494 f1w_74 f1w_336 -7.85 7.85 87.35 0 0 0 4100 4100
f2_496 f1h_356 f1w_71 -3.45 3.45 94.53 0 0 0 4100 4100
f2_497 f1w_85 f1w_164 -2.06 2.06 94.32 0 0 0 4100 4100
f2_500 f1w_319 f1w_371 8.6 -8.6 94.33 0 0 0 4100 4100
f2_502 f1h_202 f1w_333 6.31 -6.31 90.48 0 0 0 4100 4100
f2_503 f1w_288 f1w_453 1.93 -1.93 92.71 0 0 0 4100 4100
f2_505 f1h_490 f1w_388 -9.39 9.39 87.17 0 0 0 4100 4100
f2_507 f1h_355 f1w_74 3.41 -3.41 92.9 0 0 0 4100 4100
f2_508 f1h_436 f1w_243 -5.86 5.86 94.21 0 0 0 4100 4100
f2_509 f1h_73 f1w_413 -4.16 4.16 95.68 0 0 0 4100 4100
f2_510 f1h_147 f1h_231 4.3 -4.3 92.86 0 0 0 4100 4100
f2_513 f1h_139 f1w_266 7.09 -7.09 94.25 0 0 0 4100 4100
f2_514 f1h_391 f1h_392 -1.84 1.84 96.68 0 0 0 4100 4100
f2_515 f1h_258 f1w_119 2.75 -2.75 92.54 0 0 0 4100 4100
f2_524 f1h_59 f1w_163 3.82 -3.82 98.43 0 0 0 4100 4100
f2_525 f1h_277 f1w_52 5.68 -5.68 93.08 0 0 0 4100 4100
f2_529 f1h_264 f1w_75 2.31 -2.31 96.86 0 0 0 4100 4100
f2_530 f1w_151 f1w_159 -5.68 5.68 91.4 0 0 0 4100 4100
f2_531 f1h_7 f1h_444 2.13 -2.13 96.71 0 0 0 4100 4100
f2_532 f1h_222 f1h_333 -3.89 3.89 89.12 0 0 0 4100 4100
f2_533 f1h_254 f1w_109 -6.56 6.56 89.82 0 0 0 4100 4100
f2_534 f1w_27 f1w_55 -0.64 0.64 97.59 0 0 0 4100 4100
f2_538 f1w_14 f1w_365 4.08 -4.08 92.23 0 0 0 4100 4100
f2_542 f1w_395 f1w_475 7.35 -7.35 95.52 0 0 0 4100 4100
f2_544 f1h_199 f1w_224 -2.28 2.28 94.9 0 0 0 4100 4100
f2_549 f1h_102 f1h_455 -9.03 9.03 117.43 0 0 0 4100 4100
f2_554 f1h_401 f1h_455 0.8 -0.8 95.41 0 0 0 4100 4100
f2_556 f1h_258 f1w_373 5.98 -5.98 99.71 0 0 0 4100 4100
f2_561 f1h_93 f1w_452 -4.37 4.37 86.6 0 0 0 4100 4100
f2_562 f1h_239 f1h_339 3.89 -3.89 93.07 0 0 0 4100 4100
f2_564 f1w_281 f1w_403 -3.54 3.54 92.89 0 0 0 4100 4100
f2_566 f1h_30 f1w_154 -2.02 2.02 90.38 0 0 0 4100 4100
f2_567 f1w_129 f1w_414 -2.66 2.66 100.74 0 0 0 4100 4100
f2_568 f1h_339 f1h_416 1.02 -1.02 90.67 0 0 0 4100 4100
f2_569 f1h_82 f1h_405 2.4 -2.4 91.49 0 0 0 4100 4100
f2_570 f1w_311 f1w_360 3.68 -3.68 95.27 0 0 0 4100 4100
f2_573 f1w_202 f1w_411 2.23 -2.23 96.86 0 0 0 4100 4100
f2_575 f1w_262 f1w_427 1.58 -1.58 91.23 0 0 0 4100 4100
f2_576 f1h_192 f1h_240 2.02 -2.02 93.94 0 0 0 4100 4100
f2_583 f1h_328 f1w_427 -3.6 3.6 93.14 0 0 0 4100 4100
f2_584 f1h_80 f1h_284 5.54 -5.54 95.33 0 0 0 4100 4100
f2_588 f1w_246 f1w_248 -0.71 0.71 100.33 0 0 0 4100 4100
f2_589 f1h_265 f1h_459 0.52 -0.52 95 0 0 0 4100 4100
f2_593 f1h_1 f1w_298 2.27 -2.27 91.42 0 0 0 4100 4100
f2_594 f1h_302 f1w_473 -3.62 3.62 94.02 0 0 0 4100 4100
f2_597 f1h_127 f1w_342 -5.36 5.36 92.92 0 0 0 4100 4100
f2_599 f1w_152 f1w_493 -4.59 4.59 96.83 0 0 0 4100 4100
f2_600 f1h_71 f1h_88 -3.6 3.6 100.37 0 0 0 4100 4100
f2_601 f1h_208 f1w_76 -3.55 3.55 96.25 0 0 0 4100 4100
f2_602 f1h_39 f1w_297 3.08 -3.08 93.49 0 0 0 4100 4100
f2_605 f1h_156 f1h_410 2.13 -2.13 93.25 0 0 0 4100 4100
f2_606 f1w_111 f1w_351 -3.87 3.87 90.99 0 0 0 4100 4100
f2_608 f1h_370 f1h_426 6.51 -6.51 88.68 0 0 0 4100 4100
f2_609 f1h_106 f1h_352 1.11 -1.11 99.8 0 0 0 4100 4100
f2_612 f1h_214 f1w_467 -2.51 2.51 93.74 0 0 0 4100 4100
f2_613 f1h_390 f1w_43 -11.47 11.47 88.23 0 0 0 4100 4100
f2_617 f1h_145 f1w_390 9.25 -9.25 89.79 0 0 0 4100 4100
f2_619 f1h_198 f1w_58 -3.72 3.72 95.78 0 0 0 4100 4100
f2_620 f1h_162 f1h_248 -1.98 1.98 95.31 0 0 0 4100 4100
f2_623 f1h_476 f1w_441 9.91 -9.91 92.24 0 0 0 4100 4100
f2_631 f1h_333 f1w_390 -0.41 0.41 97.39 0 0 0 4100 4100
f2_632 f1h_427 f1w_72 10.32 -10.32 90.66 0 0 0 4100 4100
f2_634 f1w_223 f1w_379 8.86 -8.86 91.84 0 0 0 4100 4100
f2_640 f1h_157 f1w_349 -2 2 94.55 0 0 0 4100 4100
f2_642 f1h_341 f1h_346 -0.5 0.5 96.71 0 0 0 4100 4100
f2_643 f1h_92 f1w_263 6.01 -6.01 91.37 0 0 0 4100 4100
f2_644 f1h_126 f1w_262 -3.38 3.38 97.51 0 0 0 4100 4100
f2_645 f1w_72 f1w_450 -5.69 5.69 93.42 0 0 0 4100 4100
f2_651 f1h_436 f1w_458 10.42 -10.42 90.61 0 0 0 4100 4100
f2_655 f1h_480 f1w_203 -4.58 4.58 96.68 0 0 0 4100 4100
f2_656 f1h_279 f1w_30 3.52 -3.52 93.08 0 0 0 4100 4100
f2_658 f1h_209 f1h_465 4.46 -4.46 91.15 0 0 0 4100 4100
f2_659 f1w_109 f1w_424 3.33 -3.33 96.49 0 0 0 4100 4100
f2_662 f1h_41 f1h_140 -2.78 2.78 94.34 0 0 0 4100 4100
f2_663 f1h_47 f1h_476 3.14 -3.14 92.67 0 0 0 4100 4100
f2_664 f1h_418 f1w_381 -6.92 6.92 95.12 0 0 0 4100 4100
f2_665 f1h_118 f1w_54 -1.14 1.14 93.64 0 0 0 4100 4100
f2_666 f1w_151 f1w_450 2.96 -2.96 95.62 0 0 0 4100 4100
f2_667 f1h_98 f1h_368 1.2 -1.2 95.5 0 0 0 4100 4100
f2_668 f1w_420 f1w_441 -2.59 2.59 93.77 0 0 0 4100 4100
f2_669 f1h_258 f1w_221 3.96 -3.96 96.48 0 0 0 4100 4100
f2_675 f1h_147 f1w_434 -4.01 4.01 93.6 0 0 0 4100 4100
f2_678 f1h_308 f1h_410 -3.43 3.43 93.01 0 0 0 4100 4100
f2_679 f1h_127 f1h_355 0.7 -0.7 94.68 0 0 0 4100 4100
f2_680 f1h_179 f1h_380 -6.74 6.74 96.3 0 0 0 4100 4100
f2_681 f1h_404 f1w_422 4.22 -4.22 89.11 0 0 0 4100 4100
f2_685 f1h_400 f1h_405 5.22 -5.22 92.93 0 0 0 4100 4100
f2_686 f1h_107 f1w_347 5.3 -5.3 94.2 0 0 0 4100 4100
f2_687 f1h_19 f1w_296 2.36 -2.36 92.63 0 0 0 4100 4100
f2_689 f1h_190 f1w_284 0.34 -0.34 96.4 0 0 0 4100 4100
f2_691 f1h_251 f1h_419 -0.05 0.05 95.3 0 0 0 4100 4100
f2_694 f1h_93 f1w_279 6.79 -6.79 89.32 0 0 0 4100 4100
f2_695 f1h_167 f1w_213 3.05 -3.05 95.84 0 0 0 4100 4100
f2_697 f1h_190 f1w_319 5.15 -5.15 91.91 0 0 0 4100 4100
f2_699 f1w_39 f1w_368 14.85 -14.85 90.43 0 0 0 4100 4100
f2_707 f1h_451 f1w_24 1.28 -1.28 92.33 0 0 0 4100 4100
f2_709 f1h_205 f1w_133 -2.52 2.52 88.74 0 0 0 4100 4100
f2_711 f1h_496 f1w_368 1.78 -1.78 97.35 0 0 0 4100 4100
f2_712 f1h_373 f1w_199 5.8 -5.8 92.68 0 0 0 4100 4100
f2_715 f1h_171 f1h_460 -0.97 0.97 93.82 0 0 0 4100 4100
f2_719 f1h_262 f1h_450 -2.11 2.11 96.28 0 0 0 4100 4100
f2_720 f1h_178 f1w_252 -5.22 5.22 88.47 0 0 0 4100 4100
f2_721 f1h_141 f1h_230 1.96 -1.96 92.45 0 0 0 4100 4100
f2_724 f1h_360 f1w_174 -6.3 6.3 93.28 0 0 0 4100 4100
f2_726 f1h_414 f1w_222 -4.66 4.66 95.12 0 0 0 4100 4100
f2_727 f1h_159 f1w_90 7.51 -7.51 92.96 0 0 0 4100 4100
f2_729 f1h_425 f1w_75 4.3 -4.3 92.86 0 0 0 4100 4100
f2_730 f1h_145 f1h_230 2.67 -2.67 89.13 0 0 0 4100 4100
f2_732 f1w_65 f1w_449 -3.59 3.59 96.43 0 0 0 4100 4100
f2_733 f1w_267 f1w_440 0.72 -0.72 96.42 0 0 0 4100 4100
f2_735 f1h_455 f1w_465 1.76 -1.76 96.03 0 0 0 4100 4100
f2_736 f1h_489 f1w_89 -6.48 6.48 93.75 0 0 0 4100 4100
f2_737 f1h_46 f1w_349 -6.94 6.94 92.41 0 0 0 4100 4100
f2_739 f1h_217 f1w_160 -2.79 2.79 98.05 0 0 0 4100 4100
f2_744 f1h_256 f1w_263 0.78 -0.78 92.22 0 0 0 4100 4100
f2_745 f1h_166 f1w_55 2.12 -2.12 94.35 0 0 0 4100 4100
f2_748 f1h_257 f1w_54 5.58 -5.58 91.62 0 0 0 4100 4100
f2_754 f1w_365 f1w_424 8.66 -8.66 90.93 0 0 0 4100 4100
f2_757 f1h_60 f1h_170 4.87 -4.87 92.77 0 0 0 4100 4100
f2_758 f1h_230 f1h_339 -1.41 1.41 94.88 0 0 0 4100 4100
f2_759 f1w_296 f1w_371 -0.25 0.25 98.92 0 0 0 4100 4100
f2_760 f1h_228 f1h_473 1.98 -1.98 96.14 0 0 0 4100 4100
f2_762 f1w_70 f1w_230 4.72 -4.72 98.72 0 0 0 4100 4100
f2_764 f1w_41 f1w_224 0.18 -0.18 98.58 0 0 0 4100 4100
f2_766 f1h_414 f1w_92 -6.08 6.08 92.45 0 0 0 4100 4100
f2_767 f1h_321 f1w_356 -5.18 5.18 92.54 0 0 0 4100 4100
f2_769 f1h_35 f1h_234 -9.94 9.94 92.73 0 0 0 4100 4100
f2_770 f1h_51 f1w_297 -3.85 3.85 94.24 0 0 0 4100 4100
f2_771 f1h_240 f1w_399 3.77 -3.77 90.66 0 0 0 4100 4100
f2_772 f1h_388 f1w_111 0.53 -0.53 91.58 0 0 0 4100 4100
f2_773 f1w_202 f1w_261 6.83 -6.83 91.6 0 0 0 4100 4100
f2_774 f1h_80 f1h_482 6.12 -6.12 90.62 0 0 0 4100 4100
f2_778 f1h_104 f1w_283 -0.98 0.98 94.48 0 0 0 4100 4100
f2_781 f1h_475 f1w_105 -3.65 3.65 92.95 0 0 0 4100 4100
f2_782 f1w_199 f1w_428 4.47 -4.47 96.09 0 0 0 4100 4100
f2_784 f1w_424 f1w_444 -0.28 0.28 100.23 0 0 0 4100 4100
f2_785 f1h_90 f1h_323 11.6 -11.6 87.61 0 0 0 4100 4100
f2_786 f1h_187 f1w_393 -6.16 6.16 95.44 0 0 0 4100 4100
f2_787 f1h_291 f1w_101 3.37 -3.37 95.88 0 0 0 4100 4100
f2_789 f1h_308 f1h_451 -3.63 3.63 93.65 0 0 0 4100 4100
f2_791 f1h_60 f1h_401 -10.56 10.56 90.28 0 0 0 4100 4100
f2_797 f1w_72 f1w_232 6.92 -6.92 98.29 0 0 0 4100 4100
f2_798 f1w_160 f1w_353 2.85 -2.85 93.43 0 0 0 4100 4100
f2_799 f1h_124 f1h_399 1.82 -1.82 94.6 0 0 0 4100 4100
f2_800 f1w_74 f1w_456 5.43 -5.43 91.92 0 0 0 4100 4100
f2_803 f1h_141 f1h_158 4.35 -4.35 96.82 0 0 0 4100 4100
f2_804 f1h_450 f1w_252 4.4 -4.4 91.03 0 0 0 4100 4100
f2_806 f1h_146 f1h_354 0.99 -0.99 94.21 0 0 0 4100 4100
f2_808 f1w_26 f1w_112 -7.27 7.27 95.47 0 0 0 4100 4100
f2_809 f1h_306 f1w_21 -0.69 0.69 95.15 0 0 0 4100 4100
f2_810 f1h_365 f1w_343 8.86 -8.86 89.18 0 0 0 4100 4100
f2_811 f1h_328 f1h_451 8.34 -8.34 96.4 0 0 0 4100 4100
f2_812 f1h_362 f1w_53 -3.35 3.35 97.31 0 0 0 4100 4100
f2_816 f1h_136 f1h_460 0.58 -0.58 100.05 0 0 0 4100 4100
f2_817 f1h_290 f1w_218 -0.09 0.09 98.29 0 0 0 4100 4100
f2_820 f1h_298 f1h_305 2.93 -2.93 90.77 0 0 0 4100 4100
f2_821 f1h_381 f1w_218 -0.74 0.74 97.68 0 0 0 4100 4100
f2_823 f1w_229 f1w_381 5.02 -5.02 90.03 0 0 0 4100 4100
f2_824 f1h_136 f1w_159 -1.48 1.48 95.06 0 0 0 4100 4100
f2_826 f1h_208 f1w_369 4.53 -4.53 94.92 0 0 0 4100 4100
f2_831 f1h_464 f1w_72 1.37 -1.37 99.1 0 0 0 4100 4100
f2_833 f1h_20 f1h_102 2.76 -2.76 98.53 0 0 0 4100 4100
f2_835 f1h_4 f1w_299 -5.96 5.96 98.11 0 0 0 4100 4100
f2_837 f1h_167 f1w_126 3.95 -3.95 97.16 0 0 0 4100 4100
f2_840 f1h_11 f1h_206 2.2 -2.2 95.57 0 0 0 4100 4100
f2_842 f1w_41 f1w_491 -1.28 1.28 95 0 0 0 4100 4100
f2_843 f1h_157 f1h_260 0.24 -0.24 93.49 0 0 0 4100 4100
f2_848 f1w_134 f1w_475 11.69 -11.69 90.98 0 0 0 4100 4100
f2_849 f1w_8 f1w_468 7.02 -7.02 90.88 0 0 0 4100 4100
f2_853 f1h_369 f1w_27 11.09 -11.09 93 0 0 0 4100 4100
f2_854 f1h_378 f1w_89 -7.74 7.74 91.42 0 0 0 4100 4100
f2_855 f1h_405 f1w_1 7.67 -7.67 92.97 0 0 0 4100 4100
f2_857 f1h_126 f1w_226 2.86 -2.86 97.39 0 0 0 4100 4100
f2_859 f1h_328 f1w_353 -6.14 6.14 89.82 0 0 0 4100 4100
f2_861 f1h_41 f1h_316 -1.22 1.22 96.02 0 0 0 4100 4100
f2_864 f1h_296 f1h_407 -4.8 4.8 92.49 0 0 0 4100 4100
f2_867 f1h_133 f1h_136 -1.66 1.66 94.49 0 0 0 4100 4100
f2_870 f1h_17 f1h_145 3.98 -3.98 92.59 0 0 0 4100 4100
f2_872 f1h_318 f1w_127 8.25 -8.25 89.66 0 0 0 4100 4100
f2_874 f1h_1 f1w_162 7.66 -7.66 90.62 0 0 0 4100 4100
f2_876 f1h_148 f1w_114 5.59 -5.59 94.49 0 0 0 4100 4100
f2_877 f1h_285 f1w_302 -7.14 7.14 92.17 0 0 0 4100 4100
f2_880 f1h_344 f1w_151 -5.09 5.09 92.91 0 0 0 4100 4100
f2_885 f1w_304 f1w_311 -2.37 2.37 94.94 0 0 0 4100 4100
f2_888 f1h_50 f1w_284 -1.61 1.61 94.78 0 0 0 4100 4100
f2_889 f1h_312 f1w_415 8.24 -8.24 96.65 0 0 0 4100 4100
f2_890 f1w_312 f1w_420 -1.73 1.73 94.16 0 0 0 4100 4100
f2_894 f1h_102 f1h_149 2.67 -2.67 96.99 0 0 0 4100 4100
f2_897 f1w_35 f1w_193 1.01 -1.01 96.05 0 0 0 4100 4100
f2_900 f1h_183 f1w_106 0.34 -0.34 92.26 0 0 0 4100 4100
f2_901 f1w_488 f1w_491 -4.51 4.51 91.86 0 0 0 4100 4100
f2_902 f1h_24 f1h_244 -8.28 8.28 96.9 0 0 0 4100 4100
f2_905 f1h_60 f1w_358 3.72 -3.72 96.04 0 0 0 4100 4100
f2_908 f1h_217 f1w_164 0.85 -0.85 94.04 0 0 0 4100 4100
f2_910 f1h_114 f1w_19 0 0 93.86 0 0 0 4100 4100
f2_912 f1h_3 f1h_101 4.03 -4.03 91.65 0 0 0 4100 4100
f2_914 f1h_18 f1h_108 1.32 -1.32 96.65 0 0 0 4100 4100
f2_919 f1h_83 f1w_146 -5.91 5.91 90.4 0 0 0 4100 4100
f2_920 f1h_419 f1h_435 -4.14 4.14 94.54 0 0 0 4100 4100
f2_921 f1h_171 f1h_196 -0.6 0.6 94.03 0 0 0 4100 4100
f2_923 f1h_141 f1w_27 -4.18 4.18 92.25 0 0 0 4100 4100
f2_925 f1h_303 f1w_427 -2.09 2.09 94.53 0 0 0 4100 4100
f2_927 f1h_284 f1w_336 -5.33 5.33 90.33 0 0 0 4100 4100
f2_928 f1h_92 f1w_364 6.73 -6.73 92.29 0 0 0 4100 4100
f2_929 f1h_214 f1h_285 0.76 -0.76 96.17 0 0 0 4100 4100
f2_932 f1h_29 f1w_333 -4.62 4.62 96.81 0 0 0 4100 4100
f2_935 f1h_439 f1w_488 4.16 -4.16 98.5 0 0 0 4100 4100
f2_936 f1h_322 f1h_462 -0.52 0.52 92.45 0 0 0 4100 4100
f2_937 f1h_230 f1h_475 4.22 -4.22 93.52 0 0 0 4100 4100
f2_938 f1h_17 f1h_232 1.43 -1.43 97.45 0 0 0 4100 4100
f2_940 f1h_235 f1w_213 -6.87 6.87 95.53 0 0 0 4100 4100
f2_946 f1h_221 f1w_363 -11.67 11.67 91.47 0 0 0 4100 4100
f2_947 f1h_429 f1w_457 6.97 -6.97 95.03 0 0 0 4100 4100
f2_948 f1h_41 f1h_113 -0.47 0.47 95.1 0 0 0 4100 4100
f2_950 f1h_213 f1w_418 2.84 -2.84 96.36 0 0 0 4100 4100
f2_952 f1h_186 f1w_492 -9.16 9.16 88 0 0 0 4100 4100
f2_953 f1h_485 f1w_265 1.46 -1.46 96.89 0 0 0 4100 4100
f2_954 f1h_365 f1w_162 2.36 -2.36 96.32 0 0 0 4100 4100
f2_956 f1h_262 f1w_247 -8.58 8.58 88.02 0 0 0 4100 4100
f2_957 f1h_460 f1w_9 -2.05 2.05 93.34 0 0 0 4100 4100
f2_963 f1h_473 f1w_247 7.88 -7.88 93.74 0 0 0 4100 4100
f2_964 f1h_341 f1w_398 -4.11 4.11 95.83 0 0 0 4100 4100
f2_967 f1h_141 f1w_3 -1.57 1.57 100.38 0 0 0 4100 4100
f2_972 f1w_41 f1w_360 6.49 -6.49 95.24 0 0 0 4100 4100
f2_975 f1w_60 f1w_321 6.29 -6.29 90.51 0 0 0 4100 4100
f2_978 f1w_4 f1w_63 -1.55 1.55 94.47 0 0 0 4100 4100
f2_979 f1h_189 f1w_310 -5.56 5.56 94.57 0 0 0 4100 4100
f2_980 f1h_412 f1w_135 2.69 -2.69 94.9 0 0 0 4100 4100
f2_982 f1h_404 f1w_360 -1.54 1.54 98.34 0 0 0 4100 4100
f2_983 f1h_350 f1w_151 -4.88 4.88 94.17 0 0 0 4100 4100
f2_985 f1w_463 f1w_488 9.09 -9.09 97.71 0 0 0 4100 4100
f2_988 f1w_94 f1w_355 1.68 -1.68 97.49 0 0 0 4100 4100
f2_990 f1h_368 f1h_415 4.27 -4.27 94.38 0 0 0 4100 4100
f2_994 f1w_124 f1w_302 -9.69 9.69 90.34 0 0 0 4100 4100
f2_997 f1h_106 f1h_220 -4.28 4.28 89.23 0 0 0 4100 4100
f2_999 f1w_214 f1w_452 9.85 -9.85 92.7 0 0 0 4100 4100
