id parent1 parent2 LLRparent1 LLRparent2 LLRpair OHparent1 OHparent2 MEpair SNPd.id.parent1 SNPd.id.parent2
f1h_1 f0_104 f0_111 -13.07 13.07 185.51 0 0 0 8223 8223
f1h_2 f0_7 f0_143 6.28 -6.28 187.28 0 0 0 8223 8223
f1h_3 f0_11 f0_58 15.84 -15.84 179.01 0 0 0 8223 8223
f1h_4 f0_66 f0_136 3.15 -3.15 190.41 0 0 0 8223 8223
f1h_6 f0_8 f0_161 3.3 -3.3 188.77 0 0 0 8223 8223
f1h_8 f0_53 f0_168 15.6 -15.6 180.29 0 0 0 8223 8223
f1h_9 f0_108 f0_198 -1.6 1.6 192.85 0 0 0 8223 8223
f1h_10 f0_110 f0_172 8.73 -8.73 184.79 0 0 0 8223 8223
f1h_12 f0_143 f0_186 7.29 -7.29 188.05 0 0 0 8223 8223
f1h_13 f0_14 f0_51 -4.89 4.89 190.59 0 0 0 8223 8223
f1h_14 f0_2 f0_126 -8.4 8.4 192.46 0 0 0 8223 8223
f1h_16 f0_13 f0_87 -3.18 3.18 195.79 0 0 0 8223 8223
f1h_17 f0_76 f0_176 -11.8 11.8 187.6 0 0 0 8223 8223
f1h_18 f0_42 f0_72 1.27 -1.27 186.37 0 0 0 8223 8223
f1h_19 f0_4 f0_119 -10.31 10.31 189.99 0 0 0 8223 8223
f1h_20 f0_109 f0_143 -3.32 3.32 184.39 0 0 0 8223 8223
f1h_21 f0_2 f0_184 -2.4 2.4 188.73 0 0 0 8223 8223
f1h_22 f0_51 f0_128 -2.68 2.68 193.17 0 0 0 8223 8223
f1h_23 f0_87 f0_133 0.87 -0.87 192.11 0 0 0 8223 8223
f1h_24 f0_149 f0_156 -12.41 12.41 189.38 0 0 0 8223 8223
f1h_25 f0_61 f0_96 -9.83 9.83 180.85 0 0 0 8223 8223
f1h_26 f0_7 f0_77 1.49 -1.49 192.81 0 0 0 8223 8223
f1h_27 f0_188 f0_194 -10.74 10.74 186.13 0 0 0 8223 8223
f1h_29 f0_22 f0_142 -1.3 1.3 191.3 0 0 0 8223 8223
f1h_30 f0_14 f0_61 3.44 -3.44 187.83 0 0 0 8223 8223
f1h_31 f0_70 f0_81 -3.94 3.94 190.3 0 0 0 8223 8223
f1h_32 f0_16 f0_41 5.51 -5.51 189.2 0 0 0 8223 8223
f1h_33 f0_110 f0_165 -2.62 2.62 192.25 0 0 0 8223 8223
f1h_34 f0_153 f0_168 -13.33 13.33 177.8 0 0 0 8223 8223
f1h_35 f0_25 f0_47 -3.33 3.33 185.9 0 0 0 8223 8223
f1h_37 f0_37 f0_55 0.83 -0.83 190.85 0 0 0 8223 8223
f1h_38 f0_2 f0_182 -5.46 5.46 190.7 0 0 0 8223 8223
f1h_39 f0_75 f0_142 -5.72 5.72 187.54 0 0 0 8223 8223
f1h_41 f0_39 f0_168 5.05 -5.05 190.74 0 0 0 8223 8223
f1h_42 f0_7 f0_18 12.93 -12.93 182 0 0 0 8223 8223
f1h_43 f0_48 f0_65 5.86 -5.86 189.43 0 0 0 8223 8223
f1h_44 f0_89 f0_160 -11.58 11.58 184.19 0 0 0 8223 8223
f1h_46 f0_88 f0_159 -4.62 4.62 190.78 0 0 0 8223 8223
f1h_47 f0_72 f0_135 1.8 -1.8 193.74 0 0 0 8223 8223
f1h_48 f0_122 f0_127 -4.87 4.87 189.51 0 0 0 8223 8223
f1h_49 f0_54 f0_119 -7.24 7.24 185.71 0 0 0 8223 8223
f1h_51 f0_104 f0_107 11.22 -11.22 192.02 0 0 0 8223 8223
f1h_52 f0_99 f0_135 5.02 -5.02 183.66 0 0 0 8223 8223
f1h_54 f0_37 f0_173 -13.04 13.04 182.56 0 0 0 8223 8223
f1h_55 f0_114 f0_183 -6.03 6.03 196.11 0 0 0 8223 8223
f1h_56 f0_97 f0_174 14.27 -14.27 179.67 0 0 0 8223 8223
f1h_57 f0_95 f0_124 10.49 -10.49 187.05 0 0 0 8223 8223
f1h_59 f0_7 f0_182 1.28 -1.28 190.55 0 0 0 8223 8223
f1h_60 f0_120 f0_175 6.89 -6.89 187.14 0 0 0 8223 8223
f1h_61 f0_63 f0_72 10.07 -10.07 185.59 0 0 0 8223 8223
f1h_62 f0_181 f0_188 -1.44 1.44 195.53 0 0 0 8223 8223
f1h_65 f0_47 f0_87 8.7 -8.7 185.38 0 0 0 8223 8223
f1h_67 f0_59 f0_79 -2.62 2.62 190.75 0 0 0 8223 8223
f1h_68 f0_74 f0_118 3.34 -3.34 190.48 0 0 0 8223 8223
f1h_69 f0_42 f0_63 -0.1 0.1 191.34 0 0 0 8223 8223
f1h_71 f0_41 f0_75 9.7 -9.7 191.25 0 0 0 8223 8223
f1h_73 f0_42 f0_80 2.03 -2.03 189.63 0 0 0 8223 8223
f1h_74 f0_154 f0_199 0.91 -0.91 186 0 0 0 8223 8223
f1h_78 f0_67 f0_72 -1.68 1.68 194.46 0 0 0 8223 8223
f1h_79 f0_24 f0_67 -1.39 1.39 194.7 0 0 0 8223 8223
f1h_81 f0_60 f0_102 -2.28 2.28 187.47 0 0 0 8223 8223
f1h_82 f0_47 f0_171 7.38 -7.38 189 0 0 0 8223 8223
f1h_83 f0_93 f0_162 -0.65 0.65 190.18 0 0 0 8223 8223
f1h_86 f0_24 f0_121 3.16 -3.16 190.01 0 0 0 8223 8223
f1h_87 f0_57 f0_159 -4.78 4.78 185.25 0 0 0 8223 8223
f1h_88 f0_58 f0_84 8.21 -8.21 193.79 0 0 0 8223 8223
f1h_89 f0_43 f0_132 -4.45 4.45 190.04 0 0 0 8223 8223
f1h_91 f0_101 f0_159 -3.07 3.07 186.52 0 0 0 8223 8223
f1h_92 f0_8 f0_86 -2.95 2.95 197.19 0 0 0 8223 8223
f1h_94 f0_44 f0_170 -9.4 9.4 183.15 0 0 0 8223 8223
f1h_95 f0_115 f0_147 15.63 -15.63 184.77 0 0 0 8223 8223
f1h_97 f0_74 f0_168 0.93 -0.93 190.83 0 0 0 8223 8223
f1h_99 f0_156 f0_188 -10.41 10.41 193.55 0 0 0 8223 8223
f1h_101 f0_30 f0_120 2.01 -2.01 194.19 0 0 0 8223 8223
f1h_102 f0_70 f0_86 4.07 -4.07 197.28 0 0 0 8223 8223
f1h_103 f0_27 f0_31 -4.86 4.86 187.61 0 0 0 8223 8223
f1h_104 f0_30 f0_38 10.33 -10.33 188.98 0 0 0 8223 8223
f1h_105 f0_27 f0_138 -0.94 0.94 191.22 0 0 0 8223 8223
f1h_106 f0_6 f0_157 7.56 -7.56 184.7 0 0 0 8223 8223
f1h_107 f0_17 f0_32 10.05 -10.05 179.51 0 0 0 8223 8223
f1h_108 f0_45 f0_103 0.82 -0.82 195.96 0 0 0 8223 8223
f1h_109 f0_135 f0_190 -9.38 9.38 187.79 0 0 0 8223 8223
f1h_111 f0_114 f0_167 -4.83 4.83 185.07 0 0 0 8223 8223
f1h_112 f0_124 f0_134 -3.72 3.72 193.85 0 0 0 8223 8223
f1h_113 f0_84 f0_103 -1.88 1.88 197.11 0 0 0 8223 8223
f1h_114 f0_96 f0_102 8.32 -8.32 190.9 0 0 0 8223 8223
f1h_115 f0_38 f0_156 5.37 -5.37 190.98 0 0 0 8223 8223
f1h_117 f0_12 f0_56 8.28 -8.28 186.23 0 0 0 8223 8223
f1h_118 f0_73 f0_74 11.82 -11.82 192 0 0 0 8223 8223
f1h_121 f0_57 f0_89 4.63 -4.63 184.58 0 0 0 8223 8223
f1h_122 f0_43 f0_160 -4.5 4.5 187.27 0 0 0 8223 8223
f1h_123 f0_73 f0_88 -0.55 0.55 186.42 0 0 0 8223 8223
f1h_124 f0_32 f0_58 4.35 -4.35 190.39 0 0 0 8223 8223
f1h_125 f0_64 f0_75 2.83 -2.83 193.62 0 0 0 8223 8223
f1h_126 f0_145 f0_154 1.07 -1.07 193.24 0 0 0 8223 8223
f1h_127 f0_87 f0_145 2.31 -2.31 193.21 0 0 0 8223 8223
f1h_128 f0_28 f0_127 4.1 -4.1 190.37 0 0 0 8223 8223
f1h_129 f0_65 f0_100 1.84 -1.84 192.01 0 0 0 8223 8223
f1h_130 f0_44 f0_93 7.39 -7.39 186.5 0 0 0 8223 8223
f1h_131 f0_122 f0_149 10.35 -10.35 198.28 0 0 0 8223 8223
f1h_132 f0_44 f0_153 7.31 -7.31 191.39 0 0 0 8223 8223
f1h_134 f0_193 f0_195 10.7 -10.7 185.54 0 0 0 8223 8223
f1h_135 f0_11 f0_137 11.28 -11.28 183.48 0 0 0 8223 8223
f1h_137 f0_27 f0_74 1.87 -1.87 197 0 0 0 8223 8223
f1h_138 f0_27 f0_80 -4.29 4.29 185.57 0 0 0 8223 8223
f1h_140 f0_31 f0_94 17.83 -17.83 186.81 0 0 0 8223 8223
f1h_141 f0_13 f0_162 -2.28 2.28 192.94 0 0 0 8223 8223
f1h_143 f0_184 f0_199 -6.09 6.09 185.29 0 0 0 8223 8223
f1h_144 f0_101 f0_114 -8.98 8.98 190.24 0 0 0 8223 8223
f1h_145 f0_70 f0_134 -14.94 14.94 183.25 0 0 0 8223 8223
f1h_146 f0_118 f0_146 -14.57 14.57 183.34 0 0 0 8223 8223
f1h_147 f0_3 f0_182 -6.62 6.62 181.99 0 0 0 8223 8223
f1h_148 f0_172 f0_198 0.66 -0.66 187.71 0 0 0 8223 8223
f1h_149 f0_78 f0_200 0.05 -0.05 193.78 0 0 0 8223 8223
f1h_150 f0_7 f0_195 -10.18 10.18 187.73 0 0 0 8223 8223
f1h_151 f0_169 f0_172 0.73 -0.73 195.74 0 0 0 8223 8223
f1h_152 f0_76 f0_194 -2.73 2.73 188.1 0 0 0 8223 8223
f1h_155 f0_1 f0_91 0.07 -0.07 192.23 0 0 0 8223 8223
f1h_156 f0_76 f0_182 8.7 -8.7 186.69 0 0 0 8223 8223
f1h_157 f0_46 f0_47 3.22 -3.22 186.8 0 0 0 8223 8223
f1h_158 f0_147 f0_158 -5.76 5.76 189.04 0 0 0 8223 8223
f1h_159 f0_155 f0_186 -2.18 2.18 191.18 0 0 0 8223 8223
f1h_160 f0_104 f0_150 -1.3 1.3 191.94 0 0 0 8223 8223
f1h_161 f0_121 f0_179 -1.52 1.52 193.89 0 0 0 8223 8223
f1h_163 f0_13 f0_113 5.68 -5.68 187.8 0 0 0 8223 8223
f1h_164 f0_80 f0_180 -1.47 1.47 193.96 0 0 0 8223 8223
f1h_165 f0_45 f0_66 -4.97 4.97 189.89 0 0 0 8223 8223
f1h_166 f0_95 f0_97 4.36 -4.36 190.72 0 0 0 8223 8223
f1h_168 f0_48 f0_171 -3.27 3.27 183.64 0 0 0 8223 8223
f1h_169 f0_25 f0_177 -3.59 3.59 186.96 0 0 0 8223 8223
f1h_170 f0_7 f0_26 14.93 -14.93 180.42 0 0 0 8223 8223
f1h_171 f0_170 f0_182 0.11 -0.11 195.75 0 0 0 8223 8223
f1h_172 f0_9 f0_33 5.43 -5.43 195.94 0 0 0 8223 8223
f1h_173 f0_20 f0_137 3.25 -3.25 191.07 0 0 0 8223 8223
f1h_174 f0_52 f0_111 -12.96 12.96 186.23 0 0 0 8223 8223
f1h_176 f0_19 f0_120 4.28 -4.28 184.97 0 0 0 8223 8223
f1h_177 f0_51 f0_197 -3.22 3.22 193.57 0 0 0 8223 8223
f1h_179 f0_61 f0_173 -6.02 6.02 187.18 0 0 0 8223 8223
f1h_180 f0_42 f0_67 -7.9 7.9 186.45 0 0 0 8223 8223
f1h_181 f0_76 f0_163 4.93 -4.93 186.18 0 0 0 8223 8223
f1h_182 f0_23 f0_171 -0.22 0.22 191.31 0 0 0 8223 8223
f1h_183 f0_21 f0_194 1.26 -1.26 184.93 0 0 0 8223 8223
f1h_184 f0_39 f0_115 -5.35 5.35 187.44 0 0 0 8223 8223
f1h_185 f0_23 f0_115 -9.12 9.12 192.51 0 0 0 8223 8223
f1h_186 f0_85 f0_173 -3.35 3.35 191.7 0 0 0 8223 8223
f1h_187 f0_15 f0_149 -1.99 1.99 191.58 0 0 0 8223 8223
f1h_188 f0_154 f0_176 18.24 -18.24 176.96 0 0 0 8223 8223
f1h_189 f0_4 f0_41 3.98 -3.98 191.55 0 0 0 8223 8223
f1h_190 f0_14 f0_102 5.54 -5.54 188.75 0 0 0 8223 8223
f1h_192 f0_60 f0_175 -1.13 1.13 187.75 0 0 0 8223 8223
f1h_193 f0_40 f0_154 1.42 -1.42 191.26 0 0 0 8223 8223
f1h_195 f0_1 f0_79 -0.05 0.05 182.34 0 0 0 8223 8223
f1h_196 f0_20 f0_151 4.81 -4.81 195.4 0 0 0 8223 8223
f1h_197 f0_19 f0_110 2.06 -2.06 191.76 0 0 0 8223 8223
f1h_198 f0_9 f0_28 -0.68 0.68 191.64 0 0 0 8223 8223
f1h_199 f0_67 f0_132 1.13 -1.13 197.04 0 0 0 8223 8223
f1h_200 f0_177 f0_193 1.27 -1.27 193.85 0 0 0 8223 8223
f1h_201 f0_158 f0_179 5.27 -5.27 186.48 0 0 0 8223 8223
f1h_202 f0_23 f0_197 2.5 -2.5 190.53 0 0 0 8223 8223
f1h_203 f0_66 f0_107 11.81 -11.81 184.07 0 0 0 8223 8223
f1h_204 f0_29 f0_115 -16.61 16.61 182.53 0 0 0 8223 8223
f1h_205 f0_8 f0_125 5.9 -5.9 189.44 0 0 0 8223 8223
f1h_206 f0_11 f0_103 9.65 -9.65 182.35 0 0 0 8223 8223
f1h_207 f0_16 f0_123 -5.56 5.56 184.29 0 0 0 8223 8223
f1h_208 f0_14 f0_198 1.63 -1.63 194.58 0 0 0 8223 8223
f1h_210 f0_39 f0_142 3.24 -3.24 192.81 0 0 0 8223 8223
f1h_211 f0_23 f0_131 10.09 -10.09 183.66 0 0 0 8223 8223
f1h_212 f0_56 f0_107 -3.66 3.66 191.35 0 0 0 8223 8223
f1h_214 f0_95 f0_135 -4.64 4.64 192.49 0 0 0 8223 8223
f1h_215 f0_185 f0_190 2.26 -2.26 186.5 0 0 0 8223 8223
f1h_216 f0_43 f0_123 -1.56 1.56 192.25 0 0 0 8223 8223
f1h_217 f0_86 f0_146 -7.92 7.92 191.94 0 0 0 8223 8223
f1h_218 f0_20 f0_52 7.83 -7.83 182.81 0 0 0 8223 8223
f1h_220 f0_72 f0_166 2.39 -2.39 190.02 0 0 0 8223 8223
f1h_221 f0_135 f0_189 -11.82 11.82 181.94 0 0 0 8223 8223
f1h_222 f0_175 f0_196 0.54 -0.54 191.73 0 0 0 8223 8223
f1h_223 f0_1 f0_36 -3.98 3.98 193.9 0 0 0 8223 8223
f1h_224 f0_54 f0_169 -3.56 3.56 183.77 0 0 0 8223 8223
f1h_225 f0_12 f0_109 10.92 -10.92 192.26 0 0 0 8223 8223
f1h_227 f0_32 f0_74 0.1 -0.1 187.4 0 0 0 8223 8223
f1h_228 f0_136 f0_154 8.54 -8.54 184.17 0 0 0 8223 8223
f1h_231 f0_5 f0_197 2.66 -2.66 190.23 0 0 0 8223 8223
f1h_232 f0_142 f0_154 -3.73 3.73 191.44 0 0 0 8223 8223
f1h_233 f0_159 f0_195 0.92 -0.92 192.18 0 0 0 8223 8223
f1h_235 f0_67 f0_131 0.77 -0.77 191.49 0 0 0 8223 8223
f1h_236 f0_18 f0_193 -6.11 6.11 192.74 0 0 0 8223 8223
f1h_237 f0_11 f0_32 -2.21 2.21 192.86 0 0 0 8223 8223
f1h_239 f0_112 f0_118 15.66 -15.66 183.49 0 0 0 8223 8223
f1h_240 f0_134 f0_178 2.96 -2.96 188.15 0 0 0 8223 8223
f1h_241 f0_31 f0_40 -2.94 2.94 190.33 0 0 0 8223 8223
f1h_242 f0_21 f0_196 -9.09 9.09 190 0 0 0 8223 8223
f1h_243 f0_127 f0_138 10.31 -10.31 182.45 0 0 0 8223 8223
f1h_244 f0_56 f0_147 4.19 -4.19 189.04 0 0 0 8223 8223
f1h_246 f0_132 f0_133 3.96 -3.96 192.06 0 0 0 8223 8223
f1h_249 f0_80 f0_192 15.42 -15.42 185.07 0 0 0 8223 8223
f1h_250 f0_67 f0_189 -0.31 0.31 188.62 0 0 0 8223 8223
f1h_251 f0_11 f0_108 1.33 -1.33 181.61 0 0 0 8223 8223
f1h_252 f0_40 f0_82 13.77 -13.77 188.12 0 0 0 8223 8223
f1h_253 f0_10 f0_151 -2.77 2.77 192.25 0 0 0 8223 8223
f1h_255 f0_22 f0_133 2.66 -2.66 193.31 0 0 0 8223 8223
f1h_256 f0_71 f0_194 4.14 -4.14 195.21 0 0 0 8223 8223
f1h_257 f0_92 f0_151 -5.11 5.11 198.7 0 0 0 8223 8223
f1h_259 f0_45 f0_150 -2.84 2.84 193.2 0 0 0 8223 8223
f1h_260 f0_110 f0_133 -9.1 9.1 190.97 0 0 0 8223 8223
f1h_262 f0_62 f0_150 -5.81 5.81 195.35 0 0 0 8223 8223
f1h_263 f0_29 f0_114 -2.87 2.87 190.65 0 0 0 8223 8223
f1h_264 f0_25 f0_93 4.44 -4.44 191.81 0 0 0 8223 8223
f1h_265 f0_22 f0_42 -0.3 0.3 195.23 0 0 0 8223 8223
f1h_266 f0_17 f0_142 6.6 -6.6 184.72 0 0 0 8223 8223
f1h_267 f0_120 f0_197 -4.63 4.63 188.84 0 0 0 8223 8223
f1h_268 f0_10 f0_161 -3.36 3.36 194.08 0 0 0 8223 8223
f1h_272 f0_29 f0_141 -9.15 9.15 185.94 0 0 0 8223 8223
f1h_274 f0_88 f0_141 -12.34 12.34 189.81 0 0 0 8223 8223
f1h_275 f0_50 f0_157 4.11 -4.11 184.63 0 0 0 8223 8223
f1h_276 f0_62 f0_197 -1.12 1.12 195.99 0 0 0 8223 8223
f1h_277 f0_38 f0_59 -0.87 0.87 187.71 0 0 0 8223 8223
f1h_278 f0_29 f0_110 8.41 -8.41 186.13 0 0 0 8223 8223
f1h_280 f0_62 f0_165 6.63 -6.63 185.42 0 0 0 8223 8223
f1h_282 f0_60 f0_186 3.89 -3.89 186.69 0 0 0 8223 8223
f1h_283 f0_98 f0_158 2.7 -2.7 187.6 0 0 0 8223 8223
f1h_284 f0_38 f0_158 -2.22 2.22 186.5 0 0 0 8223 8223
f1h_286 f0_39 f0_136 -2.62 2.62 188.31 0 0 0 8223 8223
f1h_287 f0_44 f0_96 -11.33 11.33 189.57 0 0 0 8223 8223
f1h_288 f0_177 f0_194 1.69 -1.69 191.35 0 0 0 8223 8223
f1h_289 f0_75 f0_128 -2.95 2.95 194.37 0 0 0 8223 8223
f1h_290 f0_97 f0_136 -11.67 11.67 187.25 0 0 0 8223 8223
f1h_291 f0_80 f0_140 19.93 -19.93 184.05 0 0 0 8223 8223
f1h_292 f0_96 f0_194 -5.28 5.28 186.11 0 0 0 8223 8223
f1h_293 f0_170 f0_199 6.65 -6.65 191.91 0 0 0 8223 8223
f1h_294 f0_35 f0_190 14.41 -14.41 183.73 0 0 0 8223 8223
f1h_295 f0_48 f0_62 3.08 -3.08 195.5 0 0 0 8223 8223
f1h_296 f0_40 f0_184 2.94 -2.94 191.63 0 0 0 8223 8223
f1h_297 f0_39 f0_133 3.21 -3.21 192.16 0 0 0 8223 8223
f1h_298 f0_68 f0_173 0.16 -0.16 187.69 0 0 0 8223 8223
f1h_299 f0_76 f0_139 -7.64 7.64 187.46 0 0 0 8223 8223
f1h_300 f0_125 f0_197 9.99 -9.99 184.96 0 0 0 8223 8223
f1h_301 f0_24 f0_193 7.36 -7.36 187.45 0 0 0 8223 8223
f1h_303 f0_26 f0_193 20.65 -20.65 176.51 0 0 0 8223 8223
f1h_305 f0_103 f0_129 -5.33 5.33 190.22 0 0 0 8223 8223
f1h_307 f0_66 f0_118 -6.45 6.45 190.43 0 0 0 8223 8223
f1h_308 f0_76 f0_157 1.2 -1.2 185.12 0 0 0 8223 8223
f1h_309 f0_143 f0_161 0.71 -0.71 190.8 0 0 0 8223 8223
f1h_311 f0_78 f0_127 4.48 -4.48 187.97 0 0 0 8223 8223
f1h_312 f0_92 f0_95 -8.49 8.49 186.53 0 0 0 8223 8223
f1h_314 f0_10 f0_180 -6.41 6.41 193 0 0 0 8223 8223
f1h_315 f0_6 f0_161 -3.53 3.53 186.57 0 0 0 8223 8223
f1h_316 f0_132 f0_165 8.13 -8.13 188.27 0 0 0 8223 8223
f1h_318 f0_4 f0_186 -5.95 5.95 192.1 0 0 0 8223 8223
f1h_319 f0_12 f0_146 5.41 -5.41 189.43 0 0 0 8223 8223
f1h_321 f0_18 f0_111 -5.01 5.01 186.95 0 0 0 8223 8223
f1h_323 f0_67 f0_193 1.47 -1.47 187.45 0 0 0 8223 8223
f1h_324 f0_44 f0_61 -4.24 4.24 188.91 0 0 0 8223 8223
f1h_327 f0_144 f0_161 5.45 -5.45 194.46 0 0 0 8223 8223
f1h_329 f0_47 f0_147 8.04 -8.04 185.15 0 0 0 8223 8223
f1h_331 f0_106 f0_153 5.9 -5.9 193.33 0 0 0 8223 8223
f1h_332 f0_61 f0_170 -5.5 5.5 193.14 0 0 0 8223 8223
f1h_333 f0_55 f0_169 -6.97 6.97 187.67 0 0 0 8223 8223
f1h_334 f0_85 f0_163 4.37 -4.37 193.22 0 0 0 8223 8223
f1h_335 f0_13 f0_53 -12.82 12.82 184.64 0 0 0 8223 8223
f1h_336 f0_23 f0_94 -4.76 4.76 191.63 0 0 0 8223 8223
f1h_337 f0_26 f0_186 3.14 -3.14 191.69 0 0 0 8223 8223
f1h_338 f0_71 f0_138 -12.77 12.77 180.78 0 0 0 8223 8223
f1h_340 f0_60 f0_62 -5.98 5.98 188.65 0 0 0 8223 8223
f1h_341 f0_174 f0_194 5.61 -5.61 189.54 0 0 0 8223 8223
f1h_342 f0_44 f0_115 -6.18 6.18 185.73 0 0 0 8223 8223
f1h_343 f0_133 f0_155 -0.94 0.94 192.72 0 0 0 8223 8223
f1h_344 f0_35 f0_76 7.99 -7.99 189.02 0 0 0 8223 8223
f1h_345 f0_128 f0_150 -0.65 0.65 196.64 0 0 0 8223 8223
f1h_347 f0_105 f0_113 4.46 -4.46 191.15 0 0 0 8223 8223
f1h_348 f0_82 f0_149 3.84 -3.84 184.02 0 0 0 8223 8223
f1h_350 f0_55 f0_98 5.88 -5.88 193.47 0 0 0 8223 8223
f1h_352 f0_79 f0_142 1.02 -1.02 186.75 0 0 0 8223 8223
f1h_353 f0_98 f0_106 -1.22 1.22 188.13 0 0 0 8223 8223
f1h_354 f0_106 f0_169 -16.3 16.3 187.51 0 0 0 8223 8223
f1h_355 f0_13 f0_125 0.05 -0.05 187.82 0 0 0 8223 8223
f1h_356 f0_114 f0_126 -0.69 0.69 190.52 0 0 0 8223 8223
f1h_358 f0_70 f0_121 -11.65 11.65 191.17 0 0 0 8223 8223
f1h_360 f0_146 f0_166 -3.32 3.32 195.03 0 0 0 8223 8223
f1h_362 f0_10 f0_169 2.63 -2.63 195.85 0 0 0 8223 8223
f1h_363 f0_140 f0_158 -15.4 15.4 183.04 0 0 0 8223 8223
f1h_365 f0_51 f0_165 -0.67 0.67 194.37 0 0 0 8223 8223
f1h_366 f0_137 f0_185 -1.59 1.59 186.66 0 0 0 8223 8223
f1h_368 f0_13 f0_55 2.6 -2.6 194.63 0 0 0 8223 8223
f1h_369 f0_108 f0_189 -18.03 18.03 184.2 0 0 0 8223 8223
f1h_370 f0_30 f0_162 -1.37 1.37 189.11 0 0 0 8223 8223
f1h_371 f0_74 f0_121 11.8 -11.8 191.95 0 0 0 8223 8223
f1h_372 f0_36 f0_156 -2.63 2.63 194.9 0 0 0 8223 8223
f1h_373 f0_163 f0_192 -2.53 2.53 186.6 0 0 0 8223 8223
f1h_375 f0_44 f0_170 -3.46 3.46 191.27 0 0 0 8223 8223
f1h_377 f0_124 f0_194 -9.58 9.58 189.42 0 0 0 8223 8223
f1h_378 f0_46 f0_51 1.33 -1.33 194.22 0 0 0 8223 8223
f1h_379 f0_19 f0_71 2.02 -2.02 188.5 0 0 0 8223 8223
f1h_380 f0_105 f0_110 7.06 -7.06 184.72 0 0 0 8223 8223
f1h_381 f0_54 f0_66 -0.73 0.73 194.53 0 0 0 8223 8223
f1h_382 f0_132 f0_182 -7.4 7.4 189.62 0 0 0 8223 8223
f1h_385 f0_62 f0_155 12.4 -12.4 183.81 0 0 0 8223 8223
f1h_386 f0_114 f0_163 13.92 -13.92 179.37 0 0 0 8223 8223
f1h_387 f0_62 f0_178 -0.86 0.86 184.07 0 0 0 8223 8223
f1h_388 f0_79 f0_128 -2.37 2.37 188.35 0 0 0 8223 8223
f1h_389 f0_25 f0_51 9.73 -9.73 190.37 0 0 0 8223 8223
f1h_390 f0_43 f0_47 -0.98 0.98 193.15 0 0 0 8223 8223
f1h_391 f0_62 f0_95 -5.03 5.03 190.08 0 0 0 8223 8223
f1h_392 f0_1 f0_19 -4.45 4.45 177.4 0 0 0 8223 8223
f1h_393 f0_112 f0_190 -4.51 4.51 191.15 0 0 0 8223 8223
f1h_395 f0_69 f0_83 9.38 -9.38 190.92 0 0 0 8223 8223
f1h_396 f0_106 f0_177 6.54 -6.54 190.03 0 0 0 8223 8223
f1h_398 f0_55 f0_114 -2.67 2.67 188.7 0 0 0 8223 8223
f1h_399 f0_66 f0_150 4.14 -4.14 193.82 0 0 0 8223 8223
f1h_403 f0_45 f0_170 0.26 -0.26 191.11 0 0 0 8223 8223
f1h_405 f0_30 f0_101 6.66 -6.66 194.24 0 0 0 8223 8223
f1h_406 f0_84 f0_101 8.12 -8.12 186.36 0 0 0 8223 8223
f1h_407 f0_93 f0_97 0.55 -0.55 187.9 0 0 0 8223 8223
f1h_408 f0_78 f0_109 -12.3 12.3 187.18 0 0 0 8223 8223
f1h_410 f0_1 f0_101 1.08 -1.08 186.01 0 0 0 8223 8223
f1h_413 f0_152 f0_183 -5.26 5.26 193.29 0 0 0 8223 8223
f1h_414 f0_129 f0_189 -8.74 8.74 180.81 0 0 0 8223 8223
f1h_415 f0_87 f0_90 0.02 -0.02 197.34 0 0 0 8223 8223
f1h_416 f0_122 f0_153 2.44 -2.44 191.6 0 0 0 8223 8223
f1h_417 f0_69 f0_175 -2.78 2.78 190.52 0 0 0 8223 8223
f1h_418 f0_35 f0_97 9.18 -9.18 186.64 0 0 0 8223 8223
f1h_419 f0_149 f0_168 -5.6 5.6 188.65 0 0 0 8223 8223
f1h_420 f0_39 f0_181 2.15 -2.15 196.38 0 0 0 8223 8223
f1h_421 f0_130 f0_200 -3.15 3.15 196.13 0 0 0 8223 8223
f1h_423 f0_11 f0_135 6.48 -6.48 184.7 0 0 0 8223 8223
f1h_424 f0_62 f0_77 -8.17 8.17 187 0 0 0 8223 8223
f1h_425 f0_166 f0_186 -11.22 11.22 189.98 0 0 0 8223 8223
f1h_427 f0_18 f0_52 -0.84 0.84 188.18 0 0 0 8223 8223
f1h_428 f0_12 f0_140 4.8 -4.8 187.62 0 0 0 8223 8223
f1h_429 f0_51 f0_161 -15.05 15.05 186.97 0 0 0 8223 8223
f1h_430 f0_89 f0_172 2.72 -2.72 191.67 0 0 0 8223 8223
f1h_431 f0_6 f0_92 9.75 -9.75 187.4 0 0 0 8223 8223
f1h_432 f0_94 f0_145 -2.13 2.13 188.64 0 0 0 8223 8223
f1h_433 f0_99 f0_175 -0.44 0.44 191.99 0 0 0 8223 8223
f1h_434 f0_93 f0_165 -3.26 3.26 195.15 0 0 0 8223 8223
f1h_436 f0_20 f0_143 8.11 -8.11 183.7 0 0 0 8223 8223
f1h_437 f0_44 f0_91 -2.32 2.32 188.88 0 0 0 8223 8223
f1h_438 f0_46 f0_163 -3.82 3.82 188.39 0 0 0 8223 8223
f1h_439 f0_11 f0_28 5.09 -5.09 183.31 0 0 0 8223 8223
f1h_440 f0_18 f0_178 -16.16 16.16 184.83 0 0 0 8223 8223
f1h_441 f0_30 f0_176 -8.19 8.19 188.82 0 0 0 8223 8223
f1h_443 f0_67 f0_73 -6.57 6.57 184.81 0 0 0 8223 8223
f1h_444 f0_43 f0_132 2.87 -2.87 190.09 0 0 0 8223 8223
f1h_445 f0_29 f0_39 -14.52 14.52 187.9 0 0 0 8223 8223
f1h_447 f0_175 f0_181 -1.48 1.48 193.49 0 0 0 8223 8223
f1h_448 f0_103 f0_113 -5.06 5.06 194.7 0 0 0 8223 8223
f1h_449 f0_108 f0_177 3.1 -3.1 186.78 0 0 0 8223 8223
f1h_450 f0_5 f0_169 2.13 -2.13 194.7 0 0 0 8223 8223
f1h_451 f0_88 f0_142 -1.96 1.96 203.14 0 0 0 8223 8223
f1h_452 f0_32 f0_99 10.54 -10.54 186.32 0 0 0 8223 8223
f1h_453 f0_18 f0_167 5.03 -5.03 188.86 0 0 0 8223 8223
f1h_454 f0_17 f0_125 5.09 -5.09 187.62 0 0 0 8223 8223
f1h_455 f0_6 f0_135 -1.77 1.77 185.56 0 0 0 8223 8223
f1h_456 f0_24 f0_45 -0.21 0.21 193.54 0 0 0 8223 8223
f1h_457 f0_48 f0_79 -8.96 8.96 188.29 0 0 0 8223 8223
f1h_458 f0_25 f0_46 -16.75 16.75 182.52 0 0 0 8223 8223
f1h_459 f0_38 f0_113 1.84 -1.84 198.93 0 0 0 8223 8223
f1h_460 f0_145 f0_146 8.75 -8.75 193.2 0 0 0 8223 8223
f1h_461 f0_27 f0_32 3.51 -3.51 190.98 0 0 0 8223 8223
f1h_462 f0_94 f0_155 0.77 -0.77 193.17 0 0 0 8223 8223
f1h_463 f0_58 f0_72 -6.94 6.94 191.26 0 0 0 8223 8223
f1h_464 f0_43 f0_101 -12.18 12.18 184.16 0 0 0 8223 8223
f1h_465 f0_28 f0_142 0.15 -0.15 198.37 0 0 0 8223 8223
f1h_466 f0_67 f0_108 -9.13 9.13 176.3 0 0 0 8223 8223
f1h_467 f0_3 f0_16 0.54 -0.54 189.42 0 0 0 8223 8223
f1h_468 f0_76 f0_163 -0.21 0.21 190.09 0 0 0 8223 8223
f1h_469 f0_63 f0_174 4.09 -4.09 192.94 0 0 0 8223 8223
f1h_470 f0_19 f0_123 7.95 -7.95 187.81 0 0 0 8223 8223
f1h_471 f0_11 f0_113 15.1 -15.1 183.86 0 0 0 8223 8223
f1h_473 f0_107 f0_161 -5.19 5.19 194.13 0 0 0 8223 8223
f1h_474 f0_84 f0_165 -14.94 14.94 182.55 0 0 0 8223 8223
f1h_476 f0_39 f0_70 6.87 -6.87 183.9 0 0 0 8223 8223
f1h_477 f0_166 f0_175 0.92 -0.92 193.28 0 0 0 8223 8223
f1h_478 f0_97 f0_178 -10.59 10.59 184.25 0 0 0 8223 8223
f1h_479 f0_59 f0_137 6.74 -6.74 191.9 0 0 0 8223 8223
f1h_480 f0_36 f0_90 -4.9 4.9 189.41 0 0 0 8223 8223
f1h_481 f0_57 f0_67 -10.3 10.3 183.77 0 0 0 8223 8223
f1h_482 f0_131 f0_177 -9.24 9.24 187.2 0 0 0 8223 8223
f1h_484 f0_94 f0_126 -2.28 2.28 194.3 0 0 0 8223 8223
f1h_485 f0_46 f0_169 -11.33 11.33 186.19 0 0 0 8223 8223
f1h_487 f0_43 f0_49 -1.87 1.87 190.1 0 0 0 8223 8223
f1h_488 f0_5 f0_157 -8.02 8.02 188.54 0 0 0 8223 8223
f1h_489 f0_12 f0_45 3.7 -3.7 188.79 0 0 0 8223 8223
f1h_491 f0_117 f0_139 -14.43 14.43 180.98 0 0 0 8223 8223
f1h_493 f0_76 f0_96 8.2 -8.2 186.13 0 0 0 8223 8223
f1h_494 f0_131 f0_183 19.02 -19.02 186.19 0 0 0 8223 8223
f1h_495 f0_40 f0_56 5.29 -5.29 191.05 0 0 0 8223 8223
f1h_496 f0_16 f0_107 8.88 -8.88 182.85 0 0 0 8223 8223
f1h_497 f0_23 f0_118 2.51 -2.51 194.39 0 0 0 8223 8223
f1h_498 f0_184 f0_187 0.15 -0.15 183.34 0 0 0 8223 8223
f1h_499 f0_36 f0_144 -2.86 2.86 189.49 0 0 0 8223 8223
f1w_3 f0_299 f0_729 11.8 -11.8 182.29 0 0 0 8223 8223
f1w_5 f0_479 f0_564 -1.06 1.06 198.07 0 0 0 8223 8223
f1w_11 f0_594 f0_648 14.03 -14.03 183.06 0 0 0 8223 8223
f1w_12 f0_789 f0_944 -2.75 2.75 190.06 0 0 0 8223 8223
f1w_13 f0_640 f0_984 -0.41 0.41 191.5 0 0 0 8223 8223
f1w_16 f0_274 f0_369 -10.4 10.4 192.65 0 0 0 8223 8223
f1w_17 f0_205 f0_909 4.33 -4.33 194.37 0 0 0 8223 8223
f1w_19 f0_310 f0_313 -6.69 6.69 187.3 0 0 0 8223 8223
f1w_21 f0_619 f0_641 2.86 -2.86 191 0 0 0 8223 8223
f1w_22 f0_684 f0_971 3.09 -3.09 193.65 0 0 0 8223 8223
f1w_25 f0_408 f0_759 10.47 -10.47 194.62 0 0 0 8223 8223
f1w_27 f0_441 f0_945 9.91 -9.91 188.57 0 0 0 8223 8223
f1w_28 f0_688 f0_764 -0.32 0.32 187.61 0 0 0 8223 8223
f1w_29 f0_317 f0_412 -0.27 0.27 195.77 0 0 0 8223 8223
f1w_30 f0_379 f0_674 1.03 -1.03 189.31 0 0 0 8223 8223
f1w_31 f0_453 f0_955 -6.48 6.48 182.89 0 0 0 8223 8223
f1w_32 f0_674 f0_917 18.12 -18.12 181.72 0 0 0 8223 8223
f1w_33 f0_605 f0_1000 -8.25 8.25 188 0 0 0 8223 8223
f1w_34 f0_408 f0_885 7.44 -7.44 184.63 0 0 0 8223 8223
f1w_35 f0_336 f0_837 14.05 -14.05 189.06 0 0 0 8223 8223
f1w_38 f0_854 f0_920 -10.7 10.7 187.82 0 0 0 8223 8223
f1w_40 f0_578 f0_740 8.35 -8.35 190.05 0 0 0 8223 8223
f1w_42 f0_209 f0_715 1.5 -1.5 193.48 0 0 0 8223 8223
f1w_43 f0_292 f0_514 -5.31 5.31 181.82 0 0 0 8223 8223
f1w_45 f0_204 f0_668 -2.73 2.73 195.68 0 0 0 8223 8223
f1w_46 f0_254 f0_489 0.32 -0.32 187.95 0 0 0 8223 8223
f1w_47 f0_395 f0_514 -7.37 7.37 185.6 0 0 0 8223 8223
f1w_48 f0_612 f0_933 -2.31 2.31 191.97 0 0 0 8223 8223
f1w_54 f0_271 f0_836 5.5 -5.5 190.63 0 0 0 8223 8223
f1w_57 f0_311 f0_323 -7.62 7.62 189.2 0 0 0 8223 8223
f1w_59 f0_348 f0_450 -3.44 3.44 185.45 0 0 0 8223 8223
f1w_60 f0_309 f0_583 6.69 -6.69 192.21 0 0 0 8223 8223
f1w_61 f0_274 f0_603 -5.33 5.33 192.51 0 0 0 8223 8223
f1w_64 f0_424 f0_517 4.58 -4.58 191.54 0 0 0 8223 8223
f1w_65 f0_546 f0_917 5.62 -5.62 194.79 0 0 0 8223 8223
f1w_67 f0_229 f0_936 -8.18 8.18 187.84 0 0 0 8223 8223
f1w_69 f0_854 f0_880 -0.41 0.41 193.62 0 0 0 8223 8223
f1w_70 f0_297 f0_332 3.22 -3.22 184.86 0 0 0 8223 8223
f1w_71 f0_685 f0_753 2.88 -2.88 183.37 0 0 0 8223 8223
f1w_72 f0_628 f0_993 -4.84 4.84 191.37 0 0 0 8223 8223
f1w_74 f0_221 f0_618 24.15 -24.15 177.76 0 0 0 8223 8223
f1w_75 f0_344 f0_549 -2.87 2.87 193.1 0 0 0 8223 8223
f1w_76 f0_334 f0_768 3.66 -3.66 192.87 0 0 0 8223 8223
f1w_77 f0_290 f0_739 1.32 -1.32 196.25 0 0 0 8223 8223
f1w_78 f0_594 f0_1000 6.06 -6.06 189.97 0 0 0 8223 8223
f1w_80 f0_483 f0_514 -8.95 8.95 187.45 0 0 0 8223 8223
f1w_82 f0_463 f0_908 -1.98 1.98 196.73 0 0 0 8223 8223
f1w_84 f0_456 f0_791 -0.46 0.46 192.48 0 0 0 8223 8223
f1w_89 f0_400 f0_828 11.41 -11.41 191.04 0 0 0 8223 8223
f1w_92 f0_360 f0_449 1.34 -1.34 189.3 0 0 0 8223 8223
f1w_93 f0_336 f0_461 -2.81 2.81 186.38 0 0 0 8223 8223
f1w_95 f0_338 f0_543 2.15 -2.15 193.23 0 0 0 8223 8223
f1w_96 f0_788 f0_800 8.25 -8.25 193.75 0 0 0 8223 8223
f1w_97 f0_243 f0_594 7.82 -7.82 182.58 0 0 0 8223 8223
f1w_98 f0_683 f0_992 3.75 -3.75 194.61 0 0 0 8223 8223
f1w_100 f0_348 f0_420 -3.12 3.12 195.34 0 0 0 8223 8223
f1w_101 f0_220 f0_527 -15 15 182.3 0 0 0 8223 8223
f1w_102 f0_451 f0_546 -6.18 6.18 182.53 0 0 0 8223 8223
f1w_103 f0_208 f0_305 0.63 -0.63 192.47 0 0 0 8223 8223
f1w_104 f0_261 f0_758 10 -10 191.38 0 0 0 8223 8223
f1w_105 f0_387 f0_722 -17.35 17.35 179.47 0 0 0 8223 8223
f1w_106 f0_611 f0_899 -3.06 3.06 190.03 0 0 0 8223 8223
f1w_108 f0_316 f0_780 -6.4 6.4 187.52 0 0 0 8223 8223
f1w_111 f0_295 f0_829 3.18 -3.18 184.85 0 0 0 8223 8223
f1w_112 f0_360 f0_804 -5.28 5.28 190.07 0 0 0 8223 8223
f1w_114 f0_363 f0_519 -5.77 5.77 189.34 0 0 0 8223 8223
f1w_115 f0_508 f0_985 1.51 -1.51 192.92 0 0 0 8223 8223
f1w_116 f0_771 f0_798 10.47 -10.47 192.18 0 0 0 8223 8223
f1w_117 f0_650 f0_934 -7.84 7.84 188.71 0 0 0 8223 8223
f1w_118 f0_300 f0_357 -2.19 2.19 186.42 0 0 0 8223 8223
f1w_124 f0_838 f0_997 -5.32 5.32 185.24 0 0 0 8223 8223
f1w_125 f0_755 f0_758 -1.88 1.88 190.89 0 0 0 8223 8223
f1w_130 f0_357 f0_724 10.79 -10.79 186.67 0 0 0 8223 8223
f1w_132 f0_349 f0_989 8.37 -8.37 189.8 0 0 0 8223 8223
f1w_133 f0_758 f0_970 2.89 -2.89 190.23 0 0 0 8223 8223
f1w_135 f0_258 f0_692 1.8 -1.8 185.98 0 0 0 8223 8223
f1w_138 f0_478 f0_630 -11.78 11.78 188.15 0 0 0 8223 8223
f1w_139 f0_719 f0_909 -15.22 15.22 185.68 0 0 0 8223 8223
f1w_140 f0_300 f0_897 -3.21 3.21 185.72 0 0 0 8223 8223
f1w_142 f0_674 f0_899 -9.49 9.49 188.91 0 0 0 8223 8223
f1w_144 f0_292 f0_835 3.19 -3.19 190.47 0 0 0 8223 8223
f1w_147 f0_237 f0_839 5.62 -5.62 193.87 0 0 0 8223 8223
f1w_149 f0_636 f0_855 -2.77 2.77 189.51 0 0 0 8223 8223
f1w_150 f0_422 f0_634 4.28 -4.28 193.74 0 0 0 8223 8223
f1w_153 f0_295 f0_879 -5.09 5.09 192.59 0 0 0 8223 8223
f1w_155 f0_470 f0_738 15.21 -15.21 179.55 0 0 0 8223 8223
f1w_160 f0_563 f0_875 -3.33 3.33 187.6 0 0 0 8223 8223
f1w_162 f0_611 f0_778 0.88 -0.88 193.97 0 0 0 8223 8223
f1w_166 f0_861 f0_928 4.13 -4.13 190.07 0 0 0 8223 8223
f1w_168 f0_416 f0_872 -10.41 10.41 184.21 0 0 0 8223 8223
f1w_169 f0_753 f0_940 -0.53 0.53 194 0 0 0 8223 8223
f1w_171 f0_643 f0_962 -1.38 1.38 197.25 0 0 0 8223 8223
f1w_172 f0_483 f0_746 0.89 -0.89 191.91 0 0 0 8223 8223
f1w_174 f0_490 f0_862 11.71 -11.71 193.49 0 0 0 8223 8223
f1w_178 f0_241 f0_784 -1.57 1.57 195.48 0 0 0 8223 8223
f1w_179 f0_630 f0_764 6.75 -6.75 190.71 0 0 0 8223 8223
f1w_182 f0_574 f0_608 -11.56 11.56 183.91 0 0 0 8223 8223
f1w_184 f0_379 f0_951 -1.14 1.14 189.1 0 0 0 8223 8223
f1w_188 f0_416 f0_617 -3.67 3.67 195.52 0 0 0 8223 8223
f1w_189 f0_514 f0_552 -8.54 8.54 188.92 0 0 0 8223 8223
f1w_194 f0_337 f0_421 0.23 -0.23 194.45 0 0 0 8223 8223
f1w_197 f0_361 f0_402 -12.29 12.29 185.85 0 0 0 8223 8223
f1w_198 f0_902 f0_933 9.22 -9.22 191.9 0 0 0 8223 8223
f1w_201 f0_597 f0_639 -9.46 9.46 182.99 0 0 0 8223 8223
f1w_202 f0_485 f0_952 12.38 -12.38 193.74 0 0 0 8223 8223
f1w_204 f0_477 f0_806 -2 2 185.57 0 0 0 8223 8223
f1w_205 f0_312 f0_956 -1.82 1.82 195.82 0 0 0 8223 8223
f1w_207 f0_394 f0_828 -1.83 1.83 201.3 0 0 0 8223 8223
f1w_209 f0_324 f0_761 -4.39 4.39 185.79 0 0 0 8223 8223
f1w_213 f0_366 f0_436 0.58 -0.58 195.79 0 0 0 8223 8223
f1w_214 f0_332 f0_990 3.98 -3.98 191.32 0 0 0 8223 8223
f1w_216 f0_526 f0_896 -1.58 1.58 193.01 0 0 0 8223 8223
f1w_218 f0_248 f0_674 4.68 -4.68 188.13 0 0 0 8223 8223
f1w_219 f0_486 f0_610 -7 7 185.58 0 0 0 8223 8223
f1w_221 f0_485 f0_909 -4.34 4.34 195.95 0 0 0 8223 8223
f1w_222 f0_685 f0_793 3 -3 186.43 0 0 0 8223 8223
f1w_223 f0_292 f0_373 -5.55 5.55 187.88 0 0 0 8223 8223
f1w_224 f0_501 f0_814 -0.97 0.97 189.89 0 0 0 8223 8223
f1w_225 f0_440 f0_839 -3.94 3.94 192.27 0 0 0 8223 8223
f1w_226 f0_753 f0_952 -0.34 0.34 192.83 0 0 0 8223 8223
f1w_227 f0_538 f0_704 -2.13 2.13 193.03 0 0 0 8223 8223
f1w_228 f0_206 f0_313 6.77 -6.77 179.06 0 0 0 8223 8223
f1w_229 f0_224 f0_676 7.81 -7.81 190.09 0 0 0 8223 8223
f1w_232 f0_237 f0_291 2.86 -2.86 189.92 0 0 0 8223 8223
f1w_239 f0_303 f0_421 -0.43 0.43 195.03 0 0 0 8223 8223
f1w_240 f0_352 f0_792 -7.44 7.44 193.44 0 0 0 8223 8223
f1w_242 f0_524 f0_816 5.62 -5.62 182.28 0 0 0 8223 8223
f1w_243 f0_288 f0_915 8.55 -8.55 186.12 0 0 0 8223 8223
f1w_245 f0_690 f0_702 1.43 -1.43 189.95 0 0 0 8223 8223
f1w_246 f0_672 f0_823 4.44 -4.44 191.88 0 0 0 8223 8223
f1w_249 f0_292 f0_715 4.85 -4.85 190.96 0 0 0 8223 8223
f1w_251 f0_664 f0_924 -2.33 2.33 191.06 0 0 0 8223 8223
f1w_252 f0_369 f0_933 3.82 -3.82 196.44 0 0 0 8223 8223
f1w_254 f0_258 f0_952 -5.02 5.02 182.81 0 0 0 8223 8223
f1w_256 f0_672 f0_1000 -16.55 16.55 187.03 0 0 0 8223 8223
f1w_260 f0_476 f0_852 -3.7 3.7 188.7 0 0 0 8223 8223
f1w_262 f0_247 f0_700 -6.66 6.66 189.86 0 0 0 8223 8223
f1w_263 f0_579 f0_751 7.86 -7.86 185.06 0 0 0 8223 8223
f1w_265 f0_499 f0_936 9.86 -9.86 192.28 0 0 0 8223 8223
f1w_270 f0_525 f0_850 -0.42 0.42 193.49 0 0 0 8223 8223
f1w_272 f0_229 f0_399 2.53 -2.53 196.99 0 0 0 8223 8223
f1w_273 f0_270 f0_402 -14.68 14.68 186.77 0 0 0 8223 8223
f1w_274 f0_612 f0_678 -5.62 5.62 185.23 0 0 0 8223 8223
f1w_278 f0_326 f0_990 -7.01 7.01 187.41 0 0 0 8223 8223
f1w_279 f0_393 f0_711 5.18 -5.18 192.73 0 0 0 8223 8223
f1w_280 f0_639 f0_831 6.48 -6.48 188.69 0 0 0 8223 8223
f1w_281 f0_861 f0_913 10.35 -10.35 185.5 0 0 0 8223 8223
f1w_282 f0_238 f0_400 -6.52 6.52 189.44 0 0 0 8223 8223
f1w_283 f0_261 f0_995 2.58 -2.58 195.94 0 0 0 8223 8223
f1w_285 f0_235 f0_730 2.9 -2.9 199.68 0 0 0 8223 8223
f1w_286 f0_449 f0_518 -3.02 3.02 192.6 0 0 0 8223 8223
f1w_287 f0_420 f0_444 -6.19 6.19 190.47 0 0 0 8223 8223
f1w_289 f0_564 f0_955 5.57 -5.57 187.21 0 0 0 8223 8223
f1w_290 f0_785 f0_985 5.98 -5.98 195.04 0 0 0 8223 8223
f1w_293 f0_249 f0_825 5.3 -5.3 186.8 0 0 0 8223 8223
f1w_297 f0_596 f0_740 -5.84 5.84 183.19 0 0 0 8223 8223
f1w_299 f0_228 f0_613 -2.79 2.79 192.79 0 0 0 8223 8223
f1w_300 f0_628 f0_931 -1.28 1.28 190.12 0 0 0 8223 8223
f1w_301 f0_819 f0_852 -6.81 6.81 181.35 0 0 0 8223 8223
f1w_302 f0_535 f0_790 -11.34 11.34 188.6 0 0 0 8223 8223
f1w_305 f0_407 f0_640 -7.62 7.62 184.97 0 0 0 8223 8223
f1w_310 f0_634 f0_854 -10.79 10.79 196.61 0 0 0 8223 8223
f1w_311 f0_275 f0_875 -13.44 13.44 186 0 0 0 8223 8223
f1w_315 f0_267 f0_612 7.62 -7.62 192.44 0 0 0 8223 8223
f1w_316 f0_210 f0_524 -3.36 3.36 192.7 0 0 0 8223 8223
f1w_317 f0_377 f0_882 0.52 -0.52 194.32 0 0 0 8223 8223
f1w_318 f0_449 f0_732 -9.11 9.11 186.23 0 0 0 8223 8223
f1w_319 f0_401 f0_590 7.69 -7.69 182.4 0 0 0 8223 8223
f1w_320 f0_727 f0_869 0.7 -0.7 192.09 0 0 0 8223 8223
f1w_322 f0_871 f0_917 -4.93 4.93 189.31 0 0 0 8223 8223
f1w_323 f0_441 f0_589 3.34 -3.34 197.77 0 0 0 8223 8223
f1w_324 f0_820 f0_850 -2.62 2.62 195.86 0 0 0 8223 8223
f1w_325 f0_297 f0_842 7.03 -7.03 193.72 0 0 0 8223 8223
f1w_326 f0_740 f0_918 -8.36 8.36 186.98 0 0 0 8223 8223
f1w_327 f0_727 f0_883 2.25 -2.25 188.62 0 0 0 8223 8223
f1w_328 f0_367 f0_739 4.36 -4.36 188.94 0 0 0 8223 8223
f1w_330 f0_696 f0_771 -10.34 10.34 190.36 0 0 0 8223 8223
f1w_331 f0_310 f0_416 -5.46 5.46 192.62 0 0 0 8223 8223
f1w_333 f0_841 f0_867 -3.92 3.92 187.96 0 0 0 8223 8223
f1w_334 f0_476 f0_565 -2.02 2.02 190.02 0 0 0 8223 8223
f1w_335 f0_956 f0_995 -3.6 3.6 187 0 0 0 8223 8223
f1w_337 f0_208 f0_378 -5.16 5.16 190.95 0 0 0 8223 8223
f1w_340 f0_319 f0_530 -0.98 0.98 190.27 0 0 0 8223 8223
f1w_341 f0_542 f0_727 1.71 -1.71 192.2 0 0 0 8223 8223
f1w_342 f0_516 f0_768 -2.08 2.08 188.81 0 0 0 8223 8223
f1w_343 f0_471 f0_548 -7.85 7.85 194.09 0 0 0 8223 8223
f1w_346 f0_206 f0_708 -2.89 2.89 184.53 0 0 0 8223 8223
f1w_347 f0_869 f0_900 7.98 -7.98 189.57 0 0 0 8223 8223
f1w_348 f0_656 f0_929 8.02 -8.02 181.24 0 0 0 8223 8223
f1w_349 f0_212 f0_728 -7.76 7.76 182.7 0 0 0 8223 8223
f1w_351 f0_313 f0_618 20.35 -20.35 175.02 0 0 0 8223 8223
f1w_353 f0_343 f0_801 7.55 -7.55 185.98 0 0 0 8223 8223
f1w_356 f0_478 f0_780 -3.56 3.56 190.88 0 0 0 8223 8223
f1w_358 f0_783 f0_957 -0.05 0.05 203.14 0 0 0 8223 8223
f1w_361 f0_549 f0_566 6.82 -6.82 194.76 0 0 0 8223 8223
f1w_362 f0_508 f0_884 -4.9 4.9 185.85 0 0 0 8223 8223
f1w_364 f0_463 f0_582 0.94 -0.94 189.83 0 0 0 8223 8223
f1w_372 f0_477 f0_722 7.91 -7.91 188.96 0 0 0 8223 8223
f1w_375 f0_506 f0_801 15.42 -15.42 186.44 0 0 0 8223 8223
f1w_379 f0_269 f0_277 -6.06 6.06 183.87 0 0 0 8223 8223
f1w_382 f0_303 f0_610 2.21 -2.21 194.95 0 0 0 8223 8223
f1w_383 f0_425 f0_470 4.39 -4.39 188.99 0 0 0 8223 8223
f1w_387 f0_542 f0_777 -5.8 5.8 188.45 0 0 0 8223 8223
f1w_388 f0_299 f0_320 5.39 -5.39 189.49 0 0 0 8223 8223
f1w_390 f0_257 f0_836 0.09 -0.09 197.29 0 0 0 8223 8223
f1w_398 f0_774 f0_969 -0.83 0.83 191.12 0 0 0 8223 8223
f1w_400 f0_326 f0_768 1.91 -1.91 194.42 0 0 0 8223 8223
f1w_402 f0_436 f0_965 -6.11 6.11 192.59 0 0 0 8223 8223
f1w_403 f0_516 f0_860 0.66 -0.66 194.77 0 0 0 8223 8223
f1w_404 f0_331 f0_424 0.35 -0.35 187.08 0 0 0 8223 8223
f1w_405 f0_323 f0_973 10.09 -10.09 182.92 0 0 0 8223 8223
f1w_406 f0_214 f0_679 6.76 -6.76 191.73 0 0 0 8223 8223
f1w_408 f0_365 f0_856 -10.62 10.62 189.45 0 0 0 8223 8223
f1w_409 f0_530 f0_856 -4.4 4.4 194.62 0 0 0 8223 8223
f1w_410 f0_212 f0_852 0.9 -0.9 192.42 0 0 0 8223 8223
f1w_413 f0_270 f0_633 -3.57 3.57 191.7 0 0 0 8223 8223
f1w_414 f0_757 f0_814 -15.54 15.54 185.97 0 0 0 8223 8223
f1w_418 f0_604 f0_660 2.67 -2.67 192.15 0 0 0 8223 8223
f1w_419 f0_388 f0_842 -0.61 0.61 195.44 0 0 0 8223 8223
f1w_420 f0_416 f0_438 -1.48 1.48 186.51 0 0 0 8223 8223
f1w_421 f0_421 f0_898 -10.38 10.38 185.98 0 0 0 8223 8223
f1w_422 f0_379 f0_855 4.53 -4.53 182.83 0 0 0 8223 8223
f1w_423 f0_370 f0_421 -6.21 6.21 188.41 0 0 0 8223 8223
f1w_425 f0_328 f0_619 0.45 -0.45 190.64 0 0 0 8223 8223
f1w_427 f0_476 f0_1000 -4.8 4.8 189.35 0 0 0 8223 8223
f1w_428 f0_441 f0_762 9.83 -9.83 187.51 0 0 0 8223 8223
f1w_430 f0_226 f0_515 -0.02 0.02 191.79 0 0 0 8223 8223
f1w_433 f0_290 f0_761 0.06 -0.06 187.41 0 0 0 8223 8223
f1w_436 f0_573 f0_582 -5.11 5.11 189.69 0 0 0 8223 8223
f1w_437 f0_291 f0_836 7.76 -7.76 190.65 0 0 0 8223 8223
f1w_439 f0_494 f0_994 -6.96 6.96 189.14 0 0 0 8223 8223
f1w_441 f0_495 f0_691 -6.89 6.89 186.25 0 0 0 8223 8223
f1w_443 f0_340 f0_586 -17.09 17.09 189.87 0 0 0 8223 8223
f1w_447 f0_706 f0_946 0.42 -0.42 195.56 0 0 0 8223 8223
f1w_449 f0_251 f0_352 6.68 -6.68 193.31 0 0 0 8223 8223
f1w_451 f0_387 f0_867 6.65 -6.65 189.42 0 0 0 8223 8223
f1w_453 f0_307 f0_850 -11.1 11.1 189.72 0 0 0 8223 8223
f1w_455 f0_245 f0_410 0.22 -0.22 201.02 0 0 0 8223 8223
f1w_456 f0_295 f0_684 6.08 -6.08 188.39 0 0 0 8223 8223
f1w_458 f0_737 f0_994 -3.78 3.78 185.22 0 0 0 8223 8223
f1w_459 f0_285 f0_449 1.75 -1.75 191.51 0 0 0 8223 8223
f1w_460 f0_316 f0_790 -7.33 7.33 187.3 0 0 0 8223 8223
f1w_461 f0_225 f0_363 4.65 -4.65 193.28 0 0 0 8223 8223
f1w_462 f0_359 f0_965 -6.31 6.31 190.27 0 0 0 8223 8223
f1w_463 f0_405 f0_913 8.94 -8.94 191.02 0 0 0 8223 8223
f1w_466 f0_366 f0_686 -4.07 4.07 186.39 0 0 0 8223 8223
f1w_467 f0_315 f0_865 -2.93 2.93 195.55 0 0 0 8223 8223
f1w_468 f0_634 f0_951 -15.07 15.07 188.31 0 0 0 8223 8223
f1w_469 f0_618 f0_890 14.87 -14.87 179.86 0 0 0 8223 8223
f1w_470 f0_241 f0_753 -7.34 7.34 190.74 0 0 0 8223 8223
f1w_471 f0_373 f0_977 -3.44 3.44 193.61 0 0 0 8223 8223
f1w_474 f0_361 f0_696 -3.03 3.03 190.07 0 0 0 8223 8223
f1w_476 f0_252 f0_456 -1.78 1.78 188.73 0 0 0 8223 8223
f1w_478 f0_546 f0_934 3.47 -3.47 189.16 0 0 0 8223 8223
f1w_479 f0_563 f0_847 4.77 -4.77 193.79 0 0 0 8223 8223
f1w_482 f0_264 f0_552 0.93 -0.93 191.43 0 0 0 8223 8223
f1w_483 f0_487 f0_757 1.23 -1.23 192.04 0 0 0 8223 8223
f1w_485 f0_229 f0_829 1.63 -1.63 192.46 0 0 0 8223 8223
f1w_487 f0_294 f0_701 5.64 -5.64 193.15 0 0 0 8223 8223
f1w_489 f0_655 f0_944 4.71 -4.71 187.57 0 0 0 8223 8223
f1w_491 f0_438 f0_959 4.45 -4.45 185.89 0 0 0 8223 8223
f1w_494 f0_523 f0_663 1.16 -1.16 192.26 0 0 0 8223 8223
f1w_495 f0_860 f0_890 2.47 -2.47 194.34 0 0 0 8223 8223
f1w_498 f0_616 f0_934 -5.74 5.74 191.69 0 0 0 8223 8223
f1w_500 f0_217 f0_366 -1.85 1.85 196.83 0 0 0 8223 8223
f2_4 f1h_280 f1w_327 7.96 -7.96 183.36 0 0 0 8223 8223
f2_7 f1h_477 f1w_410 -0.94 0.94 190.71 0 0 0 8223 8223
f2_10 f1w_393 f1w_473 10.32 -10.32 188.34 0 0 0 8223 8223
f2_12 f1w_194 f1w_239 15.15 -15.15 240.54 0 0 0 8223 8223
f2_13 f1w_32 f1w_475 -3.25 3.25 188.8 0 0 0 8223 8223
f2_16 f1h_430 f1w_476 -10.35 10.35 186.22 0 0 0 8223 8223
f2_18 f1h_403 f1w_310 3.52 -3.52 194.45 0 0 0 8223 8223
f2_20 f1h_44 f1h_57 -2.65 2.65 194.62 0 0 0 8223 8223
f2_21 f1h_299 f1w_486 18.68 -18.68 179.05 0 0 0 8223 8223
f2_23 f1h_452 f1w_76 2.24 -2.24 190.41 0 0 0 8223 8223
f2_25 f1h_220 f1h_447 4.64 -4.64 184.82 0 0 0 8223 8223
f2_28 f1h_283 f1h_284 13.48 -13.48 239.24 0 0 0 8223 8223
f2_29 f1w_400 f1w_421 5.13 -5.13 186.76 0 0 0 8223 8223
f2_30 f1h_250 f1h_419 1.13 -1.13 194.24 0 0 0 8223 8223
f2_31 f1w_98 f1w_279 -4.58 4.58 188.87 0 0 0 8223 8223
f2_34 f1w_289 f1w_372 7.17 -7.17 182.6 0 0 0 8223 8223
f2_35 f1w_108 f1w_458 -3.46 3.46 190.7 0 0 0 8223 8223
f2_36 f1h_448 f1w_232 -0.79 0.79 199.78 0 0 0 8223 8223
f2_37 f1h_242 f1w_331 7.68 -7.68 189.52 0 0 0 8223 8223
f2_39 f1h_382 f1w_43 3.67 -3.67 189.31 0 0 0 8223 8223
f2_42 f1h_97 f1w_217 -1.98 1.98 191.23 0 0 0 8223 8223
f2_43 f1h_353 f1w_141 -7.33 7.33 186.69 0 0 0 8223 8223
f2_47 f1h_160 f1h_166 -7.76 7.76 189.41 0 0 0 8223 8223
f2_48 f1w_171 f1w_340 -1.66 1.66 186.43 0 0 0 8223 8223
f2_50 f1h_56 f1w_442 11.17 -11.17 189.46 0 0 0 8223 8223
f2_51 f1w_329 f1w_369 11.79 -11.79 187.11 0 0 0 8223 8223
f2_52 f1h_29 f1h_39 -1.4 1.4 259.44 0 0 0 8223 8223
f2_54 f1h_121 f1w_224 7.75 -7.75 189.38 0 0 0 8223 8223
f2_57 f1h_217 f1w_417 1.14 -1.14 194.53 0 0 0 8223 8223
f2_58 f1h_138 f1w_84 -7.76 7.76 193.69 0 0 0 8223 8223
f2_60 f1w_117 f1w_213 3.37 -3.37 189.28 0 0 0 8223 8223
f2_62 f1w_245 f1w_331 -8.73 8.73 189.21 0 0 0 8223 8223
f2_63 f1h_55 f1w_15 -6 6 193.4 0 0 0 8223 8223
f2_67 f1h_393 f1h_494 5.68 -5.68 192.16 0 0 0 8223 8223
f2_68 f1h_42 f1w_460 17.95 -17.95 181.31 0 0 0 8223 8223
f2_69 f1h_369 f1w_148 -2.49 2.49 191.94 0 0 0 8223 8223
f2_70 f1h_379 f1w_394 3.74 -3.74 185.43 0 0 0 8223 8223
f2_72 f1h_14 f1h_345 -2.6 2.6 195.07 0 0 0 8223 8223
f2_73 f1h_405 f1w_178 -1.82 1.82 196.97 0 0 0 8223 8223
f2_75 f1h_46 f1h_115 14.07 -14.07 187.91 0 0 0 8223 8223
f2_78 f1h_375 f1w_278 0.92 -0.92 195.09 0 0 0 8223 8223
f2_82 f1h_252 f1h_332 -7.03 7.03 188.51 0 0 0 8223 8223
f2_84 f1h_6 f1w_169 -4.92 4.92 192.5 0 0 0 8223 8223
f2_87 f1h_381 f1w_463 8.73 -8.73 192.08 0 0 0 8223 8223
f2_93 f1h_482 f1w_210 -1.84 1.84 190.12 0 0 0 8223 8223
f2_95 f1h_39 f1h_443 -17.9 17.9 185.25 0 0 0 8223 8223
f2_96 f1w_319 f1w_370 4.89 -4.89 185.69 0 0 0 8223 8223
f2_97 f1h_56 f1h_432 6.34 -6.34 189.71 0 0 0 8223 8223
f2_98 f1h_6 f1h_343 4.87 -4.87 192.76 0 0 0 8223 8223
f2_99 f1w_46 f1w_177 5.29 -5.29 183.87 0 0 0 8223 8223
f2_102 f1h_478 f1w_393 4.51 -4.51 192.58 0 0 0 8223 8223
f2_105 f1w_422 f1w_439 6.01 -6.01 184.92 0 0 0 8223 8223
f2_108 f1w_65 f1w_410 4.16 -4.16 191.91 0 0 0 8223 8223
f2_109 f1w_197 f1w_491 0.28 -0.28 191.15 0 0 0 8223 8223
f2_110 f1h_148 f1w_191 -1.5 1.5 190.68 0 0 0 8223 8223
f2_111 f1h_83 f1h_354 3.55 -3.55 193.01 0 0 0 8223 8223
f2_112 f1w_240 f1w_290 7.99 -7.99 189.7 0 0 0 8223 8223
f2_113 f1h_29 f1h_224 -10.97 10.97 182.18 0 0 0 8223 8223
f2_115 f1h_453 f1w_428 -6.15 6.15 187.86 0 0 0 8223 8223
f2_116 f1h_192 f1w_182 -7.58 7.58 186.29 0 0 0 8223 8223
f2_117 f1h_360 f1h_465 15.72 -15.72 185.47 0 0 0 8223 8223
f2_121 f1h_54 f1w_107 10.64 -10.64 187.03 0 0 0 8223 8223
f2_123 f1h_141 f1w_97 11.68 -11.68 186.65 0 0 0 8223 8223
f2_125 f1h_343 f1w_321 -4.92 4.92 194.39 0 0 0 8223 8223
f2_126 f1h_338 f1w_130 6.72 -6.72 183.09 0 0 0 8223 8223
f2_127 f1w_220 f1w_279 -5.27 5.27 190.36 0 0 0 8223 8223
f2_128 f1h_59 f1h_126 -0.51 0.51 190.11 0 0 0 8223 8223
f2_130 f1w_223 f1w_386 -8.95 8.95 188.21 0 0 0 8223 8223
f2_133 f1w_221 f1w_441 -4.25 4.25 190.77 0 0 0 8223 8223
f2_136 f1h_481 f1w_433 -2.02 2.02 192.08 0 0 0 8223 8223
f2_137 f1w_53 f1w_323 5.66 -5.66 195.31 0 0 0 8223 8223
f2_139 f1w_299 f1w_391 0.91 -0.91 194.1 0 0 0 8223 8223
f2_140 f1w_11 f1w_228 -4.38 4.38 187.7 0 0 0 8223 8223
f2_144 f1h_49 f1h_458 -0.9 0.9 189.36 0 0 0 8223 8223
f2_149 f1w_64 f1w_210 14.6 -14.6 180.06 0 0 0 8223 8223
f2_150 f1h_57 f1w_47 -2.36 2.36 197.1 0 0 0 8223 8223
f2_151 f1h_41 f1w_101 7.91 -7.91 183.35 0 0 0 8223 8223
f2_153 f1w_56 f1w_64 -4.05 4.05 189.26 0 0 0 8223 8223
f2_154 f1h_17 f1h_221 -6.76 6.76 185.27 0 0 0 8223 8223
f2_155 f1w_108 f1w_241 -2.79 2.79 185.72 0 0 0 8223 8223
f2_157 f1h_337 f1w_213 1.2 -1.2 187.75 0 0 0 8223 8223
f2_160 f1h_152 f1h_200 3.07 -3.07 195.08 0 0 0 8223 8223
f2_161 f1w_296 f1w_327 -10.35 10.35 189.28 0 0 0 8223 8223
f2_162 f1h_476 f1w_158 11.55 -11.55 183.35 0 0 0 8223 8223
f2_164 f1h_74 f1w_406 5.46 -5.46 189 0 0 0 8223 8223
f2_167 f1h_126 f1h_299 9.97 -9.97 186.23 0 0 0 8223 8223
f2_169 f1w_70 f1w_474 -4.44 4.44 186.78 0 0 0 8223 8223
f2_170 f1h_264 f1w_274 -1.36 1.36 181.94 0 0 0 8223 8223
f2_173 f1h_493 f1w_248 4.43 -4.43 193.86 0 0 0 8223 8223
f2_176 f1h_131 f1h_485 7.34 -7.34 188.92 0 0 0 8223 8223
f2_177 f1w_158 f1w_434 -4.17 4.17 184.65 0 0 0 8223 8223
f2_178 f1h_469 f1w_274 9.66 -9.66 185.49 0 0 0 8223 8223
f2_179 f1h_255 f1h_358 -8.77 8.77 188.07 0 0 0 8223 8223
f2_181 f1h_123 f1w_135 5.72 -5.72 194.78 0 0 0 8223 8223
f2_182 f1w_13 f1w_315 4.49 -4.49 191.16 0 0 0 8223 8223
f2_184 f1h_180 f1w_398 -1.09 1.09 192.23 0 0 0 8223 8223
f2_186 f1w_61 f1w_340 -9.63 9.63 182.98 0 0 0 8223 8223
f2_194 f1w_45 f1w_301 7.45 -7.45 186.78 0 0 0 8223 8223
f2_195 f1w_197 f1w_471 2.65 -2.65 191.48 0 0 0 8223 8223
f2_197 f1w_134 f1w_256 5.03 -5.03 194.1 0 0 0 8223 8223
f2_199 f1h_208 f1w_11 5.09 -5.09 189.34 0 0 0 8223 8223
f2_201 f1w_232 f1w_405 -10.08 10.08 185.93 0 0 0 8223 8223
f2_202 f1h_30 f1w_57 2.31 -2.31 191.78 0 0 0 8223 8223
f2_203 f1h_200 f1w_135 2.94 -2.94 194.08 0 0 0 8223 8223
f2_205 f1h_324 f1w_144 4.29 -4.29 189.08 0 0 0 8223 8223
f2_207 f1h_410 f1w_375 16.46 -16.46 189.14 0 0 0 8223 8223
f2_208 f1h_221 f1w_190 19.55 -19.55 183.66 0 0 0 8223 8223
f2_209 f1h_378 f1w_227 0.11 -0.11 189.63 0 0 0 8223 8223
f2_210 f1w_215 f1w_246 -2.46 2.46 193.99 0 0 0 8223 8223
f2_211 f1h_146 f1h_289 1.51 -1.51 195.78 0 0 0 8223 8223
f2_212 f1h_149 f1h_370 -11.56 11.56 179.34 0 0 0 8223 8223
f2_213 f1h_197 f1h_432 6.86 -6.86 186.48 0 0 0 8223 8223
f2_216 f1h_109 f1w_447 -0.4 0.4 191.27 0 0 0 8223 8223
f2_221 f1h_335 f1h_375 -1.51 1.51 187.16 0 0 0 8223 8223
f2_226 f1h_12 f1h_134 -0.37 0.37 195.45 0 0 0 8223 8223
f2_227 f1h_206 f1w_241 -3.49 3.49 193.61 0 0 0 8223 8223
f2_232 f1h_222 f1h_449 5.74 -5.74 188.56 0 0 0 8223 8223
f2_238 f1h_172 f1w_93 -9.09 9.09 185.98 0 0 0 8223 8223
f2_239 f1h_148 f1h_233 -2.46 2.46 193.88 0 0 0 8223 8223
f2_241 f1w_34 f1w_121 13.66 -13.66 195.34 0 0 0 8223 8223
f2_242 f1h_181 f1h_239 -11.29 11.29 187.06 0 0 0 8223 8223
f2_244 f1h_390 f1w_74 -2.81 2.81 189.24 0 0 0 8223 8223
f2_246 f1h_340 f1w_301 -2.93 2.93 189.91 0 0 0 8223 8223
f2_247 f1h_468 f1w_386 -3.03 3.03 186.67 0 0 0 8223 8223
f2_248 f1h_439 f1w_243 2.43 -2.43 192.32 0 0 0 8223 8223
f2_249 f1h_49 f1h_222 3.32 -3.32 192.58 0 0 0 8223 8223
f2_252 f1h_428 f1w_101 0.62 -0.62 197.68 0 0 0 8223 8223
f2_253 f1h_255 f1w_379 -8.29 8.29 189.08 0 0 0 8223 8223
f2_254 f1w_69 f1w_247 7.66 -7.66 189.69 0 0 0 8223 8223
f2_255 f1h_2 f1w_223 6.91 -6.91 192.39 0 0 0 8223 8223
f2_256 f1h_456 f1h_477 0.78 -0.78 192.13 0 0 0 8223 8223
f2_257 f1h_215 f1w_236 -3.41 3.41 186.96 0 0 0 8223 8223
f2_259 f1h_117 f1w_43 -3.86 3.86 187.01 0 0 0 8223 8223
f2_260 f1w_478 f1w_481 8.55 -8.55 185.52 0 0 0 8223 8223
f2_263 f1h_170 f1h_461 5.03 -5.03 186.81 0 0 0 8223 8223
f2_267 f1h_255 f1h_300 -1.86 1.86 200.03 0 0 0 8223 8223
f2_268 f1h_46 f1w_433 5.57 -5.57 186.64 0 0 0 8223 8223
f2_269 f1h_130 f1h_479 6.25 -6.25 191.41 0 0 0 8223 8223
f2_272 f1h_286 f1w_279 8.31 -8.31 181.91 0 0 0 8223 8223
f2_275 f1w_313 f1w_405 -6.17 6.17 186.56 0 0 0 8223 8223
f2_282 f1h_148 f1w_29 7.2 -7.2 185.53 0 0 0 8223 8223
f2_283 f1h_104 f1w_107 10.31 -10.31 184.95 0 0 0 8223 8223
f2_284 f1h_88 f1w_40 -3.31 3.31 183.2 0 0 0 8223 8223
f2_285 f1h_347 f1w_98 11.26 -11.26 182.71 0 0 0 8223 8223
f2_286 f1h_199 f1h_427 -2.19 2.19 195.33 0 0 0 8223 8223
f2_287 f1h_127 f1h_494 10.02 -10.02 193.46 0 0 0 8223 8223
f2_288 f1h_456 f1w_393 1.52 -1.52 195.08 0 0 0 8223 8223
f2_290 f1h_332 f1w_429 5.41 -5.41 192.58 0 0 0 8223 8223
f2_296 f1h_408 f1w_369 1.65 -1.65 191.59 0 0 0 8223 8223
f2_298 f1h_379 f1h_445 10.02 -10.02 189.17 0 0 0 8223 8223
f2_300 f1h_176 f1w_278 7.26 -7.26 187.74 0 0 0 8223 8223
f2_302 f1h_423 f1w_382 -4.15 4.15 190.19 0 0 0 8223 8223
f2_304 f1h_240 f1w_430 14.42 -14.42 180.21 0 0 0 8223 8223
f2_305 f1h_3 f1h_392 2.46 -2.46 181.51 0 0 0 8223 8223
f2_308 f1h_251 f1w_70 3.57 -3.57 191.11 0 0 0 8223 8223
f2_309 f1w_335 f1w_476 -4.56 4.56 186.82 0 0 0 8223 8223
f2_310 f1h_289 f1w_398 -0.77 0.77 192.89 0 0 0 8223 8223
f2_311 f1h_171 f1h_493 1.17 -1.17 189.56 0 0 0 8223 8223
f2_314 f1w_197 f1w_233 -13.93 13.93 180.8 0 0 0 8223 8223
f2_316 f1h_391 f1w_193 -5.63 5.63 184.27 0 0 0 8223 8223
f2_317 f1h_418 f1w_327 -6.74 6.74 187.32 0 0 0 8223 8223
f2_318 f1w_64 f1w_185 8.29 -8.29 192.15 0 0 0 8223 8223
f2_320 f1h_251 f1w_450 6.49 -6.49 185.94 0 0 0 8223 8223
f2_322 f1w_157 f1w_316 -3.95 3.95 189.56 0 0 0 8223 8223
f2_324 f1h_19 f1h_418 0.11 -0.11 191.96 0 0 0 8223 8223
f2_325 f1h_200 f1w_425 1.34 -1.34 191.65 0 0 0 8223 8223
f2_331 f1h_225 f1w_162 -7.6 7.6 188.67 0 0 0 8223 8223
f2_332 f1h_105 f1w_314 -10.43 10.43 188.24 0 0 0 8223 8223
f2_333 f1w_67 f1w_327 -3.6 3.6 191.97 0 0 0 8223 8223
f2_336 f1h_2 f1w_492 -7.67 7.67 191.37 0 0 0 8223 8223
f2_337 f1h_437 f1w_406 13.83 -13.83 185.61 0 0 0 8223 8223
f2_340 f1h_22 f1h_451 0.57 -0.57 188.61 0 0 0 8223 8223
f2_342 f1w_398 f1w_458 1.14 -1.14 187.59 0 0 0 8223 8223
f2_343 f1h_166 f1h_252 6.73 -6.73 195.18 0 0 0 8223 8223
f2_345 f1w_102 f1w_316 -2.35 2.35 187.02 0 0 0 8223 8223
f2_346 f1h_280 f1h_299 0.37 -0.37 186.74 0 0 0 8223 8223
f2_348 f1w_219 f1w_341 14.76 -14.76 187.49 0 0 0 8223 8223
f2_349 f1h_181 f1w_158 -0.56 0.56 196.15 0 0 0 8223 8223
f2_350 f1h_195 f1w_169 3.49 -3.49 195.28 0 0 0 8223 8223
f2_353 f1h_47 f1h_498 -3.38 3.38 190.86 0 0 0 8223 8223
f2_354 f1h_215 f1w_102 -9.79 9.79 179.42 0 0 0 8223 8223
f2_355 f1h_481 f1w_325 6.93 -6.93 193.44 0 0 0 8223 8223
f2_358 f1w_453 f1w_468 4.63 -4.63 195.59 0 0 0 8223 8223
f2_361 f1h_181 f1w_134 6.17 -6.17 188.83 0 0 0 8223 8223
f2_362 f1h_360 f1w_76 -8.86 8.86 187.18 0 0 0 8223 8223
f2_364 f1w_127 f1w_249 -2.99 2.99 191.47 0 0 0 8223 8223
f2_373 f1h_454 f1w_352 -0.04 0.04 189.35 0 0 0 8223 8223
f2_374 f1h_32 f1h_81 -0.17 0.17 194.81 0 0 0 8223 8223
f2_375 f1h_48 f1w_153 -0.9 0.9 188.35 0 0 0 8223 8223
f2_377 f1h_206 f1h_277 4.45 -4.45 186.08 0 0 0 8223 8223
f2_378 f1h_418 f1w_468 3.76 -3.76 193.41 0 0 0 8223 8223
f2_379 f1h_22 f1w_156 -6.15 6.15 194.05 0 0 0 8223 8223
f2_384 f1h_280 f1w_358 5.35 -5.35 184.15 0 0 0 8223 8223
f2_386 f1w_160 f1w_193 2.85 -2.85 187.72 0 0 0 8223 8223
f2_387 f1w_33 f1w_156 -8.22 8.22 182.64 0 0 0 8223 8223
f2_388 f1w_60 f1w_210 -3.18 3.18 193.37 0 0 0 8223 8223
f2_389 f1h_4 f1w_135 5.7 -5.7 183.72 0 0 0 8223 8223
f2_391 f1h_20 f1h_172 6.15 -6.15 197.01 0 0 0 8223 8223
f2_395 f1w_63 f1w_272 9.44 -9.44 187.36 0 0 0 8223 8223
f2_396 f1h_82 f1h_205 3.66 -3.66 187.32 0 0 0 8223 8223
f2_397 f1h_264 f1h_432 -9.14 9.14 184.36 0 0 0 8223 8223
f2_399 f1w_216 f1w_316 0.95 -0.95 189.73 0 0 0 8223 8223
f2_400 f1h_278 f1w_175 11.63 -11.63 191.13 0 0 0 8223 8223
f2_406 f1h_143 f1h_193 -2.42 2.42 187.73 0 0 0 8223 8223
f2_407 f1h_417 f1w_190 9.81 -9.81 188.39 0 0 0 8223 8223
f2_410 f1h_220 f1h_350 8.31 -8.31 186.42 0 0 0 8223 8223
f2_412 f1h_462 f1w_285 -0.94 0.94 189.93 0 0 0 8223 8223
f2_414 f1w_25 f1w_317 10.33 -10.33 188.35 0 0 0 8223 8223
f2_415 f1h_253 f1h_255 14.13 -14.13 187.05 0 0 0 8223 8223
f2_416 f1h_217 f1h_410 -8.53 8.53 188.89 0 0 0 8223 8223
f2_420 f1w_174 f1w_363 0.37 -0.37 190.67 0 0 0 8223 8223
f2_421 f1w_211 f1w_361 -1.08 1.08 192.22 0 0 0 8223 8223
f2_422 f1h_31 f1w_348 -2.48 2.48 191.71 0 0 0 8223 8223
f2_423 f1h_262 f1w_404 4.26 -4.26 194.34 0 0 0 8223 8223
f2_427 f1h_470 f1w_76 -0.39 0.39 193.51 0 0 0 8223 8223
f2_431 f1h_450 f1w_65 -7.38 7.38 194.03 0 0 0 8223 8223
f2_437 f1h_338 f1w_365 -9.42 9.42 175.07 0 0 0 8223 8223
f2_440 f1h_134 f1h_202 4.08 -4.08 194.1 0 0 0 8223 8223
f2_444 f1h_491 f1w_319 2.51 -2.51 192.58 0 0 0 8223 8223
f2_445 f1h_48 f1w_344 5.27 -5.27 190.12 0 0 0 8223 8223
f2_447 f1h_24 f1w_193 -12.49 12.49 183.39 0 0 0 8223 8223
f2_448 f1w_257 f1w_305 -11.12 11.12 186.17 0 0 0 8223 8223
f2_450 f1w_30 f1w_351 6.87 -6.87 185.41 0 0 0 8223 8223
f2_451 f1h_338 f1w_326 -1.01 1.01 192.05 0 0 0 8223 8223
f2_453 f1w_121 f1w_463 -3.2 3.2 195.77 0 0 0 8223 8223
f2_456 f1w_189 f1w_317 -4.58 4.58 189.25 0 0 0 8223 8223
f2_460 f1h_164 f1w_419 -5.65 5.65 191.37 0 0 0 8223 8223
f2_461 f1w_182 f1w_352 2.5 -2.5 179.54 0 0 0 8223 8223
f2_464 f1h_246 f1h_425 -1.02 1.02 196.12 0 0 0 8223 8223
f2_467 f1h_143 f1w_283 -3.08 3.08 187.24 0 0 0 8223 8223
f2_468 f1w_141 f1w_156 -8.52 8.52 190.24 0 0 0 8223 8223
f2_472 f1h_474 f1w_103 4.73 -4.73 184.58 0 0 0 8223 8223
f2_474 f1h_291 f1h_439 -13.86 13.86 182.17 0 0 0 8223 8223
f2_476 f1h_202 f1w_195 -4.86 4.86 193.39 0 0 0 8223 8223
f2_478 f1h_265 f1w_327 -2.82 2.82 194.79 0 0 0 8223 8223
f2_479 f1h_387 f1h_455 11.63 -11.63 185.74 0 0 0 8223 8223
f2_484 f1w_382 f1w_393 -9.97 9.97 179.77 0 0 0 8223 8223
f2_487 f1h_332 f1w_386 -4.58 4.58 195.22 0 0 0 8223 8223
f2_489 f1h_43 f1w_247 -7.43 7.43 192.44 0 0 0 8223 8223
f2_490 f1h_43 f1w_77 -3.91 3.91 189.66 0 0 0 8223 8223
f2_491 f1w_220 f1w_424 11.3 -11.3 184.24 0 0 0 8223 8223
f2_492 f1w_174 f1w_357 -2.39 2.39 185.87 0 0 0 8223 8223
f2_495 f1h_199 f1w_75 5.76 -5.76 191.87 0 0 0 8223 8223
f2_496 f1h_382 f1w_273 8.1 -8.1 190.64 0 0 0 8223 8223
f2_497 f1h_470 f1w_157 5.48 -5.48 194.5 0 0 0 8223 8223
f2_500 f1w_142 f1w_204 -10.91 10.91 190.31 0 0 0 8223 8223
f2_501 f1h_419 f1w_140 2.15 -2.15 183.99 0 0 0 8223 8223
f2_505 f1h_109 f1w_476 -4.49 4.49 195.92 0 0 0 8223 8223
f2_507 f1h_39 f1w_220 0.05 -0.05 193.15 0 0 0 8223 8223
f2_508 f1h_19 f1h_388 8.39 -8.39 187.12 0 0 0 8223 8223
f2_509 f1h_427 f1w_370 -8.93 8.93 185.9 0 0 0 8223 8223
f2_510 f1w_337 f1w_348 0.92 -0.92 194.45 0 0 0 8223 8223
f2_512 f1w_293 f1w_449 -3.86 3.86 184.08 0 0 0 8223 8223
f2_517 f1w_199 f1w_227 -6.71 6.71 190.96 0 0 0 8223 8223
f2_520 f1h_86 f1w_115 0.39 -0.39 185.33 0 0 0 8223 8223
f2_522 f1h_83 f1w_178 0.98 -0.98 190.01 0 0 0 8223 8223
f2_523 f1w_406 f1w_420 -7.83 7.83 191.2 0 0 0 8223 8223
f2_524 f1h_487 f1w_93 -10.88 10.88 181.56 0 0 0 8223 8223
f2_526 f1w_120 f1w_482 -3.72 3.72 192.02 0 0 0 8223 8223
f2_529 f1w_8 f1w_98 -5.55 5.55 187.52 0 0 0 8223 8223
f2_534 f1w_135 f1w_282 6.25 -6.25 188.23 0 0 0 8223 8223
f2_535 f1h_333 f1w_421 11.12 -11.12 186.49 0 0 0 8223 8223
f2_537 f1h_125 f1w_369 4.88 -4.88 191.68 0 0 0 8223 8223
f2_539 f1h_204 f1h_381 -9.49 9.49 187.58 0 0 0 8223 8223
f2_541 f1h_276 f1w_41 11.72 -11.72 195.91 0 0 0 8223 8223
f2_543 f1h_388 f1w_413 -3.14 3.14 192.85 0 0 0 8223 8223
f2_546 f1h_25 f1w_302 -4.35 4.35 192.63 0 0 0 8223 8223
f2_548 f1w_322 f1w_352 -2.06 2.06 190.31 0 0 0 8223 8223
f2_549 f1h_176 f1h_193 1.56 -1.56 187.98 0 0 0 8223 8223
f2_553 f1h_49 f1h_369 11.27 -11.27 185.66 0 0 0 8223 8223
f2_556 f1h_55 f1w_28 -0.92 0.92 192.1 0 0 0 8223 8223
f2_557 f1w_190 f1w_262 -10.14 10.14 182.08 0 0 0 8223 8223
f2_558 f1h_288 f1h_381 -2.21 2.21 190.48 0 0 0 8223 8223
f2_560 f1w_52 f1w_453 3.36 -3.36 189.58 0 0 0 8223 8223
f2_561 f1h_57 f1w_500 8.83 -8.83 194.28 0 0 0 8223 8223
f2_565 f1h_227 f1w_473 -0.24 0.24 193.74 0 0 0 8223 8223
f2_566 f1w_34 f1w_474 5.29 -5.29 193.11 0 0 0 8223 8223
f2_569 f1h_277 f1w_481 -2 2 182.96 0 0 0 8223 8223
f2_573 f1h_56 f1h_315 -2.7 2.7 185.49 0 0 0 8223 8223
f2_576 f1h_52 f1h_298 1.87 -1.87 184.46 0 0 0 8223 8223
f2_578 f1h_99 f1h_487 -8.48 8.48 187.21 0 0 0 8223 8223
f2_581 f1h_206 f1h_336 -0.82 0.82 185.75 0 0 0 8223 8223
f2_582 f1w_149 f1w_460 -3.35 3.35 188 0 0 0 8223 8223
f2_583 f1h_59 f1w_112 -9.24 9.24 187.66 0 0 0 8223 8223
f2_584 f1h_461 f1w_171 -2.8 2.8 194.16 0 0 0 8223 8223
f2_585 f1h_461 f1w_114 -4.69 4.69 189.09 0 0 0 8223 8223
f2_586 f1h_189 f1w_383 -17.42 17.42 179.93 0 0 0 8223 8223
f2_587 f1h_260 f1h_316 -11.33 11.33 190.3 0 0 0 8223 8223
f2_589 f1h_42 f1h_268 4.13 -4.13 197.14 0 0 0 8223 8223
f2_591 f1w_106 f1w_236 -8.87 8.87 186.87 0 0 0 8223 8223
f2_592 f1w_34 f1w_449 -2.75 2.75 189.11 0 0 0 8223 8223
f2_594 f1w_97 f1w_388 1.27 -1.27 193.55 0 0 0 8223 8223
f2_595 f1h_497 f1w_433 5.78 -5.78 189.26 0 0 0 8223 8223
f2_596 f1w_180 f1w_330 0.19 -0.19 190.88 0 0 0 8223 8223
f2_599 f1h_482 f1w_413 0.19 -0.19 195.21 0 0 0 8223 8223
f2_600 f1w_29 f1w_449 -3.02 3.02 193.48 0 0 0 8223 8223
f2_602 f1h_169 f1w_175 -1.15 1.15 194.64 0 0 0 8223 8223
f2_603 f1h_263 f1w_311 -16.25 16.25 185.2 0 0 0 8223 8223
f2_604 f1w_127 f1w_473 0.12 -0.12 191.25 0 0 0 8223 8223
f2_606 f1h_71 f1w_466 4.56 -4.56 189.48 0 0 0 8223 8223
f2_608 f1h_263 f1w_71 -10.53 10.53 184.13 0 0 0 8223 8223
f2_610 f1h_420 f1w_387 -11.23 11.23 176.58 0 0 0 8223 8223
f2_612 f1w_159 f1w_498 0.11 -0.11 196.63 0 0 0 8223 8223
f2_613 f1h_448 f1w_425 1.72 -1.72 196.28 0 0 0 8223 8223
f2_617 f1h_432 f1h_473 5.07 -5.07 185.28 0 0 0 8223 8223
f2_618 f1h_208 f1h_316 -15.12 15.12 188.16 0 0 0 8223 8223
f2_619 f1h_381 f1w_331 5.46 -5.46 186.4 0 0 0 8223 8223
f2_622 f1h_294 f1w_329 -5.92 5.92 191.75 0 0 0 8223 8223
f2_623 f1h_429 f1w_184 5.58 -5.58 197.21 0 0 0 8223 8223
f2_628 f1h_168 f1h_436 3.51 -3.51 188.92 0 0 0 8223 8223
f2_629 f1h_123 f1w_80 9.22 -9.22 187.8 0 0 0 8223 8223
f2_630 f1w_30 f1w_194 2.61 -2.61 187.92 0 0 0 8223 8223
f2_635 f1h_439 f1w_413 14.21 -14.21 182.6 0 0 0 8223 8223
f2_637 f1h_388 f1w_219 -7.33 7.33 187.75 0 0 0 8223 8223
f2_638 f1h_380 f1w_88 3.5 -3.5 189.12 0 0 0 8223 8223
f2_643 f1h_312 f1h_460 -0.59 0.59 189.08 0 0 0 8223 8223
f2_645 f1h_10 f1h_381 8.02 -8.02 192.02 0 0 0 8223 8223
f2_647 f1h_180 f1w_479 -10.47 10.47 187.23 0 0 0 8223 8223
f2_651 f1h_126 f1w_175 -4.46 4.46 190.25 0 0 0 8223 8223
f2_653 f1h_141 f1h_355 2.27 -2.27 239.98 0 0 0 8223 8223
f2_656 f1h_237 f1w_252 1.43 -1.43 199.23 0 0 0 8223 8223
f2_658 f1h_416 f1w_375 5.7 -5.7 194.71 0 0 0 8223 8223
f2_659 f1h_52 f1h_440 -0.64 0.64 191.97 0 0 0 8223 8223
f2_660 f1h_105 f1w_82 3.17 -3.17 184.95 0 0 0 8223 8223
f2_663 f1h_335 f1w_442 -3.75 3.75 188.93 0 0 0 8223 8223
f2_664 f1h_356 f1h_485 1.86 -1.86 196.42 0 0 0 8223 8223
f2_665 f1w_329 f1w_338 13.54 -13.54 188.43 0 0 0 8223 8223
f2_669 f1h_69 f1w_370 -10.7 10.7 187.23 0 0 0 8223 8223
f2_670 f1w_187 f1w_216 -7.13 7.13 190.66 0 0 0 8223 8223
f2_671 f1h_189 f1w_323 1.86 -1.86 188.23 0 0 0 8223 8223
f2_673 f1w_240 f1w_326 2.01 -2.01 192.46 0 0 0 8223 8223
f2_674 f1h_386 f1w_130 -0.26 0.26 194.44 0 0 0 8223 8223
f2_676 f1h_398 f1w_489 -1.35 1.35 200.39 0 0 0 8223 8223
f2_677 f1h_18 f1h_462 1.05 -1.05 194.78 0 0 0 8223 8223
f2_678 f1h_124 f1w_494 -8.98 8.98 188.84 0 0 0 8223 8223
f2_679 f1h_267 f1w_298 -8.88 8.88 187.47 0 0 0 8223 8223
f2_680 f1h_156 f1w_72 8.35 -8.35 189.9 0 0 0 8223 8223
f2_682 f1w_315 f1w_469 8.56 -8.56 192.75 0 0 0 8223 8223
f2_686 f1h_496 f1w_16 0.41 -0.41 194.35 0 0 0 8223 8223
f2_687 f1w_151 f1w_272 -2.28 2.28 187.79 0 0 0 8223 8223
f2_688 f1h_55 f1w_179 -0.37 0.37 194.65 0 0 0 8223 8223
f2_690 f1w_344 f1w_452 -8.52 8.52 191.71 0 0 0 8223 8223
f2_692 f1w_297 f1w_363 -1.78 1.78 187.67 0 0 0 8223 8223
f2_694 f1h_354 f1w_271 -3.53 3.53 199.1 0 0 0 8223 8223
f2_697 f1w_102 f1w_466 13.79 -13.79 178.08 0 0 0 8223 8223
f2_698 f1h_242 f1w_252 1.93 -1.93 188.41 0 0 0 8223 8223
f2_701 f1h_145 f1w_81 5.35 -5.35 192.02 0 0 0 8223 8223
f2_702 f1h_232 f1h_278 -2.92 2.92 191.96 0 0 0 8223 8223
f2_703 f1h_282 f1w_413 2.93 -2.93 187.9 0 0 0 8223 8223
f2_708 f1w_2 f1w_14 10.38 -10.38 187.16 0 0 0 8223 8223
f2_712 f1h_47 f1h_362 7.43 -7.43 200.97 0 0 0 8223 8223
f2_715 f1h_83 f1w_99 3.22 -3.22 187.73 0 0 0 8223 8223
f2_716 f1h_309 f1w_38 3.61 -3.61 183.66 0 0 0 8223 8223
f2_717 f1h_277 f1h_430 0.47 -0.47 186.82 0 0 0 8223 8223
f2_718 f1h_283 f1w_148 9.57 -9.57 185.07 0 0 0 8223 8223
f2_719 f1h_434 f1w_437 -2.02 2.02 190.19 0 0 0 8223 8223
f2_720 f1w_69 f1w_461 -5.66 5.66 187.83 0 0 0 8223 8223
f2_722 f1w_16 f1w_466 -3.81 3.81 186.37 0 0 0 8223 8223
f2_723 f1h_6 f1h_151 -1.69 1.69 198.55 0 0 0 8223 8223
f2_725 f1h_105 f1h_242 -16.97 16.97 186.15 0 0 0 8223 8223
f2_726 f1w_223 f1w_299 -7.69 7.69 190.12 0 0 0 8223 8223
f2_727 f1h_433 f1w_106 -1.25 1.25 196.23 0 0 0 8223 8223
f2_729 f1w_89 f1w_326 -2.84 2.84 190.01 0 0 0 8223 8223
f2_731 f1h_111 f1w_124 -27.36 27.36 168.56 0 0 0 8223 8223
f2_734 f1h_18 f1h_249 12.44 -12.44 182.48 0 0 0 8223 8223
f2_735 f1h_429 f1w_364 2.2 -2.2 188.53 0 0 0 8223 8223
f2_737 f1h_291 f1w_377 -7.71 7.71 188.28 0 0 0 8223 8223
f2_738 f1w_14 f1w_274 -14.11 14.11 186.62 0 0 0 8223 8223
f2_739 f1w_358 f1w_426 -3.48 3.48 187.5 0 0 0 8223 8223
f2_743 f1h_173 f1h_465 -6.43 6.43 192.63 0 0 0 8223 8223
f2_744 f1h_307 f1h_418 1.97 -1.97 184.45 0 0 0 8223 8223
f2_746 f1h_171 f1h_324 -6.25 6.25 192.38 0 0 0 8223 8223
f2_747 f1w_43 f1w_76 5.83 -5.83 190.57 0 0 0 8223 8223
f2_748 f1h_356 f1w_121 -6.1 6.1 193.35 0 0 0 8223 8223
f2_749 f1h_176 f1w_349 4.48 -4.48 188.08 0 0 0 8223 8223
f2_751 f1w_105 f1w_174 -12.33 12.33 186.61 0 0 0 8223 8223
f2_753 f1w_220 f1w_403 -4.04 4.04 189.49 0 0 0 8223 8223
f2_754 f1h_59 f1w_217 -1.33 1.33 192.13 0 0 0 8223 8223
f2_759 f1h_449 f1w_61 -2.68 2.68 188.82 0 0 0 8223 8223
f2_760 f1h_33 f1h_205 -3.22 3.22 188.15 0 0 0 8223 8223
f2_761 f1h_272 f1w_104 2.29 -2.29 193.98 0 0 0 8223 8223
f2_764 f1h_335 f1w_241 0.15 -0.15 189.7 0 0 0 8223 8223
f2_765 f1w_69 f1w_211 2.07 -2.07 195.26 0 0 0 8223 8223
f2_766 f1h_287 f1w_321 6.68 -6.68 186.26 0 0 0 8223 8223
f2_768 f1h_212 f1w_19 -1.11 1.11 190.59 0 0 0 8223 8223
f2_769 f1h_56 f1w_56 5.26 -5.26 190.74 0 0 0 8223 8223
f2_771 f1w_236 f1w_494 7.44 -7.44 185.91 0 0 0 8223 8223
f2_772 f1w_32 f1w_286 5.18 -5.18 190.79 0 0 0 8223 8223
f2_775 f1h_267 f1w_252 1.34 -1.34 185.02 0 0 0 8223 8223
f2_776 f1h_1 f1w_195 -10.56 10.56 190.27 0 0 0 8223 8223
f2_777 f1h_362 f1w_262 -9.99 9.99 191.14 0 0 0 8223 8223
f2_778 f1h_4 f1h_360 5.04 -5.04 189.19 0 0 0 8223 8223
f2_779 f1w_153 f1w_306 5.96 -5.96 189.62 0 0 0 8223 8223
f2_780 f1h_174 f1w_12 10.16 -10.16 192.7 0 0 0 8223 8223
f2_781 f1h_78 f1h_216 5.38 -5.38 186.75 0 0 0 8223 8223
f2_782 f1w_278 f1w_301 9.09 -9.09 185.62 0 0 0 8223 8223
f2_784 f1h_355 f1w_48 5.34 -5.34 189.75 0 0 0 8223 8223
f2_785 f1h_265 f1w_17 -11.25 11.25 198.15 0 0 0 8223 8223
f2_787 f1w_86 f1w_336 -12.85 12.85 186.48 0 0 0 8223 8223
f2_788 f1h_481 f1w_192 -10.7 10.7 186.32 0 0 0 8223 8223
f2_794 f1h_242 f1w_406 4.32 -4.32 186.54 0 0 0 8223 8223
f2_797 f1h_39 f1h_381 11.66 -11.66 186.18 0 0 0 8223 8223
f2_799 f1h_47 f1h_157 14.14 -14.14 189.21 0 0 0 8223 8223
f2_801 f1h_216 f1w_65 -0.64 0.64 190.41 0 0 0 8223 8223
f2_803 f1w_27 f1w_481 -8.58 8.58 188.84 0 0 0 8223 8223
f2_804 f1h_443 f1w_325 1.62 -1.62 194.91 0 0 0 8223 8223
f2_805 f1w_139 f1w_324 -0.97 0.97 193.92 0 0 0 8223 8223
f2_808 f1h_92 f1h_127 -11.71 11.71 190.73 0 0 0 8223 8223
f2_809 f1h_408 f1w_112 -7.55 7.55 190.3 0 0 0 8223 8223
f2_811 f1h_288 f1w_76 4.67 -4.67 185.46 0 0 0 8223 8223
f2_812 f1w_88 f1w_193 -10.03 10.03 184.63 0 0 0 8223 8223
f2_813 f1w_220 f1w_223 -1.2 1.2 191.92 0 0 0 8223 8223
f2_814 f1h_337 f1h_423 6.58 -6.58 190.4 0 0 0 8223 8223
f2_815 f1h_314 f1w_343 -4.03 4.03 188.06 0 0 0 8223 8223
f2_819 f1h_343 f1h_386 6.62 -6.62 185.84 0 0 0 8223 8223
f2_820 f1w_21 f1w_198 7.36 -7.36 187.05 0 0 0 8223 8223
f2_822 f1h_92 f1w_241 14.49 -14.49 196.44 0 0 0 8223 8223
f2_826 f1h_228 f1w_287 10.32 -10.32 181.95 0 0 0 8223 8223
f2_827 f1h_495 f1w_101 -6.46 6.46 187.85 0 0 0 8223 8223
f2_831 f1h_16 f1w_151 -6.75 6.75 193.34 0 0 0 8223 8223
f2_833 f1h_389 f1w_183 -4.55 4.55 191.87 0 0 0 8223 8223
f2_835 f1h_385 f1w_224 0.47 -0.47 183.36 0 0 0 8223 8223
f2_836 f1h_180 f1h_318 0.79 -0.79 195.4 0 0 0 8223 8223
f2_838 f1h_205 f1h_443 7.82 -7.82 189.76 0 0 0 8223 8223
f2_840 f1h_344 f1w_2 -3.11 3.11 193.97 0 0 0 8223 8223
f2_842 f1h_308 f1h_482 -8.17 8.17 187.6 0 0 0 8223 8223
f2_843 f1w_242 f1w_383 -4 4 189.64 0 0 0 8223 8223
f2_850 f1h_164 f1w_187 5.89 -5.89 183.64 0 0 0 8223 8223
f2_852 f1h_26 f1w_256 0.9 -0.9 192.83 0 0 0 8223 8223
f2_853 f1h_430 f1w_364 -11.19 11.19 182.32 0 0 0 8223 8223
f2_854 f1h_220 f1w_314 2.69 -2.69 194.19 0 0 0 8223 8223
f2_855 f1w_134 f1w_281 1.81 -1.81 188.68 0 0 0 8223 8223
f2_857 f1h_331 f1h_470 4.23 -4.23 188.07 0 0 0 8223 8223
f2_858 f1h_275 f1h_280 11.44 -11.44 185.15 0 0 0 8223 8223
f2_862 f1h_200 f1w_412 -13.33 13.33 185.9 0 0 0 8223 8223
f2_864 f1h_233 f1w_61 -13.74 13.74 182.2 0 0 0 8223 8223
f2_866 f1h_334 f1h_489 4.5 -4.5 194.02 0 0 0 8223 8223
f2_867 f1h_333 f1w_455 10.29 -10.29 188.95 0 0 0 8223 8223
f2_869 f1h_458 f1w_347 6.05 -6.05 192.15 0 0 0 8223 8223
f2_870 f1h_408 f1w_494 5.49 -5.49 185.57 0 0 0 8223 8223
f2_871 f1h_18 f1w_92 -13.91 13.91 183.09 0 0 0 8223 8223
f2_872 f1h_131 f1w_229 -6.51 6.51 187.43 0 0 0 8223 8223
f2_875 f1h_362 f1h_445 -2.31 2.31 193.45 0 0 0 8223 8223
f2_876 f1h_49 f1h_447 3.44 -3.44 191.26 0 0 0 8223 8223
f2_878 f1w_32 f1w_226 4.07 -4.07 189.78 0 0 0 8223 8223
f2_879 f1w_88 f1w_347 -3.47 3.47 193.78 0 0 0 8223 8223
f2_880 f1h_378 f1w_404 -2.1 2.1 192.68 0 0 0 8223 8223
f2_883 f1h_293 f1w_54 -19.09 19.09 183.03 0 0 0 8223 8223
f2_884 f1h_494 f1w_43 3.95 -3.95 191.66 0 0 0 8223 8223
f2_885 f1w_444 f1w_453 -12.45 12.45 191.29 0 0 0 8223 8223
f2_886 f1h_398 f1w_383 -12.84 12.84 184.7 0 0 0 8223 8223
f2_887 f1h_443 f1w_263 3.52 -3.52 191.6 0 0 0 8223 8223
f2_888 f1h_16 f1h_358 3.94 -3.94 189.8 0 0 0 8223 8223
f2_889 f1h_33 f1w_174 10.18 -10.18 186.24 0 0 0 8223 8223
f2_890 f1w_153 f1w_187 0.27 -0.27 188.9 0 0 0 8223 8223
f2_891 f1h_228 f1w_22 -3.6 3.6 193.67 0 0 0 8223 8223
f2_892 f1h_105 f1h_211 -10.12 10.12 189.25 0 0 0 8223 8223
f2_893 f1h_264 f1w_322 11.93 -11.93 190.67 0 0 0 8223 8223
f2_895 f1w_81 f1w_376 -6.93 6.93 190.01 0 0 0 8223 8223
f2_898 f1h_216 f1w_333 -1.01 1.01 195.87 0 0 0 8223 8223
f2_902 f1h_74 f1h_223 10.95 -10.95 178.01 0 0 0 8223 8223
f2_905 f1h_204 f1w_192 2.43 -2.43 192.41 0 0 0 8223 8223
f2_906 f1w_124 f1w_249 10.42 -10.42 183.7 0 0 0 8223 8223
f2_909 f1h_173 f1w_21 -2.05 2.05 192.63 0 0 0 8223 8223
f2_913 f1h_103 f1w_331 4.14 -4.14 188.46 0 0 0 8223 8223
f2_914 f1h_440 f1w_242 -6.85 6.85 186.77 0 0 0 8223 8223
f2_916 f1h_197 f1w_15 3.17 -3.17 185.73 0 0 0 8223 8223
f2_918 f1w_92 f1w_232 4.14 -4.14 179.83 0 0 0 8223 8223
f2_919 f1w_4 f1w_427 5.94 -5.94 193.13 0 0 0 8223 8223
f2_921 f1h_255 f1h_427 1.21 -1.21 188.72 0 0 0 8223 8223
f2_922 f1h_251 f1w_146 -0.75 0.75 197.98 0 0 0 8223 8223
f2_923 f1w_107 f1w_447 -1.04 1.04 189.95 0 0 0 8223 8223
f2_924 f1w_168 f1w_469 8.19 -8.19 193.09 0 0 0 8223 8223
f2_927 f1h_169 f1w_110 0.31 -0.31 196.92 0 0 0 8223 8223
f2_928 f1h_363 f1w_198 4.91 -4.91 190.16 0 0 0 8223 8223
f2_929 f1h_49 f1w_487 -0.16 0.16 197.04 0 0 0 8223 8223
f2_933 f1h_86 f1w_211 6.12 -6.12 188.95 0 0 0 8223 8223
f2_935 f1h_445 f1w_478 -11.84 11.84 186.3 0 0 0 8223 8223
f2_939 f1h_459 f1w_93 -0.08 0.08 192.62 0 0 0 8223 8223
f2_941 f1w_243 f1w_262 -9.34 9.34 185.16 0 0 0 8223 8223
f2_943 f1h_232 f1w_188 5.67 -5.67 192.88 0 0 0 8223 8223
f2_944 f1h_155 f1w_459 -6.58 6.58 191.71 0 0 0 8223 8223
f2_945 f1h_158 f1h_324 -2.64 2.64 195.71 0 0 0 8223 8223
f2_946 f1h_371 f1w_193 0.62 -0.62 187.84 0 0 0 8223 8223
f2_951 f1h_487 f1w_375 7.25 -7.25 193.47 0 0 0 8223 8223
f2_952 f1h_268 f1h_276 -8.74 8.74 183.99 0 0 0 8223 8223
f2_954 f1h_1 f1w_133 -9.13 9.13 193.35 0 0 0 8223 8223
f2_955 f1w_409 f1w_425 -5.68 5.68 190.94 0 0 0 8223 8223
f2_957 f1h_86 f1w_13 8.68 -8.68 188.25 0 0 0 8223 8223
f2_960 f1h_122 f1h_197 -0.81 0.81 195.4 0 0 0 8223 8223
f2_962 f1w_380 f1w_494 -1.39 1.39 195.04 0 0 0 8223 8223
f2_963 f1w_220 f1w_487 -0.1 0.1 197.04 0 0 0 8223 8223
f2_969 f1w_60 f1w_361 -10.06 10.06 193.42 0 0 0 8223 8223
f2_972 f1w_334 f1w_386 -1.02 1.02 199.33 0 0 0 8223 8223
f2_973 f1w_31 f1w_468 13.63 -13.63 188.38 0 0 0 8223 8223
f2_974 f1w_319 f1w_421 -0.66 0.66 192.41 0 0 0 8223 8223
f2_976 f1w_229 f1w_279 -6.07 6.07 187.64 0 0 0 8223 8223
f2_981 f1h_221 f1w_340 -11.81 11.81 184.76 0 0 0 8223 8223
f2_984 f1h_318 f1w_463 -2.52 2.52 196.63 0 0 0 8223 8223
f2_985 f1h_333 f1w_463 -8.9 8.9 195.64 0 0 0 8223 8223
f2_986 f1h_54 f1w_31 4.75 -4.75 188.21 0 0 0 8223 8223
f2_987 f1h_332 f1w_148 -4.58 4.58 193.52 0 0 0 8223 8223
f2_988 f1h_372 f1h_495 0.74 -0.74 191.49 0 0 0 8223 8223
f2_990 f1h_284 f1h_462 -3.9 3.9 184.02 0 0 0 8223 8223
f2_992 f1h_126 f1h_195 -9.7 9.7 184.14 0 0 0 8223 8223
f2_994 f1h_252 f1h_382 -12.99 12.99 187.19 0 0 0 8223 8223
f2_997 f1h_33 f1w_48 1.36 -1.36 201.71 0 0 0 8223 8223
