id parent1 parent2 LLRparent1 LLRparent2 LLRpair OHparent1 OHparent2 MEpair SNPd.id.parent1 SNPd.id.parent2
f0_4 f0_213 f0_715 -0.45 0.45 0.68 0 0 0 76 76
f0_4 f0_213 f1h_369 -0.14 0.14 0.4 0 0 0 76 76
f0_4 f0_213 f1w_493 -0.43 0.43 0.56 0 0 0 76 76
f0_4 f0_213 f2_326 -0.04 0.04 0.83 0 0 0 76 76
f0_4 f1h_137 f1h_161 -0.03 0.03 0.66 0 0 0 76 76
f0_4 f1h_161 f2_685 -0.38 0.38 -0.31 0 0 0 76 76
f0_4 f1h_387 f1w_184 -0.01 0.01 1.27 0 0 0 76 76
f0_4 f1h_387 f2_685 0.1 -0.1 0.86 0 0 0 76 76
f0_4 f2_685 f2_873 -0.11 0.11 1.05 0 0 0 76 76
f0_5 f0_989 f1h_69 1.41 -1.41 0.77 0 0 0 76 76
f0_5 f1h_69 f1h_216 -0.18 0.18 0.5 0 0 0 76 76
f0_6 f0_84 f1h_361 0.02 -0.02 0.73 0 0 0 76 76
f0_6 f0_147 f2_839 0.02 -0.02 0.96 0 0 0 76 76
f0_6 f0_829 f2_25 0.33 -0.33 1.05 0 0 0 76 76
f0_6 f0_829 f2_839 0.2 -0.2 0.74 0 0 0 76 76
f0_6 f1h_258 f2_839 -0.28 0.28 1.07 0 0 0 76 76
f0_6 f1h_361 f1h_459 0.76 -0.76 0.47 0 0 0 76 76
f0_6 f1h_361 f2_25 0.32 -0.32 0.8 0 0 0 76 76
f0_6 f1h_361 f2_493 0.18 -0.18 0.79 0 0 0 76 76
f0_6 f1h_361 f2_744 -0.01 0.01 0.49 0 0 0 76 76
f0_6 f1h_361 f2_839 0.13 -0.13 0.57 0 0 0 76 76
f0_6 f1h_361 f2_980 -0.08 0.08 0.66 0 0 0 76 76
f0_6 f2_744 f2_839 0.16 -0.16 0.51 0 0 0 76 76
f0_6 f2_839 f2_980 -0.14 0.14 0.48 0 0 0 76 76
f0_10 f0_503 f1h_361 -0.03 0.03 0.79 0 0 0 76 76
f0_10 f1h_43 f1h_205 0 0 1 0 0 0 76 76
f0_11 f1h_120 f1h_264 0.44 -0.44 1.08 0 0 0 76 76
f0_13 f2_14 f2_356 0.3 -0.3 1.08 0 0 0 76 76
f0_15 f0_13 f1h_196 0.19 -0.19 1.07 0 0 0 76 76
f0_15 f1h_62 f2_734 0.6 -0.6 0.59 0 0 0 76 76
f0_21 f0_68 f2_415 -0.38 0.38 1.17 0 0 0 76 76
f0_23 f0_56 f0_859 0.05 -0.05 1.18 0 0 0 76 76
f0_23 f0_56 f2_873 -0.23 0.23 0.87 0 0 0 76 76
f0_23 f0_188 f0_930 0.35 -0.35 0.45 0 0 0 76 76
f0_23 f0_319 f1w_449 0.45 -0.45 0.71 0 0 0 76 76
f0_23 f0_630 f0_930 0.14 -0.14 0.56 0 0 0 76 76
f0_23 f0_645 f0_930 0.36 -0.36 0.59 0 0 0 76 76
f0_23 f0_930 f1h_280 -0.38 0.38 0.32 0 0 0 76 76
f0_23 f0_930 f1w_449 0.06 -0.06 0.66 0 0 0 76 76
f0_23 f0_930 f2_700 0.24 -0.24 0.71 0 0 0 76 76
f0_23 f0_930 f2_873 0.07 -0.07 0.55 0 0 0 76 76
f0_25 f1h_163 f2_21 -0.28 0.28 0.93 0 0 0 76 76
f0_25 f1h_163 f2_941 -0.08 0.08 1.18 0 0 0 76 76
f0_25 f1h_494 f2_21 0.17 -0.17 1.2 0 0 0 76 76
f0_26 f0_74 f1w_222 0.19 -0.19 0.57 0 0 0 76 76
f0_26 f1h_127 f1w_30 -0.32 0.32 1.05 0 0 0 76 76
f0_27 f0_8 f1w_100 -0.27 0.27 1.22 0 0 0 76 76
f0_27 f0_614 f2_574 -0.05 0.05 1.12 0 0 0 76 76
f0_27 f0_614 f2_945 0.31 -0.31 0.84 0 0 0 76 76
f0_27 f0_876 f2_945 0.12 -0.12 0.89 0 0 0 76 76
f0_29 f0_740 f0_960 0.01 -0.01 1.1 0 0 0 76 76
f0_29 f0_960 f1h_404 0.19 -0.19 1.34 0 0 0 76 76
f0_31 f1h_205 f2_73 -1.43 1.43 -0.24 0 0 1 76 76
f0_37 f0_126 f1h_12 0.54 -0.54 1.03 0 0 0 76 76
f0_38 f0_50 f0_960 0.24 -0.24 1.2 0 0 0 76 76
f0_38 f0_930 f1h_161 0.46 -0.46 0.14 0 0 0 76 76
f0_38 f0_930 f2_787 0.25 -0.25 0.3 0 0 0 76 76
f0_38 f0_960 f1h_442 -0.38 0.38 0.54 0 0 0 76 76
f0_38 f0_960 f2_554 -0.39 0.39 0.83 0 0 0 76 76
f0_38 f1h_161 f1h_442 -0.19 0.19 0.66 0 0 0 76 76
f0_41 f0_120 f0_955 -0.34 0.34 1.22 0 0 0 76 76
f0_43 f0_230 f1h_405 -0.51 0.51 0.94 0 0 0 76 76
f0_44 f0_768 f1h_438 0.58 -0.58 1.38 0 0 0 76 76
f0_44 f1h_14 f1h_438 0.7 -0.7 0.66 0 0 0 76 76
f0_44 f1h_173 f1h_438 0.86 -0.86 0.85 0 0 0 76 76
f0_44 f1h_438 f1w_102 -0.95 0.95 0.84 0 0 0 76 76
f0_44 f1h_438 f2_226 -0.64 0.64 1.11 0 0 0 76 76
f0_44 f1h_438 f2_547 -0.14 0.14 0.84 0 0 0 76 76
f0_45 f0_68 f2_558 0.17 -0.17 0.71 0 0 0 76 76
f0_45 f0_76 f0_470 0.08 -0.08 0.4 0 0 0 76 76
f0_45 f0_76 f2_242 0.36 -0.36 0.85 0 0 0 76 76
f0_45 f0_94 f2_728 0.33 -0.33 0.73 0 0 0 76 76
f0_45 f0_104 f0_987 -0.82 0.82 0.75 0 0 0 76 76
f0_45 f0_104 f1h_108 -0.45 0.45 0.81 0 0 0 76 76
f0_45 f0_104 f2_14 -0.08 0.08 0.58 0 0 0 76 76
f0_45 f0_172 f1h_108 0.18 -0.18 0.78 0 0 0 76 76
f0_45 f0_172 f2_14 0.28 -0.28 0.66 0 0 0 76 76
f0_45 f0_197 f2_242 0.41 -0.41 0.84 0 0 0 76 76
f0_45 f0_470 f1h_108 -0.13 0.13 0.65 0 0 0 76 76
f0_45 f0_470 f2_14 0.13 -0.13 0.93 0 0 0 76 76
f0_45 f0_614 f1h_193 0.27 -0.27 0.67 0 0 0 76 76
f0_45 f0_769 f1h_407 0.44 -0.44 0.9 0 0 0 76 76
f0_45 f0_987 f2_678 0.14 -0.14 0.47 0 0 0 76 76
f0_45 f0_988 f2_242 0.21 -0.21 1.04 0 0 0 76 76
f0_45 f0_988 f2_558 -0.07 0.07 0.86 0 0 0 76 76
f0_45 f1h_16 f1h_108 0.38 -0.38 0.42 0 0 0 76 76
f0_45 f1h_108 f1h_128 0.26 -0.26 0.82 0 0 0 76 76
f0_45 f1h_108 f1w_159 -0.14 0.14 0.73 0 0 0 76 76
f0_45 f1h_108 f2_242 0.25 -0.25 0.88 0 0 0 76 76
f0_45 f1h_108 f2_558 0.17 -0.17 0.31 0 0 0 76 76
f0_45 f1h_193 f1h_339 -0.01 0.01 0.7 0 0 0 76 76
f0_45 f1h_193 f2_242 0.12 -0.12 0.99 0 0 0 76 76
f0_45 f1h_335 f1h_404 -0.16 0.16 0.98 0 0 0 76 76
f0_45 f1h_367 f1h_407 0.62 -0.62 0.58 0 0 0 76 76
f0_45 f1h_404 f2_14 0.22 -0.22 0.87 0 0 0 76 76
f0_45 f1h_407 f2_242 -0.21 0.21 0.93 0 0 0 76 76
f0_45 f1h_407 f2_256 -1.27 1.27 0.6 0 0 0 76 76
f0_45 f1w_159 f2_14 0.18 -0.18 0.76 0 0 0 76 76
f0_45 f2_14 f2_242 0.17 -0.17 0.73 0 0 0 76 76
f0_45 f2_14 f2_558 0.09 -0.09 0.53 0 0 0 76 76
f0_45 f2_14 f2_728 0.17 -0.17 0.49 0 0 0 76 76
f0_45 f2_242 f2_791 -0.3 0.3 0.74 0 0 0 76 76
f0_45 f2_242 f2_817 -0.58 0.58 0.88 0 0 0 76 76
f0_45 f2_558 f2_791 -0.12 0.12 0.94 0 0 0 76 76
f0_46 f0_930 f2_491 0.34 -0.34 1.19 0 0 0 76 76
f0_49 f1h_198 f1w_255 -0.11 0.11 1.19 0 0 0 76 76
f0_50 f0_10 f1h_173 0.33 -0.33 0.71 0 0 0 76 76
f0_50 f0_10 f1h_289 0.59 -0.59 0.47 0 0 0 76 76
f0_50 f0_22 f1h_184 -0.03 0.03 0.37 0 0 0 76 76
f0_50 f0_119 f1h_289 -0.08 0.08 1.06 0 0 0 76 76
f0_50 f0_230 f1h_173 0.66 -0.66 0.5 0 0 0 76 76
f0_50 f0_230 f1h_184 -0.38 0.38 -0.18 0 0 0 76 76
f0_50 f0_246 f1h_184 -0.4 0.4 0.5 0 0 0 76 76
f0_50 f0_246 f1h_289 0.43 -0.43 0.5 0 0 0 76 76
f0_50 f0_687 f1h_289 0.34 -0.34 0.52 0 0 0 76 76
f0_50 f0_829 f1h_173 0.43 -0.43 0.8 0 0 0 76 76
f0_50 f0_829 f1h_459 0.24 -0.24 1.2 0 0 0 76 76
f0_50 f0_953 f1h_289 -0.31 0.31 0.75 0 0 0 76 76
f0_50 f0_955 f1h_173 0.59 -0.59 0.54 0 0 0 76 76
f0_50 f0_955 f1h_184 -0.23 0.23 0.22 0 0 0 76 76
f0_50 f0_955 f2_554 -0.17 0.17 0.93 0 0 0 76 76
f0_50 f1h_104 f1h_289 0.36 -0.36 0.81 0 0 0 76 76
f0_50 f1h_184 f1h_459 0.81 -0.81 0.36 0 0 0 76 76
f0_50 f1h_184 f2_399 0.21 -0.21 0.45 0 0 0 76 76
f0_50 f1h_289 f1h_459 0.05 -0.05 1.13 0 0 0 76 76
f0_50 f1h_289 f2_114 -0.48 0.48 0.6 0 0 0 76 76
f0_50 f1h_289 f2_547 -0.17 0.17 0.6 0 0 0 76 76
f0_50 f1h_289 f2_554 -0.05 0.05 0.64 0 0 0 76 76
f0_50 f1h_369 f1h_459 0.45 -0.45 0.79 0 0 0 76 76
f0_50 f2_547 f2_744 -0.32 0.32 0.5 0 0 0 76 76
f0_54 f0_587 f0_966 0.72 -0.72 0.62 0 0 0 76 76
f0_54 f0_966 f2_138 -0.57 0.57 0.88 0 0 0 76 76
f0_56 f0_23 f1h_305 -0.07 0.07 0.96 0 0 0 76 76
f0_56 f0_23 f1w_62 -0.12 0.12 0.5 0 0 0 76 76
f0_56 f0_102 f1h_305 -0.1 0.1 0.69 0 0 0 76 76
f0_56 f0_493 f1h_305 0.32 -0.32 0.38 0 0 0 76 76
f0_56 f0_493 f1w_62 0.35 -0.35 0.39 0 0 0 76 76
f0_56 f0_493 f2_14 0.97 -0.97 0.27 0 0 0 76 76
f0_56 f0_493 f2_869 0.02 -0.02 0.8 0 0 0 76 76
f0_56 f0_841 f0_930 -0.33 0.33 0.33 0 0 0 76 76
f0_56 f0_841 f1h_123 -0.18 0.18 0.96 0 0 0 76 76
f0_56 f0_841 f1h_305 0.69 -0.69 0.66 0 0 0 76 76
f0_56 f0_930 f1w_62 0.28 -0.28 0.49 0 0 0 76 76
f0_56 f0_930 f2_14 0.59 -0.71 0.64 0 0 0 76 76
f0_56 f1h_305 f1h_425 -0.73 0.73 0.44 0 0 0 76 76
f0_56 f1h_305 f1w_35 -0.65 0.65 0.94 0 0 0 76 76
f0_56 f1h_305 f1w_425 -0.62 0.62 0.75 0 0 0 76 76
f0_56 f1h_425 f1w_201 0.32 -0.32 0.34 0 0 0 76 76
f0_56 f1h_425 f2_14 0.81 -0.81 0.34 0 0 0 76 76
f0_56 f1h_481 f1w_62 -0.3 0.3 0.97 0 0 0 76 76
f0_56 f1h_481 f2_14 0.19 -0.19 1.19 0 0 0 76 76
f0_56 f1w_62 f1w_67 0.38 -0.38 0.79 0 0 0 76 76
f0_56 f1w_62 f1w_201 -0.18 0.18 0.16 0 0 0 76 76
f0_56 f1w_67 f2_14 0.13 -0.13 1.11 0 0 0 76 76
f0_56 f1w_201 f2_14 0.54 -0.54 0.47 0 0 0 76 76
f0_56 f1w_238 f2_14 0.16 -0.16 0.24 0 0 0 76 76
f0_56 f2_14 f2_52 -0.87 0.87 0.1 0 0 0 76 76
f0_56 f2_14 f2_61 -0.3 0.3 0.96 0 0 0 76 76
f0_60 f1h_3 f1h_393 1.29 -1.29 0.77 0 0 0 76 76
f0_60 f1h_21 f1h_393 0.46 -0.46 1.38 0 0 0 76 76
f0_61 f0_213 f0_748 0.54 -0.54 0.6 0 0 0 76 76
f0_61 f0_748 f1h_272 0.64 -0.64 0.48 0 0 0 76 76
f0_61 f0_748 f1w_433 0.11 -0.11 1.03 0 0 0 76 76
f0_61 f0_748 f2_20 -0.09 0.09 0.79 0 0 0 76 76
f0_61 f1h_82 f1h_108 -0.43 0.43 1.18 0 0 0 76 76
f0_61 f1h_108 f1h_345 0.35 -0.35 0.7 0 0 0 76 76
f0_61 f1h_108 f2_986 0.51 -0.51 0.52 0 0 0 76 76
f0_61 f1h_184 f2_55 -0.42 0.42 0.8 0 0 0 76 76
f0_61 f1h_184 f2_259 0.2 -0.2 0.74 0 0 0 76 76
f0_61 f1h_184 f2_267 -0.12 0.12 0.81 0 0 0 76 76
f0_61 f1h_184 f2_340 -0.68 0.68 0.21 0 0 0 76 76
f0_61 f1h_243 f2_267 -0.22 0.22 1.14 0 0 0 76 76
f0_61 f1h_243 f2_340 -0.86 0.86 0.43 0 0 0 76 76
f0_61 f1h_272 f1h_345 -0.07 0.07 0.98 0 0 0 76 76
f0_61 f1h_289 f1h_345 0.15 -0.15 0.61 0 0 0 76 76
f0_61 f1h_289 f1w_310 -0.56 0.56 0.57 0 0 0 76 76
f0_61 f1h_289 f2_986 0.33 -0.33 0.6 0 0 0 76 76
f0_61 f1h_345 f2_267 0 0 1.13 0 0 0 76 76
f0_61 f1h_345 f2_642 0.06 -0.06 0.84 0 0 0 76 76
f0_61 f1w_86 f1w_310 0.07 -0.07 0.61 0 0 0 76 76
f0_61 f1w_86 f2_986 0.83 -0.83 0.56 0 0 0 76 76
f0_61 f1w_310 f2_269 -0.05 0.05 1 0 0 0 76 76
f0_61 f2_20 f2_986 0.6 -0.6 0.77 0 0 0 76 76
f0_62 f0_583 f1h_138 0.97 -0.97 0.01 0 0 1 76 76
f0_62 f0_583 f1h_491 0.7 -0.7 -0.03 0 0 1 76 76
f0_62 f1h_120 f1w_276 -0.11 0.11 -0.11 0 0 1 76 76
f0_62 f1h_491 f1w_276 -0.43 0.43 -0.25 0 0 1 76 76
f0_67 f1h_9 f1w_23 -1.09 1.09 0.9 0 0 0 76 76
f0_68 f0_21 f1w_478 -0.19 0.19 0.77 0 0 0 76 76
f0_68 f0_206 f2_404 0.14 -0.14 1.06 0 0 0 76 76
f0_68 f0_614 f1w_287 -0.06 0.06 0.94 0 0 0 76 76
f0_68 f0_614 f2_789 0.05 -0.05 1.13 0 0 0 76 76
f0_68 f1h_147 f1h_164 0.23 -0.23 1.01 0 0 0 76 76
f0_68 f1h_164 f2_299 0 0 0.97 0 0 0 76 76
f0_68 f1h_164 f2_903 -0.16 0.16 1.14 0 0 0 76 76
f0_68 f1h_336 f1w_478 0.12 -0.12 0.56 0 0 0 76 76
f0_68 f1h_445 f1w_478 -0.04 0.04 0.67 0 0 0 76 76
f0_68 f1w_478 f2_242 -0.13 0.13 0.94 0 0 0 76 76
f0_68 f2_299 f2_639 -0.39 0.39 0.97 0 0 0 76 76
f0_69 f1h_357 f2_133 -0.87 0.87 1.19 0 0 0 76 76
f0_76 f0_781 f1h_193 0.82 -0.82 1.08 0 0 0 76 76
f0_77 f2_136 f2_949 0.23 -0.23 1.16 0 0 0 76 76
f0_78 f0_34 f0_173 0.03 -0.03 0.68 0 0 0 76 76
f0_78 f0_34 f1h_361 0.48 -0.48 0.53 0 0 0 76 76
f0_78 f0_173 f1h_223 -0.11 0.11 1.01 0 0 0 76 76
f0_78 f1h_361 f1w_39 0 0 0.95 0 0 0 76 76
f0_79 f1h_128 f1h_360 -0.63 0.63 0.99 0 0 0 76 76
f0_79 f1h_360 f1h_391 0.43 -0.43 1.02 0 0 0 76 76
f0_82 f0_228 f1h_383 0.22 -0.22 1.28 0 0 0 76 76
f0_82 f1h_13 f2_465 -0.13 0.13 1.04 0 0 0 76 76
f0_85 f0_781 f2_919 0.12 -0.12 1 0 0 0 76 76
f0_85 f1h_43 f2_242 -0.62 0.62 1.02 0 0 0 76 76
f0_85 f1h_43 f2_919 -1.11 1.11 0.38 0 0 0 76 76
f0_85 f1h_289 f1h_439 -0.11 0.11 1.31 0 0 0 76 76
f0_85 f1h_439 f2_1 0.22 -0.22 1.56 0 0 0 76 76
f0_85 f1h_439 f2_986 -0.08 0.08 1.11 0 0 0 76 76
f0_90 f0_831 f1h_14 0.83 -0.83 0.92 0 0 0 76 76
f0_90 f0_831 f2_925 0.36 -0.36 -0.29 0 0 1 76 76
f0_90 f1h_9 f1h_14 0.77 -0.77 0.99 0 0 0 76 76
f0_90 f1h_9 f1h_279 0.39 -0.39 1.27 0 0 0 76 76
f0_90 f1h_14 f1h_279 -0.32 0.32 1.19 0 0 0 76 76
f0_90 f1h_14 f1h_310 -0.73 0.73 1.35 0 0 0 76 76
f0_90 f1h_14 f2_256 -0.6 0.6 1.17 0 0 0 76 76
f0_90 f1h_14 f2_485 -1.4 1.4 1 0 0 0 76 76
f0_90 f1h_14 f2_643 -0.62 -0.19 2 0 0 0 76 76
f0_90 f1h_14 f2_910 -1.61 1.55 0.59 0 0 0 76 76
f0_90 f1h_48 f1h_212 0.22 -0.22 -0.06 0 0 1 76 76
f0_90 f1h_212 f2_256 -0.19 0.19 -0.32 0 0 1 76 76
f0_90 f1h_212 f2_643 -0.02 -0.46 -0.05 0 0 1 76 76
f0_90 f1h_212 f2_925 0.18 -0.18 0.05 0 0 1 76 76
f0_90 f1h_257 f2_256 -0.2 0.2 -0.45 0 0 1 76 76
f0_90 f1h_257 f2_485 -0.32 0.32 -0.07 0 0 1 76 76
f0_90 f1h_257 f2_643 0.13 -0.13 -0.21 0 0 1 76 76
f0_90 f1h_264 f2_925 0.43 -0.43 0.37 0 0 1 76 76
f0_90 f1h_279 f2_643 -0.27 0.27 1.29 0 0 0 76 76
f0_90 f1h_279 f2_925 -0.16 0.16 1.48 0 0 0 76 76
f0_90 f1h_310 f2_925 -0.08 0.08 1.67 0 0 0 76 76
f0_90 f2_485 f2_831 0.95 -0.95 1.41 0 0 0 76 76
f0_90 f2_643 f2_831 0.51 -0.51 1.25 0 0 0 76 76
f0_91 f0_258 f2_381 0.23 -0.23 0.7 0 0 0 76 76
f0_91 f1w_76 f2_381 -0.47 0.47 0.81 0 0 0 76 76
f0_91 f1w_76 f2_941 0.12 -0.12 -0.43 0 0 1 76 76
f0_91 f1w_353 f2_381 -0.47 0.47 0.86 0 0 0 76 76
f0_91 f2_381 f2_980 -0.32 0.32 0.51 0 0 0 76 76
f0_96 f0_10 f0_645 0.2 -0.2 0.65 0 0 0 76 76
f0_96 f0_10 f0_808 0.17 -0.17 0.82 0 0 0 76 76
f0_96 f0_10 f1h_412 -0.15 0.15 0.39 0 0 0 76 76
f0_96 f0_10 f1h_428 -0.19 0.19 0.49 0 0 0 76 76
f0_96 f0_10 f2_127 0.01 -0.01 0.45 0 0 0 76 76
f0_96 f0_10 f2_200 -0.16 0.16 0.2 0 0 0 76 76
f0_96 f0_10 f2_700 0.24 -0.24 0.53 0 0 0 76 76
f0_96 f0_50 f0_213 -0.34 0.34 0.39 0 0 0 76 76
f0_96 f0_90 f0_808 0.03 -0.03 0.94 0 0 0 76 76
f0_96 f0_90 f1h_412 0.11 -0.11 0.71 0 0 0 76 76
f0_96 f0_90 f2_200 -0.25 0.25 0.21 0 0 0 76 76
f0_96 f0_213 f0_247 -0.31 0.31 0.31 0 0 0 76 76
f0_96 f0_213 f0_645 0.01 -0.01 0.39 0 0 0 76 76
f0_96 f0_213 f0_798 -0.35 0.35 0.6 0 0 0 76 76
f0_96 f0_213 f0_879 -0.05 0.05 0.54 0 0 0 76 76
f0_96 f0_213 f1h_359 0.11 -0.11 0.62 0 0 0 76 76
f0_96 f0_213 f1h_394 -0.06 0.06 0.41 0 0 0 76 76
f0_96 f0_213 f1h_412 0.03 -0.03 0.35 0 0 0 76 76
f0_96 f0_213 f1w_84 0.15 -0.15 0.41 0 0 0 76 76
f0_96 f0_213 f2_127 0.2 -0.2 0.23 0 0 0 76 76
f0_96 f0_213 f2_200 -0.33 0.32 0.02 0 0 0 76 76
f0_96 f0_213 f2_317 0.15 -0.15 0.72 0 0 0 76 76
f0_96 f0_213 f2_384 -0.21 0.21 0.57 0 0 0 76 76
f0_96 f0_213 f2_427 -0.18 0.18 0.62 0 0 0 76 76
f0_96 f0_213 f2_444 -0.19 0.19 0.04 0 0 0 76 76
f0_96 f0_213 f2_643 -0.23 0.23 0.25 0 0 0 76 76
f0_96 f0_213 f2_700 0.03 -0.03 0.42 0 0 0 76 76
f0_96 f0_213 f2_820 -0.02 0.02 0.52 0 0 0 76 76
f0_96 f0_213 f2_925 -0.17 0.17 0.34 0 0 0 76 76
f0_96 f0_247 f1w_30 0.41 -0.41 0.3 0 0 0 76 76
f0_96 f0_247 f2_444 0.17 -0.17 0.45 0 0 0 76 76
f0_96 f0_319 f0_645 0.39 -0.39 0.63 0 0 0 76 76
f0_96 f0_319 f1h_428 0.01 -0.01 0.39 0 0 0 76 76
f0_96 f0_319 f2_127 0.58 -0.58 0.2 0 0 0 76 76
f0_96 f0_319 f2_444 0.18 -0.18 0.46 0 0 0 76 76
f0_96 f0_350 f0_955 -0.13 0.13 0.71 0 0 0 76 76
f0_96 f0_350 f1h_137 0.11 -0.11 0.39 0 0 0 76 76
f0_96 f0_350 f1h_272 0.89 -0.89 0.56 0 0 0 76 76
f0_96 f0_350 f2_127 0.34 -0.34 0.41 0 0 0 76 76
f0_96 f0_350 f2_439 0.19 -0.19 0.72 0 0 0 76 76
f0_96 f0_594 f0_955 -0.18 0.18 0.34 0 0 0 76 76
f0_96 f0_594 f1h_272 0.84 -0.84 0.5 0 0 0 76 76
f0_96 f0_594 f2_127 0.4 -0.4 0.47 0 0 0 76 76
f0_96 f0_594 f2_439 0.12 -0.12 0.78 0 0 0 76 76
f0_96 f0_594 f2_444 -0.04 0.04 0.47 0 0 0 76 76
f0_96 f0_645 f0_831 0.1 -0.1 0.04 0 0 0 76 76
f0_96 f0_645 f0_879 -0.01 0.01 0.63 0 0 0 76 76
f0_96 f0_645 f0_955 -0.35 0.35 0.36 0 0 0 76 76
f0_96 f0_645 f1h_137 0.04 -0.04 0.75 0 0 0 76 76
f0_96 f0_645 f1h_412 0.06 -0.06 0.53 0 0 0 76 76
f0_96 f0_645 f1w_30 0.27 -0.27 1.02 0 0 0 76 76
f0_96 f0_645 f2_40 -0.35 0.35 0.64 0 0 0 76 76
f0_96 f0_645 f2_200 -0.3 0.3 0.1 0 0 0 76 76
f0_96 f0_645 f2_317 0.05 -0.05 0.72 0 0 0 76 76
f0_96 f0_645 f2_643 -0.21 0.21 0.33 0 0 0 76 76
f0_96 f0_645 f2_820 0.03 -0.03 0.71 0 0 0 76 76
f0_96 f0_645 f2_925 -0.12 0.12 0.68 0 0 0 76 76
f0_96 f0_798 f0_831 -0.03 0.03 0.9 0 0 0 76 76
f0_96 f0_798 f1h_137 0.24 -0.24 0.86 0 0 0 76 76
f0_96 f0_798 f1w_30 0.69 -0.69 0.47 0 0 0 76 76
f0_96 f0_808 f0_955 -0.33 0.33 0.52 0 0 0 76 76
f0_96 f0_808 f1h_264 0.05 -0.05 0.97 0 0 0 76 76
f0_96 f0_808 f1h_272 0.77 -0.77 0.82 0 0 0 76 76
f0_96 f0_808 f1w_30 0.63 -0.63 0.6 0 0 0 76 76
f0_96 f0_831 f0_879 0.19 -0.19 0.67 0 0 0 76 76
f0_96 f0_831 f1h_412 0.31 -0.31 0.29 0 0 0 76 76
f0_96 f0_831 f2_127 0.39 -0.39 0.21 0 0 0 76 76
f0_96 f0_831 f2_200 -0.18 0.18 -0.1 0 0 0 76 76
f0_96 f0_831 f2_317 0.41 -0.41 0.71 0 0 0 76 76
f0_96 f0_831 f2_384 -0.04 0.04 0.62 0 0 0 76 76
f0_96 f0_831 f2_427 0.04 -0.04 0.77 0 0 0 76 76
f0_96 f0_831 f2_700 0.05 -0.05 0.29 0 0 0 76 76
f0_96 f0_879 f2_200 -0.42 0.42 0.16 0 0 0 76 76
f0_96 f0_955 f1h_412 -0.14 0.14 0 0 0 0 76 76
f0_96 f0_955 f1h_428 -0.04 0.04 0.22 0 0 0 76 76
f0_96 f0_955 f2_127 0.53 -0.53 0.07 0 0 0 76 76
f0_96 f0_955 f2_200 0.02 -0.02 0.06 0 0 0 76 76
f0_96 f0_955 f2_317 0.45 -0.45 0.49 0 0 0 76 76
f0_96 f0_955 f2_643 -0.23 0.23 0.04 0 0 0 76 76
f0_96 f1h_137 f1h_394 -0.15 0.15 0.81 0 0 0 76 76
f0_96 f1h_137 f1h_428 -0.38 0.38 0.22 0 0 0 76 76
f0_96 f1h_137 f2_127 0.15 -0.15 0.5 0 0 0 76 76
f0_96 f1h_137 f2_200 -0.51 0.51 -0.05 0 0 0 76 76
f0_96 f1h_137 f2_317 0.14 -0.14 0.65 0 0 0 76 76
f0_96 f1h_137 f2_384 -0.25 0.25 0.55 0 0 0 76 76
f0_96 f1h_137 f2_643 -0.28 0.28 0.23 0 0 0 76 76
f0_96 f1h_264 f1h_412 0.14 -0.14 0.69 0 0 0 76 76
f0_96 f1h_264 f2_200 -0.28 0.28 0.22 0 0 0 76 76
f0_96 f1h_272 f1h_412 -0.8 0.8 0.45 0 0 0 76 76
f0_96 f1h_272 f1h_444 -0.77 0.77 0.85 0 0 0 76 76
f0_96 f1h_272 f1w_84 -0.61 0.61 1.05 0 0 0 76 76
f0_96 f1h_272 f1w_115 -0.92 0.92 0.52 0 0 0 76 76
f0_96 f1h_272 f2_40 -1.02 1.02 0.46 0 0 0 76 76
f0_96 f1h_272 f2_217 -0.51 0.51 1.37 0 0 0 76 76
f0_96 f1h_272 f2_357 -0.73 0.73 0.54 0 0 0 76 76
f0_96 f1h_272 f2_436 -0.4 0.4 0.69 0 0 0 76 76
f0_96 f1h_272 f2_700 -0.53 0.53 0.55 0 0 0 76 76
f0_96 f1h_272 f2_820 -0.5 0.5 0.41 0 0 0 76 76
f0_96 f1h_394 f1w_30 0.84 -0.84 0.51 0 0 0 76 76
f0_96 f1h_394 f2_444 -0.03 0.03 0.81 0 0 0 76 76
f0_96 f1h_412 f1w_30 0.55 -0.55 0.43 0 0 0 76 76
f0_96 f1h_412 f2_217 -0.17 0.17 0.57 0 0 0 76 76
f0_96 f1h_412 f2_384 -0.19 0.19 0.46 0 0 0 76 76
f0_96 f1h_412 f2_436 0.03 -0.03 0.58 0 0 0 76 76
f0_96 f1h_412 f2_444 -0.13 0.13 0.49 0 0 0 76 76
f0_96 f1h_428 f2_200 -0.29 0.29 -0.14 0 0 0 76 76
f0_96 f1h_428 f2_643 0.16 -0.16 0.31 0 0 0 76 76
f0_96 f1h_428 f2_700 0.43 -0.43 0.23 0 0 0 76 76
f0_96 f1h_428 f2_925 0.24 -0.24 0.45 0 0 0 76 76
f0_96 f1h_444 f2_127 0.35 -0.35 0.73 0 0 0 76 76
f0_96 f1h_444 f2_200 -0.18 0.18 0.43 0 0 0 76 76
f0_96 f1w_30 f2_40 -0.43 0.43 0.48 0 0 0 76 76
f0_96 f1w_30 f2_127 -0.46 0.46 0.53 0 0 0 76 76
f0_96 f1w_30 f2_357 -0.05 0.05 0.34 0 0 0 76 76
f0_96 f1w_30 f2_384 -0.75 0.75 0.66 0 0 0 76 76
f0_96 f1w_30 f2_427 -0.76 0.76 0.57 0 0 0 76 76
f0_96 f1w_30 f2_643 -0.58 0.58 0.2 0 0 0 76 76
f0_96 f1w_30 f2_700 -0.24 0.24 0.67 0 0 0 76 76
f0_96 f1w_84 f2_127 0.19 -0.19 0.91 0 0 0 76 76
f0_96 f1w_84 f2_200 -0.34 0.34 0.45 0 0 0 76 76
f0_96 f1w_115 f2_127 0.46 -0.46 0.5 0 0 0 76 76
f0_96 f2_127 f2_200 -0.54 0.54 0.04 0 0 0 76 76
f0_96 f2_127 f2_217 -0.31 0.31 0.59 0 0 0 76 76
f0_96 f2_127 f2_436 -0.3 0.3 0.5 0 0 0 76 76
f0_96 f2_127 f2_643 -0.44 0.44 0.39 0 0 0 76 76
f0_96 f2_127 f2_700 -0.18 0.18 0.59 0 0 0 76 76
f0_96 f2_127 f2_925 -0.36 0.36 0.61 0 0 0 76 76
f0_96 f2_200 f2_217 0.19 -0.19 0.38 0 0 0 76 76
f0_96 f2_200 f2_357 0.73 -0.73 -0.15 0 0 0 76 76
f0_96 f2_200 f2_384 0.1 -0.1 0.36 0 0 0 76 76
f0_96 f2_200 f2_436 0.14 -0.14 0.44 0 0 0 76 76
f0_96 f2_200 f2_439 0.4 -0.4 -0.06 0 0 0 76 76
f0_96 f2_200 f2_444 0.11 -0.11 0.19 0 0 0 76 76
f0_96 f2_217 f2_700 0.22 -0.22 0.7 0 0 0 76 76
f0_96 f2_357 f2_444 -0.09 0.09 0.56 0 0 0 76 76
f0_96 f2_427 f2_444 0 0 0.65 0 0 0 76 76
f0_96 f2_439 f2_643 -0.27 0.27 0.52 0 0 0 76 76
f0_96 f2_439 f2_700 -0.1 0.1 0.47 0 0 0 76 76
f0_96 f2_439 f2_925 -0.18 0.18 0.75 0 0 0 76 76
f0_96 f2_444 f2_643 -0.01 0.01 0.42 0 0 0 76 76
f0_96 f2_444 f2_700 0.25 -0.25 0.48 0 0 0 76 76
f0_100 f1h_54 f1h_198 -0.84 0.84 1.09 0 0 0 76 76
f0_100 f1h_54 f1h_407 -0.84 0.06 2.51 0 0 0 76 76
f0_100 f1h_198 f1h_407 -0.35 0.09 0.44 0 0 1 76 76
f0_101 f1h_4 f1h_424 0.47 -0.47 0.45 0 0 0 76 76
f0_102 f2_176 f2_200 -0.18 0.18 1.11 0 0 0 76 76
f0_104 f0_45 f1h_86 -0.17 0.17 1.25 0 0 0 76 76
f0_104 f0_45 f1h_395 -0.49 0.49 0.98 0 0 0 76 76
f0_104 f0_68 f1h_86 0.47 -0.47 0.79 0 0 0 76 76
f0_104 f0_68 f1h_404 0.82 -0.82 0.81 0 0 0 76 76
f0_104 f0_175 f1h_16 0.59 -0.59 1.06 0 0 0 76 76
f0_104 f1h_86 f1w_437 -0.36 0.36 0.78 0 0 0 76 76
f0_104 f1h_269 f2_381 -0.22 0.22 0.21 0 0 0 76 76
f0_104 f1h_404 f2_678 -0.42 0.42 1.13 0 0 0 76 76
f0_104 f1w_475 f2_381 -0.44 0.44 0.3 0 0 0 76 76
f0_104 f2_127 f2_381 -0.36 0.36 0.37 0 0 0 76 76
f0_104 f2_381 f2_678 0.83 -0.83 -0.32 0 0 0 76 76
f0_104 f2_381 f2_950 0.26 -0.26 0.43 0 0 0 76 76
f0_114 f2_778 f2_919 0.17 -0.17 -0.41 0 0 1 76 76
f0_115 f1h_436 f2_424 -0.04 0.04 2.05 0 0 0 76 76
f0_115 f2_424 f2_721 -0.79 0.79 0.92 0 0 0 76 76
f0_116 f0_213 f1h_97 0.72 -0.72 0.82 0 0 0 76 76
f0_116 f1h_97 f1h_150 -0.23 0.23 1.12 0 0 0 76 76
f0_116 f1h_97 f1w_489 -0.76 0.76 0.78 0 0 0 76 76
f0_116 f1h_97 f2_761 -0.15 0.15 1.43 0 0 0 76 76
f0_117 f1h_188 f2_381 -0.68 0.68 1.29 0 0 0 76 76
f0_119 f0_50 f1h_123 -0.25 0.25 1.02 0 0 0 76 76
f0_119 f0_50 f1w_482 0.04 -0.04 -0.36 0 0 1 76 76
f0_119 f0_56 f0_637 0.15 -0.15 0.71 0 0 0 76 76
f0_119 f0_64 f1w_482 0.46 -0.46 0.89 0 0 0 76 76
f0_119 f0_575 f0_768 -0.12 0.12 0.94 0 0 0 76 76
f0_119 f0_575 f1h_123 -0.42 0.42 0.55 0 0 0 76 76
f0_119 f0_575 f1h_305 -0.88 0.88 0.2 0 0 0 76 76
f0_119 f0_575 f1w_482 0.26 -0.26 0.86 0 0 0 76 76
f0_119 f0_575 f2_937 -0.16 0.16 0.69 0 0 0 76 76
f0_119 f0_768 f2_246 -0.48 0.48 0.95 0 0 0 76 76
f0_119 f0_768 f2_461 -0.56 0.56 0.71 0 0 0 76 76
f0_119 f0_953 f1h_123 -0.23 0.23 0.61 0 0 0 76 76
f0_119 f1h_123 f1w_39 -0.37 0.37 0.53 0 0 0 76 76
f0_119 f1h_305 f1w_61 0.1 -0.1 0.71 0 0 0 76 76
f0_119 f2_143 f2_186 -0.17 0.17 1.23 0 0 0 76 76
f0_121 f1h_86 f1h_391 -0.02 0.02 -0.48 0 0 1 76 76
f0_123 f0_953 f0_964 -0.42 0.42 -0.44 0 0 1 76 76
f0_124 f1h_333 f2_889 -0.38 0.38 1.37 0 0 0 76 76
f0_125 f0_313 f0_355 -0.03 0.03 0.53 0 0 0 76 76
f0_125 f0_355 f1h_350 0.38 -0.38 1 0 0 0 76 76
f0_125 f0_355 f1h_489 0.59 -0.59 0.57 0 0 0 76 76
f0_125 f0_441 f1h_350 0.87 -0.87 0.42 0 0 0 76 76
f0_127 f0_61 f2_444 -0.29 0.29 1.04 0 0 0 76 76
f0_127 f1h_82 f2_444 -0.15 0.15 1.46 0 0 0 76 76
f0_127 f1h_289 f1h_356 0.12 -0.12 1.17 0 0 0 76 76
f0_127 f1h_289 f2_127 -0.17 0.17 1.17 0 0 0 76 76
f0_128 f0_120 f1h_257 -0.03 0.03 2.19 0 0 0 76 76
f0_131 f1h_26 f2_547 -0.22 0.22 1.23 0 0 0 76 76
f0_132 f0_192 f2_495 -0.02 0.02 -0.1 0 0 1 76 76
f0_132 f0_436 f2_495 0.14 -0.14 -0.37 0 0 1 76 76
f0_132 f1h_258 f2_495 0.04 -0.04 -0.3 0 0 1 76 76
f0_136 f1h_405 f2_305 -0.94 0.94 0.65 0 0 0 76 76
f0_136 f1h_405 f2_685 -0.28 0.28 1 0 0 0 76 76
f0_137 f0_604 f1h_118 -0.08 0.08 1.26 0 0 0 76 76
f0_138 f0_98 f0_988 -0.07 0.07 1.31 0 0 0 76 76
f0_138 f0_189 f1h_345 0.36 -0.36 0.61 0 0 0 76 76
f0_138 f0_628 f2_377 -0.27 0.27 1.02 0 0 0 76 76
f0_138 f1h_305 f1h_345 0.77 -0.77 0.61 0 0 0 76 76
f0_138 f1h_345 f1w_276 -0.6 0.6 0.52 0 0 0 76 76
f0_138 f1h_345 f2_377 0.28 -0.28 0.28 0 0 0 76 76
f0_141 f0_861 f1w_222 0.27 -0.27 0.82 0 0 0 76 76
f0_142 f0_272 f2_873 0.08 -0.08 1.19 0 0 0 76 76
f0_142 f1h_69 f2_409 -1.08 1.08 0.85 0 0 0 76 76
f0_151 f1h_329 f1h_354 -0.08 0.08 0.42 0 0 1 76 76
f0_151 f1h_354 f1h_466 0.55 -0.55 -0.37 0 0 1 76 76
f0_152 f0_154 f0_312 0.61 -0.61 0.59 0 0 0 76 76
f0_152 f0_312 f1h_320 -0.27 0.27 0.5 0 0 0 76 76
f0_152 f0_312 f1h_356 -0.37 0.37 0.76 0 0 0 76 76
f0_152 f0_341 f2_2 -0.24 0.24 1.49 0 0 0 76 76
f0_152 f1h_356 f2_564 -0.68 0.68 0.84 0 0 0 76 76
f0_152 f2_359 f2_703 0.76 -0.76 0.63 0 0 0 76 76
f0_153 f1h_187 f1h_235 -0.27 0.27 2.23 0 0 0 76 76
f0_153 f1h_187 f2_734 0.06 -0.06 -0.47 0 0 1 76 76
f0_154 f0_966 f1w_455 -0.58 0.58 0.56 0 0 0 76 76
f0_157 f0_6 f1h_492 0.54 -0.54 1.29 0 0 0 76 76
f0_157 f0_200 f1h_492 0.24 -0.24 1.72 0 0 0 76 76
f0_158 f1h_493 f2_359 -0.33 0.33 1.08 0 0 0 76 76
f0_162 f0_369 f1h_161 0.99 -0.99 0.32 0 0 0 76 76
f0_162 f0_765 f1h_403 0.64 -0.64 0.71 0 0 0 76 76
f0_162 f1h_161 f2_24 -0.78 0.78 0.95 0 0 0 76 76
f0_162 f1h_161 f2_910 -0.81 0.81 0.7 0 0 0 76 76
f0_163 f1h_22 f1w_310 -0.38 0.38 0.97 0 0 0 76 76
f0_163 f1h_123 f1w_310 0.52 -0.52 0.63 0 0 0 76 76
f0_163 f1h_123 f2_986 1.49 -1.49 0.4 0 0 0 76 76
f0_163 f1h_269 f2_986 1.44 -1.44 0.34 0 0 0 76 76
f0_163 f2_112 f2_986 0.5 -0.5 0.97 0 0 0 76 76
f0_163 f2_127 f2_986 0.97 -0.97 0.74 0 0 0 76 76
f0_163 f2_461 f2_986 1.21 -1.21 0.56 0 0 0 76 76
f0_166 f0_704 f2_602 0.34 -0.34 1.06 0 0 0 76 76
f0_166 f1h_361 f2_602 0.18 -0.18 1.12 0 0 0 76 76
f0_166 f1h_403 f1h_493 -0.88 0.88 0.87 0 0 0 76 76
f0_166 f1h_403 f2_602 -0.59 0.59 0.86 0 0 0 76 76
f0_168 f0_37 f0_166 0.47 -0.47 0.54 0 0 0 76 76
f0_168 f0_166 f1h_142 1.16 -1.16 0.53 0 0 0 76 76
f0_168 f0_166 f1h_328 0.01 -0.01 1.22 0 0 0 76 76
f0_168 f0_166 f2_540 -0.55 0.55 0.81 0 0 0 76 76
f0_168 f0_166 f2_870 0.04 -0.04 0.81 0 0 0 76 76
f0_168 f0_748 f1h_142 0.77 -0.77 0.17 0 0 0 76 76
f0_168 f1h_25 f2_870 -0.23 0.23 1.04 0 0 0 76 76
f0_168 f1h_142 f1w_86 -0.75 0.75 0.67 0 0 0 76 76
f0_168 f1h_142 f2_870 -1.06 1.06 0.36 0 0 0 76 76
f0_168 f1w_86 f2_870 0.03 -0.03 1.12 0 0 0 76 76
f0_172 f0_131 f1h_489 0.49 -0.49 1.49 0 0 0 76 76
f0_172 f0_993 f1h_150 0.05 -0.05 0.6 0 0 0 76 76
f0_172 f0_993 f2_359 0.08 -0.08 0.42 0 0 0 76 76
f0_172 f1w_159 f2_359 -0.54 0.54 0.87 0 0 0 76 76
f0_175 f0_225 f1h_282 0.2 -0.2 1.45 0 0 0 76 76
f0_175 f0_225 f2_980 -0.17 0.17 1.03 0 0 0 76 76
f0_175 f0_608 f1h_282 0.54 -0.54 1.03 0 0 0 76 76
f0_182 f1h_395 f2_363 -0.19 0.19 -0.27 0 0 1 76 76
f0_183 f0_253 f2_937 -0.35 0.35 0.87 0 0 0 76 76
f0_183 f0_347 f0_938 0.1 -0.1 0.88 0 0 0 76 76
f0_183 f0_347 f1w_495 0.14 -0.14 0.52 0 0 0 76 76
f0_183 f0_347 f2_359 0.17 -0.17 0.56 0 0 0 76 76
f0_183 f0_936 f2_737 -0.02 0.02 1.24 0 0 0 76 76
f0_183 f1w_495 f2_737 -0.31 0.31 1.23 0 0 0 76 76
f0_183 f2_156 f2_415 0.52 -0.52 0.59 0 0 0 76 76
f0_187 f1h_123 f2_515 -0.99 0.99 1.2 0 0 0 76 76
f0_187 f1h_212 f1h_236 -0.01 0.01 1.37 0 0 0 76 76
f0_192 f0_41 f2_919 -0.02 0.02 0.58 0 0 0 76 76
f0_192 f0_68 f0_132 -0.13 0.13 0.31 0 0 0 76 76
f0_192 f0_68 f0_436 0.3 -0.3 0.66 0 0 0 76 76
f0_192 f0_68 f0_625 -0.02 0.02 0.76 0 0 0 76 76
f0_192 f0_68 f0_711 0.12 -0.12 0.45 0 0 0 76 76
f0_192 f0_68 f0_948 0.2 -0.2 0.82 0 0 0 76 76
f0_192 f0_68 f1w_3 -0.17 0.17 0.56 0 0 0 76 76
f0_192 f0_68 f1w_260 0.25 -0.25 0.65 0 0 0 76 76
f0_192 f0_68 f2_639 -0.16 0.16 0.37 0 0 0 76 76
f0_192 f0_95 f0_927 0.2 -0.2 0.86 0 0 0 76 76
f0_192 f0_95 f1h_37 -0.09 0.09 0.78 0 0 0 76 76
f0_192 f0_95 f1w_3 -0.11 0.11 0.2 0 0 0 76 76
f0_192 f0_95 f1w_260 0.34 -0.34 0.61 0 0 0 76 76
f0_192 f0_95 f2_25 -0.12 0.12 0.96 0 0 0 76 76
f0_192 f0_132 f0_738 0.48 -0.48 0.31 0 0 0 76 76
f0_192 f0_132 f0_809 -0.04 0.04 0.49 0 0 0 76 76
f0_192 f0_132 f0_945 0.26 -0.26 0.38 0 0 0 76 76
f0_192 f0_132 f0_987 -0.05 0.05 0.02 0 0 0 76 76
f0_192 f0_132 f1h_339 -0.06 0.06 0.69 0 0 0 76 76
f0_192 f0_132 f1h_494 0.1 -0.1 0.3 0 0 0 76 76
f0_192 f0_132 f1w_425 0.21 -0.21 0.56 0 0 0 76 76
f0_192 f0_132 f2_518 0.18 -0.18 0.5 0 0 0 76 76
f0_192 f0_132 f2_639 0.27 -0.27 0.44 0 0 0 76 76
f0_192 f0_132 f2_824 -0.26 0.26 -0.01 0 0 0 76 76
f0_192 f0_132 f2_919 0.21 -0.21 -0.11 0 0 0 76 76
f0_192 f0_195 f2_824 -0.29 0.29 0.17 0 0 0 76 76
f0_192 f0_404 f2_824 -0.3 0.3 0.4 0 0 0 76 76
f0_192 f0_436 f1h_494 0.17 -0.17 0.45 0 0 0 76 76
f0_192 f0_436 f2_81 -0.46 0.46 0.5 0 0 0 76 76
f0_192 f0_436 f2_639 -0.07 0.07 0.99 0 0 0 76 76
f0_192 f0_436 f2_919 -0.57 0.57 0.44 0 0 0 76 76
f0_192 f0_634 f2_92 0.03 -0.03 0.82 0 0 0 76 76
f0_192 f0_738 f2_824 -0.3 0.3 -0.1 0 0 0 76 76
f0_192 f0_791 f1h_198 -0.42 0.42 0.57 0 0 0 76 76
f0_192 f0_791 f2_61 -0.46 0.46 0.93 0 0 0 76 76
f0_192 f0_791 f2_919 -0.53 0.53 0.34 0 0 0 76 76
f0_192 f0_809 f2_61 -0.02 0.02 0.74 0 0 0 76 76
f0_192 f0_809 f2_639 -0.14 0.14 0.23 0 0 0 76 76
f0_192 f0_945 f1w_260 0.13 -0.13 0.86 0 0 0 76 76
f0_192 f0_945 f2_61 0.12 -0.12 0.33 0 0 0 76 76
f0_192 f0_945 f2_639 -0.1 0.1 0.59 0 0 0 76 76
f0_192 f0_948 f0_987 -0.47 0.47 0.59 0 0 0 76 76
f0_192 f0_948 f2_81 0.05 -0.05 0.33 0 0 0 76 76
f0_192 f0_948 f2_92 -0.3 0.3 0.71 0 0 0 76 76
f0_192 f0_948 f2_919 -0.46 0.46 0.6 0 0 0 76 76
f0_192 f0_987 f1w_425 -0.05 0.05 0.31 0 0 0 76 76
f0_192 f0_987 f2_133 -0.02 0.02 0.53 0 0 0 76 76
f0_192 f0_987 f2_639 -0.01 0.01 0.27 0 0 0 76 76
f0_192 f1h_37 f1h_261 0.26 -0.26 0.94 0 0 0 76 76
f0_192 f1h_120 f2_92 0.37 -0.37 0.07 0 0 0 76 76
f0_192 f1h_198 f1w_30 0.19 -0.19 0.83 0 0 0 76 76
f0_192 f1h_198 f2_81 -0.06 0.06 0.66 0 0 0 76 76
f0_192 f1h_198 f2_639 0.05 -0.05 0.53 0 0 0 76 76
f0_192 f1h_258 f2_824 -0.31 0.31 0.59 0 0 0 76 76
f0_192 f1h_494 f2_133 -0.31 0.31 0.46 0 0 0 76 76
f0_192 f1h_494 f2_824 -0.45 0.45 0.24 0 0 0 76 76
f0_192 f1w_3 f2_92 0.08 -0.08 0.54 0 0 0 76 76
f0_192 f1w_3 f2_919 -0.07 0.07 0.05 0 0 0 76 76
f0_192 f1w_30 f2_919 -0.19 0.19 0.61 0 0 0 76 76
f0_192 f1w_260 f2_919 -0.45 0.45 0.48 0 0 0 76 76
f0_192 f1w_418 f2_824 -0.23 0.23 0.46 0 0 0 76 76
f0_192 f1w_425 f2_92 -0.08 0.08 0.74 0 0 0 76 76
f0_192 f2_61 f2_81 0.01 -0.01 0.52 0 0 0 76 76
f0_192 f2_61 f2_824 -0.2 0.2 0.26 0 0 0 76 76
f0_192 f2_81 f2_133 -0.07 0.07 0.64 0 0 0 76 76
f0_192 f2_133 f2_639 0.65 -0.65 0.47 0 0 0 76 76
f0_192 f2_138 f2_919 -0.18 0.18 0.62 0 0 0 76 76
f0_192 f2_639 f2_880 -0.56 0.56 0.91 0 0 0 76 76
f0_192 f2_639 f2_919 0.11 -0.11 0.26 0 0 0 76 76
f0_198 f1h_15 f1h_193 0.98 -0.98 1.67 0 0 0 76 76
f0_200 f0_6 f0_188 -0.33 0.33 0.88 0 0 0 76 76
f0_200 f0_6 f1h_289 0.13 -0.13 0.83 0 0 0 76 76
f0_200 f0_15 f0_520 -0.25 0.25 0.84 0 0 0 76 76
f0_200 f0_101 f2_635 0.36 -0.36 0.78 0 0 0 76 76
f0_200 f0_131 f2_351 -0.34 0.34 0.58 0 0 0 76 76
f0_200 f0_147 f0_188 0 0 0.39 0 0 0 76 76
f0_200 f0_147 f1h_289 -0.22 0.22 0.73 0 0 0 76 76
f0_200 f0_157 f0_188 -0.58 0.58 0.71 0 0 0 76 76
f0_200 f0_157 f1h_289 -0.24 0.24 1.06 0 0 0 76 76
f0_200 f0_157 f1w_207 -0.56 0.56 0.82 0 0 0 76 76
f0_200 f0_188 f0_520 0.04 -0.04 0.6 0 0 0 76 76
f0_200 f0_188 f1h_459 0.26 -0.26 0.84 0 0 0 76 76
f0_200 f0_520 f1h_289 0.27 -0.27 0.55 0 0 0 76 76
f0_200 f0_767 f1h_289 0.25 -0.25 0.6 0 0 0 76 76
f0_200 f0_769 f2_554 0.64 -0.64 0.9 0 0 0 76 76
f0_200 f1h_289 f1h_459 0.06 -0.06 0.7 0 0 0 76 76
f0_200 f1h_289 f2_143 -0.27 0.27 0.83 0 0 0 76 76
f0_200 f1h_289 f2_454 0.39 -0.39 0.38 0 0 0 76 76
f0_200 f1h_289 f2_527 0.13 -0.13 0.88 0 0 0 76 76
f0_200 f1h_424 f2_454 0.17 -0.17 0.52 0 0 0 76 76
f0_200 f1h_424 f2_635 0.15 -0.15 0.86 0 0 0 76 76
f0_200 f1h_424 f2_683 -0.26 0.26 0.6 0 0 0 76 76
f0_200 f1w_217 f2_635 0.44 -0.44 0.54 0 0 0 76 76
f0_200 f2_527 f2_554 0.26 -0.26 0.93 0 0 0 76 76
f0_200 f2_554 f2_635 -0.15 0.15 0.93 0 0 0 76 76
f0_200 f2_554 f2_683 -0.5 0.5 0.87 0 0 0 76 76
f0_203 f0_64 f2_721 0.2 -0.2 0.68 0 0 0 76 76
f0_203 f0_111 f0_166 -0.31 0.31 0.52 0 0 0 76 76
f0_203 f0_111 f2_424 0.07 -0.07 0.59 0 0 0 76 76
f0_203 f0_111 f2_503 0.12 -0.12 0.73 0 0 0 76 76
f0_203 f0_159 f0_176 0.31 -0.31 0.61 0 0 0 76 76
f0_203 f0_166 f1h_96 0.16 -0.16 0.44 0 0 0 76 76
f0_203 f0_176 f1h_96 -0.18 0.18 0.79 0 0 0 76 76
f0_203 f0_192 f2_503 0.1 -0.1 1.28 0 0 0 76 76
f0_203 f0_555 f2_20 -0.11 0.11 0.83 0 0 0 76 76
f0_203 f0_740 f2_721 -0.27 0.27 0.45 0 0 0 76 76
f0_203 f0_768 f2_721 -0.09 0.09 1.15 0 0 0 76 76
f0_203 f0_866 f0_945 -0.51 0.51 0.63 0 0 0 76 76
f0_203 f0_945 f2_20 -0.26 0.26 0.74 0 0 0 76 76
f0_203 f1w_102 f2_721 0.41 -0.41 0.56 0 0 0 76 76
f0_203 f2_20 f2_424 0.43 -0.43 0.01 0 0 0 76 76
f0_203 f2_20 f2_721 0.17 -0.17 0.56 0 0 0 76 76
f0_203 f2_503 f2_721 0.1 -0.1 0.76 0 0 0 76 76
f0_207 f1w_368 f2_980 -0.63 0.63 0.93 0 0 0 76 76
f0_208 f0_76 f1h_299 0.07 -0.07 0.98 0 0 0 76 76
f0_208 f0_206 f0_503 -0.54 0.54 0.45 0 0 0 76 76
f0_208 f1h_4 f1h_206 0.13 -0.13 0.69 0 0 0 76 76
f0_208 f1h_4 f1h_389 -0.05 0.05 0.9 0 0 0 76 76
f0_219 f1w_287 f1w_432 -0.07 0.07 1.12 0 0 0 76 76
f0_225 f0_126 f0_934 0.28 -0.28 1.02 0 0 0 76 76
f0_230 f0_188 f1w_285 0.67 -0.67 0.9 0 0 0 76 76
f0_230 f0_441 f1h_289 0.6 -0.6 0.6 0 0 0 76 76
f0_240 f0_181 f1h_223 0.42 -0.42 0.81 0 0 0 76 76
f0_240 f0_614 f1w_23 0.67 -0.67 0.72 0 0 0 76 76
f0_240 f1h_223 f1w_23 0.03 -0.03 0.7 0 0 0 76 76
f0_240 f1h_223 f2_345 -0.22 0.22 0.9 0 0 0 76 76
f0_240 f1h_223 f2_822 -0.17 0.17 0.87 0 0 0 76 76
f0_254 f0_140 f0_814 -0.26 0.26 0.93 0 0 0 76 76
f0_258 f0_154 f1w_276 0.45 -0.45 1.19 0 0 0 76 76
f0_258 f1w_276 f1w_298 -0.43 0.43 0.84 0 0 0 76 76
f0_264 f0_544 f1w_134 0.59 -0.59 1.3 0 0 0 76 76
f0_284 f0_930 f2_369 0.4 -0.4 0.72 0 0 0 76 76
f0_284 f2_369 f2_488 -0.11 0.11 0.98 0 0 0 76 76
f0_288 f0_77 f1h_489 0.2 -0.2 1.14 0 0 0 76 76
f0_288 f0_148 f1h_356 0.44 -0.44 0.09 0 0 0 76 76
f0_288 f0_608 f1h_489 0.38 -0.38 0.95 0 0 0 76 76
f0_288 f1h_333 f1w_23 -0.17 0.17 1.16 0 0 0 76 76
f0_303 f1h_494 f2_937 -0.43 0.43 1.38 0 0 0 76 76
f0_304 f1h_484 f1w_405 1.35 -1.35 0.74 0 0 0 76 76
f0_304 f1w_100 f1w_405 1.12 -1.12 0.81 0 0 0 76 76
f0_304 f1w_405 f2_937 -0.71 0.57 0.85 0 0 0 76 76
f0_325 f0_132 f1w_174 0.36 -0.36 1.03 0 0 0 76 76
f0_341 f0_68 f1w_152 0.75 -0.75 0.51 0 0 0 76 76
f0_341 f1w_152 f2_103 -0.56 0.56 0.99 0 0 0 76 76
f0_350 f0_715 f0_808 0.29 -0.29 1 0 0 0 76 76
f0_350 f1h_187 f1w_68 0.22 -0.22 0.54 0 0 0 76 76
f0_350 f1h_187 f2_20 -0.02 0.02 0.41 0 0 0 76 76
f0_350 f1h_187 f2_432 0.2 -0.2 0.89 0 0 0 76 76
f0_350 f1w_86 f1w_409 -0.03 0.03 0.95 0 0 0 76 76
f0_372 f0_832 f2_491 -0.01 0.01 1.04 0 0 0 76 76
f0_372 f0_832 f2_788 -0.1 0.1 0.46 0 0 0 76 76
f0_374 f1h_280 f2_127 0.09 -0.09 1.03 0 0 0 76 76
f0_420 f0_101 f2_435 0.34 -0.34 0.61 0 0 0 76 76
f0_420 f2_435 f2_929 -0.9 0.9 0.42 0 0 0 76 76
f0_437 f0_781 f1w_161 0.49 -0.49 1.31 0 0 0 76 76
f0_437 f1h_207 f1w_161 1.26 -1.26 0.37 0 0 0 76 76
f0_437 f1w_479 f2_986 -0.24 0.24 0.62 0 0 0 76 76
f0_447 f1w_326 f2_69 -0.94 0.94 0.5 0 0 0 76 76
f0_448 f0_110 f2_558 0.74 -0.74 0.72 0 0 0 76 76
f0_448 f1h_233 f1w_53 0.38 -0.38 1.09 0 0 0 76 76
f0_448 f1h_233 f1w_109 -0.44 0.44 1.02 0 0 0 76 76
f0_448 f1w_39 f1w_53 -0.1 0.1 1.37 0 0 0 76 76
f0_448 f1w_39 f2_338 -0.3 0.3 0.8 0 0 0 76 76
f0_448 f1w_53 f2_558 -0.53 0.53 1.05 0 0 0 76 76
f0_459 f0_960 f2_664 -0.41 0.41 1.26 0 0 0 76 76
f0_470 f1h_269 f1w_39 0.76 -0.76 0.65 0 0 0 76 76
f0_481 f0_203 f0_438 -0.08 0.08 1.01 0 0 0 76 76
f0_481 f0_203 f2_244 -0.22 0.22 0.82 0 0 0 76 76
f0_481 f0_438 f0_555 0.48 -0.48 0.68 0 0 0 76 76
f0_481 f0_438 f2_244 -0.33 0.33 -0.01 0 0 0 76 76
f0_481 f0_555 f1w_49 -0.65 0.65 0.58 0 0 0 76 76
f0_481 f0_555 f2_244 -0.41 0.41 0.14 0 0 0 76 76
f0_481 f0_860 f2_244 0.01 -0.01 0.7 0 0 0 76 76
f0_481 f2_244 f2_560 -0.04 0.04 0.72 0 0 0 76 76
f0_505 f0_748 f2_41 -0.05 0.05 1.01 0 0 0 76 76
f0_544 f0_144 f1h_289 -0.06 0.06 0.69 0 0 0 76 76
f0_544 f0_144 f1w_207 -0.24 0.24 0.6 0 0 0 76 76
f0_544 f0_144 f1w_432 0.03 -0.03 0.4 0 0 0 76 76
f0_544 f0_264 f1h_356 0.39 -0.39 0.45 0 0 0 76 76
f0_544 f0_264 f1w_437 -0.09 0.09 0.6 0 0 0 76 76
f0_544 f0_264 f2_133 -0.27 0.27 0.65 0 0 0 76 76
f0_544 f0_630 f1h_289 0.24 -0.24 0.38 0 0 0 76 76
f0_544 f0_630 f1w_269 0.08 -0.08 0.63 0 0 0 76 76
f0_544 f0_630 f2_133 -0.05 0.05 0.05 0 0 0 76 76
f0_544 f0_630 f2_336 0.07 -0.07 0.26 0 0 0 76 76
f0_544 f0_801 f1h_289 -0.26 0.26 0.76 0 0 0 76 76
f0_544 f1h_289 f1h_356 0.33 -0.33 0.55 0 0 0 76 76
f0_544 f1h_308 f1h_356 0.21 -0.21 0.31 0 0 0 76 76
f0_544 f1h_356 f1w_269 -0.58 0.44 0.16 0 0 0 76 76
f0_544 f1h_356 f1w_432 -0.45 0.45 0.14 0 0 0 76 76
f0_544 f1h_356 f1w_491 -0.67 0.55 0.35 0 0 0 76 76
f0_544 f1h_356 f2_256 -0.01 0.01 0.46 0 0 0 76 76
f0_544 f1w_340 f1w_432 -0.22 0.22 0.55 0 0 0 76 76
f0_544 f1w_432 f1w_491 -0.35 0.35 0.29 0 0 0 76 76
f0_544 f1w_432 f2_256 0.02 -0.02 0.27 0 0 0 76 76
f0_544 f1w_432 f2_283 0.33 -0.33 0.28 0 0 0 76 76
f0_544 f1w_437 f2_283 0.06 -0.06 0.4 0 0 0 76 76
f0_545 f0_40 f1h_339 0.15 -0.15 -0.14 0 0 1 76 76
f0_545 f0_374 f1w_207 1.17 -1.17 0.95 0 0 0 76 76
f0_545 f1h_339 f1w_207 0.52 -0.52 1.32 0 0 0 76 76
f0_545 f1w_207 f2_639 -0.95 0.95 0.67 0 0 0 76 76
f0_552 f0_67 f2_303 -0.19 0.19 0.62 0 0 0 76 76
f0_552 f0_103 f1w_353 0 0 0.91 0 0 0 76 76
f0_552 f0_103 f2_363 0.1 -0.1 0.74 0 0 0 76 76
f0_552 f0_103 f2_781 0.37 -0.37 0.84 0 0 0 76 76
f0_552 f0_480 f0_630 -0.2 0.2 0.59 0 0 0 76 76
f0_552 f0_480 f1w_317 0.19 -0.19 0.88 0 0 0 76 76
f0_552 f0_630 f0_876 0.07 -0.07 0.73 0 0 0 76 76
f0_552 f0_630 f2_303 -0.29 0.29 0.03 0 0 0 76 76
f0_552 f0_630 f2_327 0.25 -0.25 0.7 0 0 0 76 76
f0_552 f0_630 f2_870 -0.31 0.31 0.44 0 0 0 76 76
f0_552 f0_876 f0_953 0.37 -0.37 0.79 0 0 0 76 76
f0_552 f0_876 f2_157 -0.31 0.31 0.76 0 0 0 76 76
f0_552 f0_876 f2_363 -0.03 0.03 0.97 0 0 0 76 76
f0_552 f0_945 f2_327 0.48 -0.48 0.77 0 0 0 76 76
f0_552 f0_953 f2_303 -0.86 0.86 0.3 0 0 0 76 76
f0_552 f1w_317 f2_157 -0.54 0.54 0.41 0 0 0 76 76
f0_552 f1w_317 f2_643 -0.7 0.7 0.47 0 0 0 76 76
f0_552 f2_303 f2_327 0.5 -0.5 0.53 0 0 0 76 76
f0_552 f2_778 f2_870 -0.02 0.02 0.73 0 0 0 76 76
f0_555 f0_82 f0_558 -0.38 0.38 0.49 0 0 0 76 76
f0_555 f0_104 f1h_425 -0.7 0.7 0.84 0 0 0 76 76
f0_555 f1h_269 f1w_253 -0.4 0.4 0.57 0 0 0 76 76
f0_555 f1w_12 f2_721 -0.13 0.13 0.76 0 0 0 76 76
f0_558 f1h_269 f1w_12 0.27 -0.27 0.07 0 0 0 76 76
f0_558 f1w_12 f1w_435 -0.79 0.79 0.65 0 0 0 76 76
f0_601 f1h_350 f1w_274 0.5 -0.5 1.2 0 0 0 76 76
f0_608 f0_548 f1h_37 0.46 -0.46 0.96 0 0 0 76 76
f0_608 f0_548 f1w_287 -0.32 0.32 0.29 0 0 0 76 76
f0_608 f0_548 f2_515 -0.27 0.27 0.48 0 0 0 76 76
f0_608 f1h_429 f2_558 -0.09 0.09 1.12 0 0 0 76 76
f0_614 f0_27 f0_923 0.15 -0.15 0.88 0 0 0 76 76
f0_614 f0_170 f0_923 -0.25 0.25 0.84 0 0 0 76 76
f0_614 f0_229 f0_923 0.23 -0.23 0.6 0 0 0 76 76
f0_614 f0_748 f0_923 -0.01 0.01 0.74 0 0 0 76 76
f0_614 f0_923 f2_16 0 0 1.21 0 0 0 76 76
f0_627 f1h_389 f1w_69 0.7 -0.7 0.94 0 0 0 76 76
f0_628 f0_10 f0_138 0.54 -0.54 0.94 0 0 0 76 76
f0_628 f0_10 f2_963 -0.13 0.13 1.11 0 0 0 76 76
f0_628 f0_67 f1w_39 0.49 -0.49 0.39 0 0 0 76 76
f0_628 f0_67 f2_698 0.05 -0.05 0.76 0 0 0 76 76
f0_628 f0_98 f1w_39 0.2 -0.2 0.07 0 0 0 76 76
f0_628 f0_102 f1h_345 0.2 -0.2 0.57 0 0 0 76 76
f0_628 f0_123 f0_140 0.1 -0.1 0.37 0 0 0 76 76
f0_628 f0_138 f0_208 -0.58 0.58 0.48 0 0 0 76 76
f0_628 f0_138 f0_486 -0.62 0.62 0.27 0 0 0 76 76
f0_628 f0_138 f1w_317 -0.43 0.43 0.58 0 0 0 76 76
f0_628 f0_138 f1w_474 -0.3 0.3 -0.06 0 0 0 76 76
f0_628 f0_138 f2_47 -0.42 0.42 0.75 0 0 0 76 76
f0_628 f0_140 f0_953 0.04 -0.04 0.57 0 0 0 76 76
f0_628 f0_486 f0_741 -0.05 0.05 1.06 0 0 0 76 76
f0_628 f0_486 f1w_48 0.09 -0.09 0.89 0 0 0 76 76
f0_628 f0_741 f0_829 0.56 -0.56 1.18 0 0 0 76 76
f0_628 f0_741 f0_953 0.62 -0.62 0.85 0 0 0 76 76
f0_628 f0_767 f1w_39 0.38 -0.38 0.68 0 0 0 76 76
f0_628 f0_767 f2_698 -0.17 0.17 0.77 0 0 0 76 76
f0_628 f0_807 f1h_345 -0.21 0.21 0.81 0 0 0 76 76
f0_628 f0_829 f2_976 -0.27 0.27 0.65 0 0 0 76 76
f0_628 f0_953 f0_996 -0.84 0.84 0.8 0 0 0 76 76
f0_628 f0_953 f1w_39 -0.11 0.11 0.1 0 0 0 76 76
f0_628 f0_996 f1w_39 -0.27 0.27 0.35 0 0 0 76 76
f0_628 f0_996 f1w_54 0.36 -0.36 1.18 0 0 0 76 76
f0_628 f1h_345 f1w_317 -0.05 0.05 0.64 0 0 0 76 76
f0_628 f1h_345 f2_616 -0.24 0.24 0.41 0 0 0 76 76
f0_628 f1h_345 f2_700 0.22 -0.22 0.81 0 0 0 76 76
f0_628 f1w_39 f2_47 -0.39 0.39 0.98 0 0 0 76 76
f0_628 f1w_39 f2_73 -0.56 0.56 0.59 0 0 0 76 76
f0_628 f1w_39 f2_976 -0.68 0.68 0.65 0 0 0 76 76
f0_628 f1w_317 f2_584 0.11 -0.11 0.87 0 0 0 76 76
f0_628 f1w_317 f2_963 -0.1 0.1 0.89 0 0 0 76 76
f0_628 f2_47 f2_584 0.05 -0.05 0.97 0 0 0 76 76
f0_630 f0_132 f2_618 0.16 -0.16 0.64 0 0 0 76 76
f0_630 f0_132 f2_635 0.08 -0.08 1.25 0 0 0 76 76
f0_630 f0_370 f0_987 -0.16 0.16 1.24 0 0 0 76 76
f0_636 f0_765 f2_223 -0.24 0.24 1.16 0 0 0 76 76
f0_636 f1h_62 f1w_106 1.34 -1.34 1.05 0 0 0 76 76
f0_637 f1w_385 f2_20 -0.48 0.48 1.04 0 0 0 76 76
f0_641 f0_559 f2_896 0.13 -0.13 1.08 0 0 0 76 76
f0_645 f0_818 f2_132 -0.43 0.43 1.09 0 0 0 76 76
f0_655 f0_226 f1h_289 0.06 -0.06 0.67 0 0 0 76 76
f0_655 f1h_289 f1w_264 0 0 0.95 0 0 0 76 76
f0_655 f1h_289 f2_493 -0.01 0.01 0.86 0 0 0 76 76
f0_674 f1w_12 f1w_83 0.7 -0.7 1.12 0 0 0 76 76
f0_680 f0_276 f1h_389 -0.3 0.3 0.72 0 0 0 76 76
f0_681 f0_181 f1h_297 0.47 -0.47 0.97 0 0 0 76 76
f0_681 f0_964 f1w_497 0.84 -0.84 0.84 0 0 0 76 76
f0_687 f0_552 f1w_291 0.57 -0.57 1.08 0 0 0 76 76
f0_687 f0_628 f1w_291 0.38 -0.38 0.91 0 0 0 76 76
f0_687 f0_628 f1w_475 0.46 -0.46 0.63 0 0 0 76 76
f0_687 f0_628 f2_660 -0.13 0.13 0.77 0 0 0 76 76
f0_687 f1w_291 f1w_475 0.06 -0.06 1.33 0 0 0 76 76
f0_687 f1w_291 f2_660 -0.37 0.37 0.79 0 0 0 76 76
f0_715 f0_347 f1w_184 0.42 -0.42 0.57 0 0 0 76 76
f0_715 f0_966 f1h_429 0.31 -0.31 1.28 0 0 0 76 76
f0_715 f1w_471 f2_326 -0.57 0.57 1.13 0 0 0 76 76
f0_738 f0_19 f1w_495 0.26 -0.26 0.97 0 0 0 76 76
f0_738 f0_816 f1w_495 0.55 -0.55 0.6 0 0 0 76 76
f0_741 f1w_185 f1w_328 0.62 -0.62 1.03 0 0 0 76 76
f0_741 f1w_328 f2_615 -0.46 0.46 1.03 0 0 0 76 76
f0_748 f0_505 f2_503 0.14 -0.14 -0.32 0 0 1 76 76
f0_768 f0_50 f1w_102 0.17 -0.17 1.18 0 0 0 76 76
f0_768 f0_64 f0_94 -0.13 0.13 0.89 0 0 0 76 76
f0_768 f0_64 f0_628 -0.29 0.29 0.62 0 0 0 76 76
f0_768 f0_154 f0_176 -0.43 0.43 0.7 0 0 0 76 76
f0_768 f0_154 f0_203 0.18 -0.18 1.09 0 0 0 76 76
f0_768 f0_154 f0_704 -0.59 0.59 0.6 0 0 0 76 76
f0_768 f0_154 f2_541 -0.31 0.31 1.04 0 0 0 76 76
f0_768 f0_154 f2_547 -0.27 0.27 0.81 0 0 0 76 76
f0_768 f0_203 f1h_369 -0.74 0.74 0.7 0 0 0 76 76
f0_768 f0_208 f1w_280 -0.02 0.02 0.67 0 0 0 76 76
f0_768 f0_628 f1h_7 -0.03 0.03 0.69 0 0 0 76 76
f0_768 f0_628 f2_643 0.3 -0.3 0.74 0 0 0 76 76
f0_773 f0_930 f1w_385 -0.43 0.43 0.83 0 0 0 76 76
f0_781 f0_122 f2_351 0.26 -0.26 1.12 0 0 0 76 76
f0_781 f2_351 f2_564 -0.34 0.34 1.17 0 0 0 76 76
f0_791 f0_192 f2_625 -0.16 0.16 1.28 0 0 0 76 76
f0_791 f2_81 f2_409 -0.34 0.34 0.66 0 0 0 76 76
f0_791 f2_625 f2_917 -0.47 0.47 0.8 0 0 0 76 76
f0_798 f0_96 f2_132 -0.25 0.25 0.09 0 0 1 76 76
f0_798 f0_499 f1h_404 -0.17 0.17 0.11 0 0 1 76 76
f0_798 f0_499 f2_132 -0.08 0.08 0.21 0 0 1 76 76
f0_798 f2_132 f2_317 -0.25 0.25 0.23 0 0 1 76 76
f0_801 f0_544 f1h_361 -0.68 0.68 0.92 0 0 0 76 76
f0_801 f1h_361 f2_910 -0.11 0.11 0.79 0 0 0 76 76
f0_807 f0_5 f0_934 0.42 -0.42 0.59 0 0 0 76 76
f0_807 f0_10 f0_28 -0.51 0.51 0.95 0 0 0 76 76
f0_807 f0_10 f0_934 -0.13 0.13 0.86 0 0 0 76 76
f0_807 f0_28 f0_628 0.06 -0.06 0.78 0 0 0 76 76
f0_807 f0_28 f1w_475 -0.1 0.1 1 0 0 0 76 76
f0_807 f0_28 f2_61 -0.05 0.05 0.79 0 0 0 76 76
f0_807 f0_759 f0_934 0.06 -0.06 0.86 0 0 0 76 76
f0_807 f0_934 f1h_395 -0.51 0.51 0.46 0 0 0 76 76
f0_807 f0_934 f2_31 -0.2 0.2 0.34 0 0 0 76 76
f0_807 f0_955 f1w_404 -0.18 0.18 0.58 0 0 0 76 76
f0_807 f0_955 f2_31 0.04 -0.04 0.46 0 0 0 76 76
f0_807 f1h_9 f2_618 -0.17 0.17 0.43 0 0 0 76 76
f0_807 f1h_103 f2_31 0.42 -0.42 0.8 0 0 0 76 76
f0_807 f1h_150 f1h_404 0 0 1.21 0 0 0 76 76
f0_807 f1h_150 f1h_412 0.42 -0.42 0.94 0 0 0 76 76
f0_807 f2_73 f2_618 -0.53 0.53 0.44 0 0 0 76 76
f0_807 f2_618 f2_781 0.69 -0.69 0.44 0 0 0 76 76
f0_808 f0_230 f0_604 0.18 -0.18 0.89 0 0 0 76 76
f0_808 f0_272 f2_20 0.43 -0.43 0.63 0 0 0 76 76
f0_808 f0_350 f0_604 -0.07 0.07 1.02 0 0 0 76 76
f0_808 f0_604 f1w_285 0.03 -0.03 1.1 0 0 0 76 76
f0_808 f0_748 f2_20 0.08 -0.08 0.7 0 0 0 76 76
f0_808 f1h_412 f1w_285 0.14 -0.14 0.73 0 0 0 76 76
f0_808 f1h_412 f2_20 -0.12 0.12 0.86 0 0 0 76 76
f0_808 f1w_34 f2_20 -0.32 0.32 0.9 0 0 0 76 76
f0_808 f1w_410 f2_20 0.36 -0.36 0.81 0 0 0 76 76
f0_808 f2_20 f2_937 0.11 -0.11 0.55 0 0 0 76 76
f0_809 f0_938 f1w_315 0.13 -0.13 1.53 0 0 0 76 76
f0_809 f1w_87 f2_913 -0.65 0.65 0.8 0 0 0 76 76
f0_809 f2_315 f2_913 -0.2 0.2 0.85 0 0 0 76 76
f0_814 f0_347 f1h_84 -0.3 0.3 0.72 0 0 0 76 76
f0_814 f0_347 f1h_291 -0.08 0.08 0.99 0 0 0 76 76
f0_814 f1h_336 f2_20 -0.55 0.55 0.83 0 0 0 76 76
f0_814 f1h_489 f2_20 0.08 -0.08 1.2 0 0 0 76 76
f0_816 f1w_283 f1w_478 -0.86 0.86 0.57 0 0 0 76 76
f0_818 f0_645 f0_965 -0.77 0.77 0.44 0 0 0 76 76
f0_818 f0_645 f2_880 -0.57 0.57 1 0 0 0 76 76
f0_836 f2_55 f2_802 -0.06 0.06 1.65 0 0 0 76 76
f0_879 f0_438 f2_553 0.7 -0.7 0.58 0 0 0 76 76
f0_881 f0_859 f1h_184 -0.51 0.51 0.51 0 0 0 76 76
f0_881 f1h_62 f1h_84 -0.1 0.1 1.13 0 0 0 76 76
f0_881 f1h_62 f1h_489 -0.67 0.67 0.93 0 0 0 76 76
f0_914 f0_68 f1h_108 -0.11 0.11 0.46 0 0 0 76 76
f0_914 f0_481 f1w_320 0.93 -0.93 0.74 0 0 0 76 76
f0_914 f0_759 f1w_320 0.95 -0.95 0.85 0 0 0 76 76
f0_914 f1h_108 f1w_320 0.72 -0.72 0.07 0 0 0 76 76
f0_914 f1h_108 f2_919 -0.1 0.1 0.66 0 0 0 76 76
f0_923 f2_283 f2_644 0.1 -0.1 0.68 0 0 1 76 76
f0_927 f0_167 f0_814 -0.36 0.36 0.85 0 0 0 76 76
f0_927 f0_167 f0_848 -0.22 0.22 1.28 0 0 0 76 76
f0_927 f0_167 f2_980 -0.13 0.13 0.87 0 0 0 76 76
f0_927 f0_814 f2_809 -0.21 0.21 0.73 0 0 0 76 76
f0_927 f0_848 f0_914 0.39 -0.39 1.14 0 0 0 76 76
f0_927 f1h_289 f2_721 0.17 -0.17 0.58 0 0 0 76 76
f0_927 f1h_289 f2_980 0.37 -0.37 0.56 0 0 0 76 76
f0_927 f2_25 f2_660 -0.48 0.48 0.89 0 0 0 76 76
f0_927 f2_47 f2_721 -0.45 0.45 0.67 0 0 0 76 76
f0_927 f2_721 f2_809 -0.23 0.23 0.67 0 0 0 76 76
f0_930 f0_46 f1h_486 -0.3 0.3 1.11 0 0 0 76 76
f0_930 f0_253 f0_477 0.34 -0.34 0.52 0 0 0 76 76
f0_930 f0_477 f2_778 0.07 -0.07 1.03 0 0 0 76 76
f0_930 f1h_305 f1w_405 -0.11 0.11 1.05 0 0 0 76 76
f0_930 f1w_82 f2_643 -0.67 0.67 0.66 0 0 0 76 76
f0_930 f1w_185 f2_643 0.53 -0.53 0.59 0 0 0 76 76
f0_930 f1w_201 f2_404 0.12 -0.12 0.7 0 0 0 76 76
f0_930 f1w_313 f2_415 0.1 -0.1 0.67 0 0 0 76 76
f0_930 f1w_437 f2_415 -0.02 0.02 0.71 0 0 0 76 76
f0_930 f2_778 f2_881 -0.19 0.19 1.09 0 0 0 76 76
f0_945 f0_4 f0_809 0.34 -0.34 0.97 0 0 0 76 76
f0_945 f0_4 f1h_299 0.11 -0.11 0.28 0 0 0 76 76
f0_945 f0_4 f1w_12 -0.06 0.06 0.67 0 0 0 76 76
f0_945 f0_4 f2_518 0.44 -0.44 0.89 0 0 0 76 76
f0_945 f0_158 f0_768 0.08 -0.08 1.24 0 0 0 76 76
f0_945 f0_170 f0_337 -0.08 0.08 0.77 0 0 0 76 76
f0_945 f0_192 f0_721 0.01 -0.01 1.21 0 0 0 76 76
f0_945 f0_203 f0_337 -0.42 0.42 0.95 0 0 0 76 76
f0_945 f0_203 f2_917 0.3 -0.3 1.1 0 0 0 76 76
f0_945 f0_325 f1h_299 0 0 0.63 0 0 0 76 76
f0_945 f0_337 f1h_299 0.07 -0.07 0.4 0 0 0 76 76
f0_945 f0_559 f2_454 0.48 -0.48 0.77 0 0 0 76 76
f0_945 f0_559 f2_917 0.81 -0.81 0.23 0 0 0 76 76
f0_945 f0_625 f2_917 0.69 -0.69 0.91 0 0 0 76 76
f0_945 f0_721 f2_917 0.18 -0.18 0.53 0 0 0 76 76
f0_945 f0_768 f2_326 -0.02 0.02 1.08 0 0 0 76 76
f0_945 f0_801 f1h_493 -0.33 0.33 0.73 0 0 0 76 76
f0_945 f0_809 f2_326 0.26 -0.26 0.35 0 0 0 76 76
f0_945 f0_938 f1h_493 -0.38 0.38 0.34 0 0 0 76 76
f0_945 f0_938 f2_326 0.08 -0.08 0.35 0 0 0 76 76
f0_945 f1h_7 f1h_299 -0.08 0.08 -0.09 0 0 0 76 76
f0_945 f1h_299 f2_454 0.07 -0.07 0.66 0 0 0 76 76
f0_945 f1h_299 f2_917 0.67 -0.67 0.33 0 0 0 76 76
f0_945 f1h_493 f2_454 0.42 -0.42 0.61 0 0 0 76 76
f0_945 f1w_12 f1w_120 0.05 -0.05 0.65 0 0 0 76 76
f0_945 f1w_12 f2_138 0.31 -0.31 0.66 0 0 0 76 76
f0_945 f1w_155 f2_917 0.3 -0.3 1.39 0 0 0 76 76
f0_946 f2_896 f2_985 -0.18 0.18 1 0 0 0 76 76
f0_953 f0_33 f0_955 -0.02 0.02 1.13 0 0 0 76 76
f0_953 f0_47 f0_166 -0.07 0.07 1 0 0 0 76 76
f0_953 f0_119 f2_409 0 0 1.31 0 0 0 76 76
f0_953 f0_123 f1h_389 -0.55 0.55 0.49 0 0 0 76 76
f0_953 f0_123 f2_1 0.14 -0.14 1.04 0 0 0 76 76
f0_953 f0_166 f1h_345 -0.26 0.26 0.13 0 0 0 76 76
f0_953 f0_166 f1w_161 -0.36 0.36 0.68 0 0 0 76 76
f0_953 f0_166 f2_409 0.53 -0.53 0.67 0 0 0 76 76
f0_953 f0_166 f2_527 -0.14 0.14 0.84 0 0 0 76 76
f0_953 f0_208 f0_486 0.28 -0.28 0.6 0 0 0 76 76
f0_953 f0_208 f0_628 0.24 -0.24 0.19 0 0 0 76 76
f0_953 f0_319 f0_628 0.13 -0.13 0.67 0 0 0 76 76
f0_953 f0_319 f1w_353 -0.22 0.22 1.23 0 0 0 76 76
f0_953 f0_319 f2_1 0.22 -0.22 1.01 0 0 0 76 76
f0_953 f0_374 f0_628 0.39 -0.39 0.62 0 0 0 76 76
f0_953 f0_420 f2_409 1.01 -1.01 0.63 0 0 0 76 76
f0_953 f0_486 f2_1 0.17 -0.17 0.93 0 0 0 76 76
f0_953 f0_486 f2_409 0.43 -0.43 0.22 0 0 0 76 76
f0_953 f0_552 f1h_82 -0.47 0.47 1.16 0 0 0 76 76
f0_953 f0_552 f1h_345 -0.95 0.95 0.43 0 0 0 76 76
f0_953 f0_552 f1h_389 -0.1 0.1 0.39 0 0 0 76 76
f0_953 f0_552 f2_409 -0.16 -0.16 1.39 0 0 0 76 76
f0_953 f0_628 f0_955 -0.68 0.68 0.45 0 0 0 76 76
f0_953 f0_628 f1h_82 0.34 -0.34 0.28 0 0 0 76 76
f0_953 f0_628 f1h_345 -0.53 0.53 -0.25 0 0 0 76 76
f0_953 f0_628 f1h_389 -0.23 0.23 0.14 0 0 0 76 76
f0_953 f0_628 f1h_412 -0.61 0.61 0.67 0 0 0 76 76
f0_953 f0_628 f2_1 -0.13 0.13 1.08 0 0 0 76 76
f0_953 f0_628 f2_242 -0.62 0.62 0.69 0 0 0 76 76
f0_953 f0_628 f2_409 0.61 -2.04 0.9 0 0 0 76 76
f0_953 f0_628 f2_493 0 0 1.03 0 0 0 76 76
f0_953 f0_628 f2_851 -0.87 0.87 0.64 0 0 0 76 76
f0_953 f0_829 f2_1 -0.51 0.51 0.22 0 0 0 76 76
f0_953 f0_829 f2_409 0.06 -0.06 0.45 0 0 0 76 76
f0_953 f0_955 f2_409 0.62 -0.62 0.54 0 0 0 76 76
f0_953 f1h_14 f2_409 1.16 -1.16 0.59 0 0 0 76 76
f0_953 f1h_82 f1w_317 -0.19 0.19 0.77 0 0 0 76 76
f0_953 f1h_345 f1h_412 0.36 -0.36 0.48 0 0 0 76 76
f0_953 f1h_345 f1w_317 0.32 -0.32 0.46 0 0 0 76 76
f0_953 f1h_345 f2_409 1.14 -1.14 -0.08 0 0 0 76 76
f0_953 f1h_412 f1w_54 0.82 -0.82 0.81 0 0 0 76 76
f0_953 f1h_412 f2_162 -0.26 0.26 0.61 0 0 0 76 76
f0_953 f1w_39 f2_409 0.24 -0.24 0.05 0 0 0 76 76
f0_953 f1w_39 f2_493 0.55 -0.55 0.92 0 0 0 76 76
f0_953 f1w_54 f2_409 0.26 -0.26 0.64 0 0 0 76 76
f0_953 f1w_317 f2_409 0.39 -0.39 0.2 0 0 0 76 76
f0_953 f1w_353 f2_409 0.22 -0.22 0.72 0 0 0 76 76
f0_953 f2_409 f2_547 -0.93 0.32 0.53 0 0 0 76 76
f0_953 f2_409 f2_719 -0.29 0.29 0.58 0 0 0 76 76
f0_955 f0_206 f0_807 -0.07 0.07 -0.41 0 0 1 76 76
f0_967 f0_185 f0_992 0.48 -0.48 0.81 0 0 0 76 76
f0_967 f0_219 f2_639 0.16 -0.16 0.46 0 0 0 76 76
f0_967 f0_355 f1w_78 0.06 -0.06 0.33 0 0 0 76 76
f0_967 f0_355 f2_770 0.26 -0.26 0.5 0 0 0 76 76
f0_978 f1w_274 f1w_316 -0.86 0.86 0.35 0 0 0 76 76
f0_987 f0_919 f2_500 -0.26 0.26 0.53 0 0 0 76 76
f0_989 f0_126 f1w_39 0 0 0.93 0 0 0 76 76
f0_989 f0_208 f0_272 -0.03 0.03 0.85 0 0 0 76 76
f0_989 f0_272 f2_941 0.23 -0.23 0.99 0 0 0 76 76
f0_990 f1w_184 f1w_313 -0.46 0.46 1.26 0 0 0 76 76
f0_990 f1w_280 f1w_313 -0.17 0.17 1.14 0 0 0 76 76
f1h_2 f0_26 f0_169 -0.06 0.06 1.54 0 0 0 76 76
f1h_2 f0_169 f1w_235 0.59 -0.59 -0.09 0 0 0 76 76
f1h_4 f0_17 f0_180 -1.32 1.32 1.18 0 0 0 76 76
f1h_7 f0_139 f0_186 -0.08 0.08 1.72 0 0 0 76 76
f1h_9 f0_67 f0_90 -0.6 0.6 1.61 0 0 0 76 76
f1h_9 f0_67 f2_643 -0.51 0.51 1.43 0 0 0 76 76
f1h_9 f0_67 f2_925 -0.39 0.39 1.54 0 0 0 76 76
f1h_10 f0_97 f0_481 -0.72 0.72 0.93 0 0 0 76 76
f1h_12 f0_37 f0_117 -0.1 0.1 2.44 0 0 0 76 76
f1h_13 f0_76 f0_82 0.26 -0.26 1.4 0 0 0 76 76
f1h_13 f0_155 f0_823 0.77 -0.77 0.8 0 0 0 76 76
f1h_14 f0_90 f1w_21 -0.17 0.17 0.86 0 0 0 76 76
f1h_14 f0_953 f1h_212 0.4 -0.4 -0.26 0 0 1 76 76
f1h_14 f0_953 f2_831 0.97 -0.97 1.37 0 0 0 76 76
f1h_14 f1h_212 f2_702 -0.41 0.41 0.44 0 0 0 76 76
f1h_14 f1w_21 f2_831 0.64 -0.64 1.21 0 0 0 76 76
f1h_14 f1w_21 f2_925 0.46 -0.46 -0.44 0 0 1 76 76
f1h_14 f2_702 f2_831 0.89 -0.89 1.26 0 0 0 76 76
f1h_15 f0_93 f0_198 0.37 -0.37 2.31 0 0 0 76 76
f1h_16 f0_104 f0_930 -0.61 0.61 0.89 0 0 0 76 76
f1h_20 f0_92 f0_118 -0.59 0.59 1.43 0 0 0 76 76
f1h_21 f0_60 f0_183 -0.69 0.69 1.25 0 0 0 76 76
f1h_21 f0_183 f1h_393 0.36 -0.36 1.37 0 0 0 76 76
f1h_22 f0_67 f0_163 -0.1 0.1 1.66 0 0 0 76 76
f1h_22 f2_384 f2_403 -0.67 0.67 1.34 0 0 0 76 76
f1h_25 f0_149 f0_168 -0.05 0.05 1.64 0 0 0 76 76
f1h_25 f0_149 f1w_86 -0.24 0.24 1.1 0 0 0 76 76
f1h_25 f0_149 f2_345 0.31 -0.31 1.18 0 0 0 76 76
f1h_26 f0_18 f0_99 0.54 -0.54 1.43 0 0 0 76 76
f1h_29 f0_99 f0_147 0.06 -0.06 0.96 0 0 0 76 76
f1h_29 f0_99 f1h_289 -1.08 1.04 0.44 0 0 0 76 76
f1h_29 f0_99 f1w_207 -1.03 1.03 0.98 0 0 0 76 76
f1h_29 f0_99 f2_337 -0.47 0.47 0.56 0 0 0 76 76
f1h_30 f0_101 f0_197 -0.25 0.25 1.05 0 0 0 76 76
f1h_30 f0_197 f2_632 0.1 -0.1 1.25 0 0 0 76 76
f1h_30 f1h_494 f2_275 0.13 -0.13 1.01 0 0 0 76 76
f1h_30 f2_275 f2_678 0.22 -0.22 1.06 0 0 0 76 76
f1h_34 f0_48 f0_86 0.59 -0.59 1.56 0 0 0 76 76
f1h_34 f0_86 f1h_336 -0.49 0.49 0.96 0 0 0 76 76
f1h_34 f0_86 f2_359 -0.51 0.51 1.13 0 0 0 76 76
f1h_34 f0_86 f2_787 0.12 -0.12 1.34 0 0 0 76 76
f1h_37 f0_36 f1h_395 -0.1 0.1 0.74 0 0 0 76 76
f1h_37 f0_83 f0_101 -0.48 0.48 0.81 0 0 0 76 76
f1h_37 f0_83 f1w_328 -0.8 0.8 0.77 0 0 0 76 76
f1h_37 f0_83 f2_242 -0.5 0.5 0.68 0 0 0 76 76
f1h_37 f0_83 f2_625 -0.36 0.36 1.32 0 0 0 76 76
f1h_37 f0_83 f2_886 -0.24 0.24 1.23 0 0 0 76 76
f1h_37 f0_126 f1w_56 0.48 -0.48 0.51 0 0 0 76 76
f1h_37 f0_524 f2_886 0.48 -0.48 0.93 0 0 0 76 76
f1h_37 f0_608 f1h_395 -0.32 0.32 0.64 0 0 0 76 76
f1h_37 f0_608 f2_24 -0.03 0.03 0.78 0 0 0 76 76
f1h_37 f0_608 f2_980 -0.23 0.23 0.51 0 0 0 76 76
f1h_37 f1h_289 f2_886 0.49 -0.49 0.92 0 0 0 76 76
f1h_37 f1h_395 f2_454 -0.07 0.07 1.07 0 0 0 76 76
f1h_37 f1w_56 f2_25 -0.55 0.55 1.04 0 0 0 76 76
f1h_37 f1w_56 f2_223 -0.41 0.41 0.57 0 0 0 76 76
f1h_37 f1w_56 f2_554 -0.06 0.06 1.15 0 0 0 76 76
f1h_37 f2_24 f2_454 0.15 -0.15 0.33 0 0 0 76 76
f1h_37 f2_24 f2_554 0.02 -0.02 1.34 0 0 0 76 76
f1h_37 f2_223 f2_886 0.2 -0.2 1.05 0 0 0 76 76
f1h_43 f0_10 f0_85 -0.25 0.25 1.92 0 0 0 76 76
f1h_43 f0_10 f1h_289 -0.53 0.53 1.51 0 0 0 76 76
f1h_43 f1h_48 f2_495 0.32 -0.32 -0.35 0 0 1 76 76
f1h_48 f0_66 f0_90 0.07 -0.07 1.53 0 0 0 76 76
f1h_48 f0_72 f1w_330 0.06 -0.06 0.91 0 0 0 76 76
f1h_48 f0_72 f2_925 0.34 -0.34 1.09 0 0 0 76 76
f1h_50 f0_67 f0_131 -0.28 0.28 1.64 0 0 0 76 76
f1h_54 f0_100 f0_161 -0.42 0.42 2.11 0 0 0 76 76
f1h_64 f0_120 f0_122 0.92 -0.92 1.23 0 0 0 76 76
f1h_64 f0_122 f0_128 -0.64 0.64 1.51 0 0 0 76 76
f1h_64 f0_587 f0_781 0.36 -0.36 -0.36 0 0 1 76 76
f1h_69 f0_5 f0_142 0.18 -0.18 2 0 0 0 76 76
f1h_69 f0_5 f2_304 -0.87 0.87 1.3 0 0 0 76 76
f1h_76 f0_53 f0_199 0.95 -0.95 1.77 0 0 0 76 76
f1h_77 f0_90 f0_131 0.59 -0.59 1.59 0 0 0 76 76
f1h_79 f0_52 f0_73 1.14 -1.14 1.47 0 0 0 76 76
f1h_82 f0_61 f0_170 0.62 -0.62 1.11 0 0 0 76 76
f1h_82 f0_127 f0_170 0.8 -0.8 1.13 0 0 0 76 76
f1h_82 f0_170 f0_470 -1.05 1.05 0.9 0 0 0 76 76
f1h_82 f0_170 f1w_330 -0.82 0.82 1.11 0 0 0 76 76
f1h_82 f0_170 f2_127 -0.5 0.5 1.11 0 0 0 76 76
f1h_82 f0_170 f2_246 -1.18 1.18 0.62 0 0 0 76 76
f1h_82 f0_180 f2_127 0.56 -0.56 0.4 0 0 0 76 76
f1h_82 f0_823 f1h_345 0.54 -0.54 0.78 0 0 0 76 76
f1h_82 f1h_345 f2_127 0.15 -0.15 1.15 0 0 0 76 76
f1h_82 f1w_437 f2_246 -0.6 0.6 0.86 0 0 0 76 76
f1h_84 f0_30 f0_159 -0.36 0.36 1.21 0 0 0 76 76
f1h_84 f0_123 f2_149 0.53 -0.53 1.15 0 0 0 76 76
f1h_86 f0_75 f0_175 0.62 -0.62 1.33 0 0 0 76 76
f1h_86 f0_104 f2_20 -1.04 1.04 0.87 0 0 0 76 76
f1h_86 f1h_424 f2_660 0.62 -0.62 1.2 0 0 0 76 76
f1h_90 f0_35 f0_134 0.14 -0.14 1.57 0 0 0 76 76
f1h_90 f0_35 f1w_143 0.09 -0.09 1.25 0 0 0 76 76
f1h_90 f0_35 f2_788 0.7 -0.7 1.22 0 0 0 76 76
f1h_96 f0_115 f0_159 0.04 -0.04 1 0 0 0 76 76
f1h_96 f0_159 f1h_76 -1.38 1.24 -0.09 0 0 1 76 76
f1h_96 f0_159 f2_20 -0.98 0.64 -0.36 0 0 1 76 76
f1h_96 f2_20 f2_304 -0.25 0.25 -0.12 0 0 1 76 76
f1h_97 f0_53 f0_116 0.45 -0.45 1.5 0 0 0 76 76
f1h_97 f0_188 f2_975 -0.23 0.23 0.35 0 0 0 76 76
f1h_97 f0_696 f2_975 0.49 -0.49 0.49 0 0 0 76 76
f1h_98 f0_110 f0_153 -0.53 0.53 1.41 0 0 0 76 76
f1h_103 f0_26 f0_27 -0.45 0.45 1.47 0 0 0 76 76
f1h_104 f0_50 f0_149 0.7 -0.7 1.32 0 0 0 76 76
f1h_104 f0_149 f2_552 -0.65 0.65 0.25 0 0 0 76 76
f1h_104 f0_149 f2_554 -0.55 0.55 1.18 0 0 0 76 76
f1h_104 f0_176 f2_552 -0.25 0.25 0.93 0 0 0 76 76
f1h_106 f0_129 f0_185 -0.49 0.49 1.43 0 0 0 76 76
f1h_107 f0_11 f0_61 0.36 -0.36 1.47 0 0 0 76 76
f1h_107 f0_930 f1h_184 0.15 -0.15 0.49 0 0 0 76 76
f1h_107 f1h_184 f2_950 -0.13 0.13 0.73 0 0 0 76 76
f1h_108 f0_61 f0_76 -0.03 0.03 0.55 0 0 0 76 76
f1h_108 f0_213 f1w_320 -0.39 0.39 0.89 0 0 0 76 76
f1h_108 f0_213 f2_47 -0.14 0.14 1.15 0 0 0 76 76
f1h_108 f1w_320 f2_929 -0.44 0.44 0.48 0 0 0 76 76
f1h_113 f0_81 f0_169 0.03 -0.03 1.7 0 0 0 76 76
f1h_113 f0_169 f2_618 -0.23 0.23 1.43 0 0 0 76 76
f1h_113 f1w_264 f2_618 -0.07 0.07 1.41 0 0 0 76 76
f1h_118 f0_137 f0_161 0.33 -0.33 1.92 0 0 0 76 76
f1h_118 f0_137 f2_889 0.52 -0.52 1.41 0 0 0 76 76
f1h_120 f0_62 f0_65 -0.17 0.17 1.53 0 0 0 76 76
f1h_120 f0_65 f1h_491 0.04 -0.04 1.48 0 0 0 76 76
f1h_120 f0_65 f2_381 -0.58 0.58 0.74 0 0 0 76 76
f1h_120 f1h_434 f2_381 0.01 -0.01 0.54 0 0 0 76 76
f1h_120 f1w_61 f2_381 -0.05 0.05 0.85 0 0 0 76 76
f1h_123 f0_119 f0_187 1.26 -1.26 1.17 0 0 0 76 76
f1h_123 f0_187 f2_53 -0.57 0.57 0.04 0 0 0 76 76
f1h_123 f0_187 f2_461 -1.06 1.06 0.35 0 0 0 76 76
f1h_123 f0_187 f2_643 -0.8 0.8 0.7 0 0 0 76 76
f1h_123 f0_785 f1h_212 -0.16 0.16 1.46 0 0 0 76 76
f1h_123 f1h_212 f1w_313 -0.51 0.51 0.6 0 0 0 76 76
f1h_124 f0_150 f0_194 0.44 -0.44 1.91 0 0 0 76 76
f1h_124 f0_194 f1w_310 -0.58 0.58 1.21 0 0 0 76 76
f1h_127 f0_26 f0_115 -0.42 0.42 2.08 0 0 0 76 76
f1h_128 f0_45 f0_79 0.72 -0.72 1.19 0 0 0 76 76
f1h_128 f0_79 f0_94 -0.8 0.8 1.16 0 0 0 76 76
f1h_130 f0_60 f0_125 -0.93 0.93 1.32 0 0 0 76 76
f1h_130 f0_125 f1h_393 1.03 -1.03 1.17 0 0 0 76 76
f1h_130 f0_170 f1h_3 0.21 -0.21 -0.5 0 0 1 76 76
f1h_137 f0_129 f0_186 -0.22 0.22 1.2 0 0 0 76 76
f1h_137 f0_129 f0_355 -0.61 0.61 0.76 0 0 0 76 76
f1h_137 f0_129 f2_530 -0.4 0.4 0.57 0 0 0 76 76
f1h_138 f0_62 f0_79 -0.47 0.47 1.5 0 0 0 76 76
f1h_138 f0_88 f1h_491 -0.08 0.08 1.44 0 0 0 76 76
f1h_138 f0_138 f2_292 0.32 -0.32 1.39 0 0 0 76 76
f1h_142 f0_83 f0_168 0.57 -0.57 1.56 0 0 0 76 76
f1h_147 f0_76 f0_108 0.3 -0.3 1.39 0 0 0 76 76
f1h_150 f0_116 f0_134 -0.08 0.08 1.43 0 0 0 76 76
f1h_156 f0_148 f0_215 -0.59 0.59 0.95 0 0 0 76 76
f1h_161 f0_154 f0_162 0.09 -0.09 2.1 0 0 0 76 76
f1h_163 f0_12 f0_25 -0.04 0.04 1.84 0 0 0 76 76
f1h_164 f0_68 f0_118 0.36 -0.36 1.21 0 0 0 76 76
f1h_164 f0_118 f1w_268 0.09 -0.09 0.57 0 0 0 76 76
f1h_165 f0_137 f0_165 1.02 -1.02 0.97 0 0 0 76 76
f1h_171 f0_4 f0_173 0.84 -0.84 0.74 0 0 0 76 76
f1h_171 f0_173 f0_960 -0.21 0.21 0.67 0 0 0 76 76
f1h_173 f0_44 f0_76 0.19 -0.19 1.32 0 0 0 76 76
f1h_173 f0_61 f2_744 0.52 -0.52 0.94 0 0 0 76 76
f1h_173 f0_76 f2_744 -0.26 0.26 1.13 0 0 0 76 76
f1h_181 f0_75 f0_153 -0.77 0.77 1.36 0 0 0 76 76
f1h_181 f0_75 f2_734 -0.25 0.25 1.91 0 0 0 76 76
f1h_184 f0_61 f0_185 -0.63 0.63 1.18 0 0 0 76 76
f1h_187 f0_42 f0_153 0.22 -0.22 1.92 0 0 0 76 76
f1h_188 f0_46 f0_117 0.6 -0.6 1.62 0 0 0 76 76
f1h_188 f0_117 f2_892 -0.3 0.3 2.43 0 0 0 76 76
f1h_188 f1h_12 f2_892 1.14 -1.14 1.07 0 0 0 76 76
f1h_192 f0_29 f0_48 0.71 -0.71 1.03 0 0 0 76 76
f1h_192 f0_48 f0_930 0.02 -0.02 0.83 0 0 0 76 76
f1h_192 f0_48 f0_960 -0.02 0.02 0.66 0 0 0 76 76
f1h_192 f0_228 f0_930 0.26 -0.26 0.51 0 0 0 76 76
f1h_192 f0_274 f0_930 0.22 -0.22 0.23 0 0 0 76 76
f1h_192 f0_274 f2_787 0.24 -0.24 0.4 0 0 0 76 76
f1h_192 f0_368 f0_930 0.29 -0.29 0.65 0 0 0 76 76
f1h_192 f0_814 f0_930 -0.27 0.27 0.91 0 0 0 76 76
f1h_192 f0_923 f0_930 0.03 -0.03 0.64 0 0 0 76 76
f1h_192 f0_923 f0_960 -0.22 0.22 0.75 0 0 0 76 76
f1h_192 f0_930 f2_297 -0.22 0.22 0.69 0 0 0 76 76
f1h_192 f0_960 f2_297 -0.2 0.2 0.92 0 0 0 76 76
f1h_193 f0_45 f0_198 0.43 -0.43 1.27 0 0 0 76 76
f1h_193 f0_76 f0_198 0.39 -0.39 0.94 0 0 0 76 76
f1h_193 f0_76 f2_136 -0.94 0.94 0.58 0 0 0 76 76
f1h_193 f0_81 f2_444 -0.29 0.29 1 0 0 0 76 76
f1h_193 f0_198 f0_768 -0.7 0.7 1.07 0 0 0 76 76
f1h_193 f0_198 f1h_108 -0.66 0.66 0.76 0 0 0 76 76
f1h_193 f0_198 f1h_196 -0.86 0.86 0.64 0 0 0 76 76
f1h_193 f0_198 f2_14 -0.96 0.96 0.64 0 0 0 76 76
f1h_193 f0_198 f2_433 -1.23 1.08 0.06 0 0 0 76 76
f1h_193 f0_198 f2_734 -0.84 0.84 0.64 0 0 0 76 76
f1h_193 f1h_108 f1h_465 0.26 -0.26 0.87 0 0 0 76 76
f1h_193 f1h_465 f2_433 -0.69 0.69 0.42 0 0 0 76 76
f1h_193 f1h_472 f1w_218 -0.07 0.07 1.04 0 0 0 76 76
f1h_193 f1h_472 f2_734 -0.27 0.27 1.03 0 0 0 76 76
f1h_193 f2_382 f2_433 -0.43 0.43 0.45 0 0 0 76 76
f1h_196 f0_15 f0_181 0.06 -0.06 1.62 0 0 0 76 76
f1h_198 f0_2 f0_49 -0.35 0.35 1.07 0 0 0 76 76
f1h_198 f0_2 f0_818 0.06 -0.06 1.37 0 0 0 76 76
f1h_198 f0_100 f2_864 1.28 -1.28 0.43 0 0 0 76 76
f1h_198 f1h_54 f2_864 0.81 -0.81 0.91 0 0 0 76 76
f1h_205 f0_10 f0_31 0.42 -0.42 1.76 0 0 0 76 76
f1h_206 f0_24 f0_73 0.9 -0.9 1.31 0 0 0 76 76
f1h_207 f0_3 f0_32 0.5 -0.5 1.36 0 0 0 76 76
f1h_209 f0_55 f0_130 -0.38 0.38 1.61 0 0 0 76 76
f1h_212 f0_90 f0_187 0.01 -0.01 1.6 0 0 0 76 76
f1h_212 f0_187 f1h_14 0.11 -0.11 1.58 0 0 0 76 76
f1h_212 f0_187 f2_831 0.21 -0.21 1.24 0 0 0 76 76
f1h_212 f0_965 f2_655 0.66 -0.66 0.67 0 0 0 76 76
f1h_216 f0_3 f0_75 0.04 -0.04 1.57 0 0 0 76 76
f1h_216 f0_75 f2_200 -0.31 0.31 0.9 0 0 0 76 76
f1h_222 f0_28 f0_122 -1.4 1.4 1.26 0 0 0 76 76
f1h_233 f0_34 f0_181 -0.97 0.97 1.06 0 0 0 76 76
f1h_235 f0_130 f0_153 0.03 -0.03 1.68 0 0 0 76 76
f1h_236 f0_136 f0_187 -0.18 0.18 1.75 0 0 0 76 76
f1h_238 f0_68 f0_98 1.14 -1.14 1.35 0 0 0 76 76
f1h_241 f0_73 f0_189 -0.17 0.17 1.36 0 0 0 76 76
f1h_243 f0_44 f0_61 0.06 -0.06 2.11 0 0 0 76 76
f1h_243 f0_748 f2_384 0.33 -0.33 1.35 0 0 0 76 76
f1h_247 f0_86 f0_89 -0.33 0.33 1.89 0 0 0 76 76
f1h_247 f0_86 f2_615 -0.11 0.11 1.64 0 0 0 76 76
f1h_247 f0_89 f2_615 0.24 -0.24 2.25 0 0 0 76 76
f1h_247 f2_615 f2_644 -0.28 0.28 2.53 0 0 0 76 76
f1h_249 f0_95 f0_194 0.24 -0.24 1.55 0 0 0 76 76
f1h_256 f0_183 f0_192 -0.52 0.52 1.15 0 0 0 76 76
f1h_256 f0_183 f0_791 -0.37 0.37 1.17 0 0 0 76 76
f1h_257 f0_90 f0_128 0.23 -0.23 1.81 0 0 0 76 76
f1h_258 f0_6 f0_53 -0.3 0.3 1.36 0 0 0 76 76
f1h_258 f0_6 f1h_76 0.43 -0.43 0.9 0 0 0 76 76
f1h_258 f0_132 f1h_76 0.22 -0.22 0.54 0 0 0 76 76
f1h_258 f0_132 f2_744 0.44 -0.44 0.68 0 0 0 76 76
f1h_260 f0_117 f0_137 0.89 -0.89 1.44 0 0 0 76 76
f1h_261 f0_92 f0_192 0.06 -0.06 1.51 0 0 0 76 76
f1h_264 f0_11 f0_90 -0.36 0.36 1.68 0 0 0 76 76
f1h_264 f0_11 f0_552 -0.6 0.6 1.11 0 0 0 76 76
f1h_264 f0_11 f1h_184 -0.83 0.83 0.56 0 0 0 76 76
f1h_264 f0_11 f2_643 -0.57 0.57 1.05 0 0 0 76 76
f1h_264 f0_90 f1h_184 -0.47 0.47 0.67 0 0 0 76 76
f1h_264 f0_96 f1h_184 -0.06 0.06 1.07 0 0 0 76 76
f1h_264 f0_213 f1h_184 0.05 -0.05 0.49 0 0 0 76 76
f1h_264 f0_213 f1w_280 0.2 -0.2 0.6 0 0 0 76 76
f1h_264 f0_213 f2_256 0.07 -0.07 0.7 0 0 0 76 76
f1h_264 f0_213 f2_281 0.87 -0.87 0.66 0 0 0 76 76
f1h_264 f0_552 f1h_184 0.05 -0.05 0.67 0 0 0 76 76
f1h_264 f1h_48 f2_557 -0.1 0.1 1.18 0 0 0 76 76
f1h_264 f1h_77 f1w_280 0.17 -0.17 1.06 0 0 0 76 76
f1h_264 f1h_77 f2_557 0.5 -0.5 1.11 0 0 0 76 76
f1h_264 f1h_184 f1h_272 0.03 -0.03 0.55 0 0 0 76 76
f1h_264 f1h_184 f1w_280 -0.2 0.2 0.56 0 0 0 76 76
f1h_264 f1h_184 f2_256 -0.3 0.3 0.43 0 0 0 76 76
f1h_264 f1h_184 f2_541 0.03 -0.03 0.81 0 0 0 76 76
f1h_264 f1h_184 f2_557 0.2 -0.2 0.53 0 0 0 76 76
f1h_264 f1h_184 f2_643 -0.15 0.15 0.66 0 0 0 76 76
f1h_264 f1h_184 f2_910 0.11 -0.11 0.15 0 0 0 76 76
f1h_264 f1h_272 f2_557 0.08 -0.08 1.44 0 0 0 76 76
f1h_264 f1h_289 f2_910 0.41 -0.41 0.63 0 0 0 76 76
f1h_264 f1w_53 f2_910 0.16 -0.16 0.89 0 0 0 76 76
f1h_264 f1w_280 f2_281 0.2 -0.2 0.9 0 0 0 76 76
f1h_264 f2_643 f2_910 0.87 -0.87 0.11 0 0 0 76 76
f1h_265 f0_27 f0_173 1.14 -1.14 1.01 0 0 0 76 76
f1h_265 f0_173 f1w_449 -0.5 0.5 0.95 0 0 0 76 76
f1h_269 f0_104 f0_180 0.49 -0.49 1.43 0 0 0 76 76
f1h_272 f0_61 f0_96 -0.29 0.29 1.39 0 0 0 76 76
f1h_272 f0_61 f2_127 -0.28 0.28 0.95 0 0 0 76 76
f1h_272 f0_96 f1h_184 -0.46 0.46 1.06 0 0 0 76 76
f1h_272 f0_204 f1h_184 0.41 -0.41 0.44 0 0 0 76 76
f1h_272 f0_253 f2_127 0.56 -0.56 0.83 0 0 0 76 76
f1h_272 f1h_184 f1w_30 -0.03 0.03 0.94 0 0 0 76 76
f1h_272 f1h_184 f2_104 -0.08 0.08 0.89 0 0 0 76 76
f1h_272 f1h_184 f2_127 0.04 -0.04 1.03 0 0 0 76 76
f1h_272 f1h_184 f2_306 -0.44 0.44 0.57 0 0 0 76 76
f1h_272 f1h_184 f2_527 0.15 -0.15 1.06 0 0 0 76 76
f1h_272 f1h_289 f2_127 -0.17 0.17 1.14 0 0 0 76 76
f1h_274 f0_11 f0_63 0.74 -0.74 1.31 0 0 0 76 76
f1h_274 f0_63 f2_465 -0.33 0.33 1.02 0 0 0 76 76
f1h_279 f0_90 f0_103 -0.1 0.1 1.81 0 0 0 76 76
f1h_280 f0_89 f0_614 -0.73 0.73 1.06 0 0 0 76 76
f1h_282 f0_148 f0_175 1.14 -1.14 0.72 0 0 0 76 76
f1h_283 f0_7 f0_20 0.91 -0.91 0.8 0 0 0 76 76
f1h_285 f0_71 f0_82 -0.47 0.47 0.71 0 0 0 76 76
f1h_286 f0_22 f0_123 0.4 -0.4 1.43 0 0 0 76 76
f1h_289 f0_24 f0_37 -0.01 0.01 0.3 0 0 0 76 76
f1h_289 f0_24 f0_927 0.13 -0.13 0.85 0 0 0 76 76
f1h_289 f0_24 f1h_184 -0.14 0.14 -0.17 0 0 0 76 76
f1h_289 f0_24 f1w_217 0.87 -0.87 -0.05 0 0 0 76 76
f1h_289 f0_50 f0_127 -0.24 0.24 1.4 0 0 0 76 76
f1h_289 f0_61 f0_781 -0.29 0.29 0.04 0 0 0 76 76
f1h_289 f0_61 f0_850 -0.25 0.25 0.25 0 0 0 76 76
f1h_289 f0_61 f1w_162 0.05 -0.05 0.26 0 0 0 76 76
f1h_289 f0_61 f1w_364 -0.82 0.82 0.86 0 0 0 76 76
f1h_289 f0_85 f2_20 -0.39 0.39 0.61 0 0 0 76 76
f1h_289 f0_120 f1w_162 0.17 -0.17 0.39 0 0 0 76 76
f1h_289 f0_230 f1h_243 -0.32 0.32 0.32 0 0 0 76 76
f1h_289 f0_230 f1w_207 -0.16 0.16 1.03 0 0 0 76 76
f1h_289 f0_748 f0_850 0.29 -0.29 0.8 0 0 0 76 76
f1h_289 f0_781 f1w_162 0.01 -0.01 0.59 0 0 0 76 76
f1h_289 f0_781 f1w_217 0.4 -0.4 0.43 0 0 0 76 76
f1h_289 f0_781 f1w_432 -0.04 0.04 0.66 0 0 0 76 76
f1h_289 f0_850 f1w_162 -0.37 0.37 0.52 0 0 0 76 76
f1h_289 f1h_43 f2_20 -0.33 0.33 0.8 0 0 0 76 76
f1h_289 f1h_43 f2_642 0.16 -0.16 1.07 0 0 0 76 76
f1h_289 f1w_162 f2_20 -0.21 0.21 0.46 0 0 0 76 76
f1h_289 f1w_162 f2_642 0.35 -0.35 0.71 0 0 0 76 76
f1h_291 f0_82 f0_107 0.44 -0.44 1.7 0 0 0 76 76
f1h_295 f0_181 f0_189 0.55 -0.55 1.36 0 0 0 76 76
f1h_297 f0_22 f0_65 0.47 -0.47 1.39 0 0 0 76 76
f1h_299 f0_208 f2_69 -0.31 0.31 1.3 0 0 0 76 76
f1h_299 f2_69 f2_744 0.06 -0.06 1.26 0 0 0 76 76
f1h_305 f0_8 f0_56 0.25 -0.25 1.72 0 0 0 76 76
f1h_305 f0_56 f2_276 0.1 -0.1 0.96 0 0 0 76 76
f1h_305 f0_138 f1w_201 0.11 -0.11 1.1 0 0 0 76 76
f1h_305 f1w_201 f2_276 0.24 -0.24 0.56 0 0 0 76 76
f1h_307 f0_103 f0_156 0.09 -0.09 2.02 0 0 0 76 76
f1h_308 f0_37 f0_160 -0.22 0.22 1.48 0 0 0 76 76
f1h_310 f0_32 f0_90 -0.19 0.19 1.45 0 0 0 76 76
f1h_310 f0_32 f2_338 -0.58 0.58 -0.48 0 0 1 76 76
f1h_310 f0_32 f2_831 -0.84 0.84 1.06 0 0 0 76 76
f1h_313 f0_35 f0_57 0.25 -0.25 1.66 0 0 0 76 76
f1h_315 f0_28 f0_123 -0.17 0.17 1.81 0 0 0 76 76
f1h_317 f0_55 f0_79 -1.08 1.08 1.67 0 0 0 76 76
f1h_320 f0_2 f0_152 -0.82 0.82 1.53 0 0 0 76 76
f1h_328 f0_44 f0_72 0.03 -0.03 1.03 0 0 0 76 76
f1h_328 f0_72 f0_176 -0.68 0.68 0.92 0 0 0 76 76
f1h_328 f0_72 f1w_102 -0.36 0.36 1.02 0 0 0 76 76
f1h_328 f0_72 f2_870 -0.77 0.77 0.51 0 0 0 76 76
f1h_328 f0_781 f1w_102 0.71 -0.71 0.91 0 0 0 76 76
f1h_329 f0_3 f0_151 -0.03 0.03 2.08 0 0 0 76 76
f1h_333 f0_120 f0_124 0.73 -0.73 1.36 0 0 0 76 76
f1h_335 f0_45 f0_124 0.4 -0.4 1.5 0 0 0 76 76
f1h_335 f0_45 f2_889 0.05 -0.05 1.12 0 0 0 76 76
f1h_335 f0_124 f1h_193 -0.88 0.88 1.09 0 0 0 76 76
f1h_339 f0_66 f0_68 0.08 -0.08 1.04 0 0 0 76 76
f1h_339 f0_66 f0_192 -0.49 0.49 1.17 0 0 0 76 76
