id parent1 parent2 LLRparent1 LLRparent2 LLRpair OHparent1 OHparent2 MEpair SNPd.id.parent1 SNPd.id.parent2
f1h_1 f0_32 f0_145 0.71 -0.71 7.93 0 0 0 398 398
f1h_2 f0_88 f0_192 -1.35 1.35 7.39 0 0 0 398 398
f1h_3 f0_131 f0_156 -1.34 1.34 7.73 0 0 0 398 398
f1h_4 f0_10 f0_148 0.44 -0.44 8.91 0 0 0 398 398
f1h_5 f0_23 f0_110 -1.97 1.97 5.46 0 0 0 398 398
f1h_6 f0_72 f0_90 1.14 -1.14 9.5 0 0 0 398 398
f1h_7 f0_50 f0_167 -2.24 2.24 6.35 0 0 0 398 398
f1h_8 f0_117 f0_161 -0.72 0.72 8.06 0 0 0 398 398
f1h_9 f0_142 f0_151 -0.55 0.55 8.4 0 0 0 398 398
f1h_10 f0_40 f0_115 -1.91 1.91 7.16 0 0 0 398 398
f1h_11 f0_143 f0_183 1.55 -1.55 8.7 0 0 0 398 398
f1h_15 f0_57 f0_75 0.23 -0.23 8.36 0 0 0 398 398
f1h_17 f0_41 f0_93 1.23 -1.23 6.73 0 0 0 398 398
f1h_18 f0_111 f0_182 -0.19 0.19 9.78 0 0 0 398 398
f1h_21 f0_43 f0_199 -0.35 0.35 7.9 0 0 0 398 398
f1h_24 f0_28 f0_43 0.82 -0.82 8.71 0 0 0 398 398
f1h_25 f0_25 f0_92 3 -3 9.61 0 0 0 398 398
f1h_26 f0_31 f0_56 -1.74 1.74 7.06 0 0 0 398 398
f1h_27 f0_86 f0_148 -0.8 0.8 9.02 0 0 0 398 398
f1h_28 f0_88 f0_154 -0.65 0.65 7.58 0 0 0 398 398
f1h_31 f0_148 f0_193 0.32 -0.32 8.62 0 0 0 398 398
f1h_33 f0_144 f0_166 -1.94 1.94 7.34 0 0 0 398 398
f1h_34 f0_87 f0_167 0.04 -0.04 9.04 0 0 0 398 398
f1h_35 f0_62 f0_77 3.15 -3.15 7.35 0 0 0 398 398
f1h_40 f0_63 f0_77 0.54 -0.54 9.18 0 0 0 398 398
f1h_41 f0_38 f0_128 0.94 -0.94 7.85 0 0 0 398 398
f1h_45 f0_107 f0_195 -2.48 2.48 7.36 0 0 0 398 398
f1h_46 f0_60 f0_163 1.78 -1.78 7.16 0 0 0 398 398
f1h_47 f0_96 f0_200 0.25 -0.25 8.22 0 0 0 398 398
f1h_49 f0_7 f0_88 -1.24 1.24 8.77 0 0 0 398 398
f1h_52 f0_12 f0_118 0.11 -0.11 8.35 0 0 0 398 398
f1h_54 f0_67 f0_68 1.29 -1.29 6.6 0 0 0 398 398
f1h_55 f0_18 f0_66 -0.13 0.13 8.71 0 0 0 398 398
f1h_56 f0_54 f0_164 -0.61 0.61 8.05 0 0 0 398 398
f1h_57 f0_109 f0_158 0.64 -0.64 7.66 0 0 0 398 398
f1h_59 f0_73 f0_78 0.13 -0.13 8.24 0 0 0 398 398
f1h_61 f0_122 f0_131 -1.05 1.05 8.46 0 0 0 398 398
f1h_62 f0_126 f0_150 0.83 -0.83 6.42 0 0 0 398 398
f1h_64 f0_2 f0_34 -3.05 3.05 6.91 0 0 0 398 398
f1h_65 f0_5 f0_21 1.83 -1.83 8.1 0 0 0 398 398
f1h_66 f0_68 f0_97 0.34 -0.34 8.65 0 0 0 398 398
f1h_67 f0_100 f0_136 1.89 -1.89 8.01 0 0 0 398 398
f1h_68 f0_97 f0_145 -1.98 1.98 7.56 0 0 0 398 398
f1h_69 f0_12 f0_66 0 0 9.46 0 0 0 398 398
f1h_70 f0_115 f0_119 -0.56 0.56 9.15 0 0 0 398 398
f1h_71 f0_139 f0_181 -0.26 0.26 9.38 0 0 0 398 398
f1h_72 f0_85 f0_106 0.96 -0.96 7.64 0 0 0 398 398
f1h_73 f0_67 f0_108 -1.73 1.73 7.46 0 0 0 398 398
f1h_74 f0_18 f0_155 -2.27 2.27 7.49 0 0 0 398 398
f1h_75 f0_45 f0_161 0.51 -0.51 7.99 0 0 0 398 398
f1h_77 f0_23 f0_109 -1.56 1.56 7.79 0 0 0 398 398
f1h_78 f0_93 f0_126 0.66 -0.66 8.51 0 0 0 398 398
f1h_81 f0_163 f0_189 1.23 -1.23 7.31 0 0 0 398 398
f1h_83 f0_5 f0_91 1.32 -1.32 7.8 0 0 0 398 398
f1h_87 f0_56 f0_116 1.55 -1.55 6.94 0 0 0 398 398
f1h_88 f0_41 f0_52 0.4 -0.4 7.75 0 0 0 398 398
f1h_90 f0_105 f0_118 -1.79 1.79 7.48 0 0 0 398 398
f1h_91 f0_166 f0_178 0.72 -0.72 8.93 0 0 0 398 398
f1h_92 f0_136 f0_149 0.98 -0.98 8.34 0 0 0 398 398
f1h_95 f0_75 f0_183 1.55 -1.55 7.99 0 0 0 398 398
f1h_99 f0_138 f0_172 -1.53 1.53 7.42 0 0 0 398 398
f1h_100 f0_128 f0_165 0.15 -0.15 8.73 0 0 0 398 398
f1h_102 f0_8 f0_165 2.55 -2.55 7.27 0 0 0 398 398
f1h_103 f0_100 f0_176 -0.07 0.07 8.62 0 0 0 398 398
f1h_104 f0_54 f0_62 -0.54 0.54 8.19 0 0 0 398 398
f1h_105 f0_179 f0_200 -1.37 1.37 8.37 0 0 0 398 398
f1h_106 f0_53 f0_182 -0.27 0.27 9.18 0 0 0 398 398
f1h_107 f0_21 f0_50 -1.55 1.55 6.17 0 0 0 398 398
f1h_108 f0_14 f0_179 -2.34 2.34 6.77 0 0 0 398 398
f1h_109 f0_36 f0_150 -0.6 0.6 8.55 0 0 0 398 398
f1h_110 f0_23 f0_42 2.4 -2.4 7.24 0 0 0 398 398
f1h_115 f0_3 f0_103 2.36 -2.36 7.99 0 0 0 398 398
f1h_116 f0_3 f0_33 -1.04 1.04 8.12 0 0 0 398 398
f1h_119 f0_1 f0_33 -2.87 2.87 7.2 0 0 0 398 398
f1h_121 f0_142 f0_173 2.65 -2.65 7.96 0 0 0 398 398
f1h_122 f0_3 f0_80 0.64 -0.64 7.76 0 0 0 398 398
f1h_124 f0_14 f0_71 0.54 -0.54 8.44 0 0 0 398 398
f1h_129 f0_15 f0_153 -1.49 1.49 7.47 0 0 0 398 398
f1h_130 f0_6 f0_82 0.32 -0.32 7.64 0 0 0 398 398
f1h_131 f0_95 f0_116 -2.05 2.05 7.53 0 0 0 398 398
f1h_132 f0_68 f0_92 1.31 -1.31 8.25 0 0 0 398 398
f1h_135 f0_69 f0_178 1.16 -1.16 6.67 0 0 0 398 398
f1h_137 f0_48 f0_63 1.93 -1.93 7.8 0 0 0 398 398
f1h_138 f0_125 f0_131 -0.03 0.03 7.09 0 0 0 398 398
f1h_140 f0_74 f0_85 0.77 -0.77 8.23 0 0 0 398 398
f1h_141 f0_84 f0_88 1.96 -1.96 6.76 0 0 0 398 398
f1h_142 f0_111 f0_198 1.1 -1.1 9.1 0 0 0 398 398
f1h_143 f0_106 f0_120 0.03 -0.03 8.32 0 0 0 398 398
f1h_148 f0_78 f0_104 -0.22 0.22 7.88 0 0 0 398 398
f1h_150 f0_81 f0_114 -0.81 0.81 6.32 0 0 0 398 398
f1h_151 f0_42 f0_53 -1.9 1.9 7.56 0 0 0 398 398
f1h_154 f0_2 f0_139 -0.47 0.47 8.97 0 0 0 398 398
f1h_155 f0_2 f0_30 0.15 -0.15 7.71 0 0 0 398 398
f1h_158 f0_138 f0_139 -1.27 1.27 7.87 0 0 0 398 398
f1h_159 f0_101 f0_150 1.06 -1.06 7.75 0 0 0 398 398
f1h_161 f0_19 f0_109 -0.56 0.56 8.98 0 0 0 398 398
f1h_163 f0_61 f0_97 1.72 -1.72 8.07 0 0 0 398 398
f1h_164 f0_65 f0_175 0.42 -0.42 7.64 0 0 0 398 398
f1h_165 f0_104 f0_175 -2.03 2.03 7.76 0 0 0 398 398
f1h_169 f0_83 f0_144 -2.21 2.21 6.5 0 0 0 398 398
f1h_170 f0_9 f0_111 -1.33 1.33 6.96 0 0 0 398 398
f1h_175 f0_54 f0_58 0.7 -0.7 8.41 0 0 0 398 398
f1h_176 f0_25 f0_65 -1.18 1.18 8.7 0 0 0 398 398
f1h_177 f0_39 f0_138 1.59 -1.59 7.09 0 0 0 398 398
f1h_178 f0_25 f0_56 -2.9 2.9 6.97 0 0 0 398 398
f1h_179 f0_61 f0_103 -0.37 0.37 7.97 0 0 0 398 398
f1h_181 f0_59 f0_128 0.58 -0.58 8.93 0 0 0 398 398
f1h_184 f0_123 f0_188 0.46 -0.46 8.89 0 0 0 398 398
f1h_185 f0_69 f0_134 3.21 -3.21 6.5 0 0 0 398 398
f1h_186 f0_7 f0_40 -1.04 1.04 10.62 0 0 0 398 398
f1h_187 f0_96 f0_185 1.33 -1.33 7.84 0 0 0 398 398
f1h_190 f0_31 f0_83 1.44 -1.44 7.71 0 0 0 398 398
f1h_191 f0_64 f0_196 0.33 -0.33 8.99 0 0 0 398 398
f1h_192 f0_17 f0_68 -0.9 0.9 9.12 0 0 0 398 398
f1h_194 f0_32 f0_65 -0.45 0.45 7.89 0 0 0 398 398
f1h_199 f0_8 f0_129 1.68 -1.68 6.85 0 0 0 398 398
f1h_200 f0_34 f0_70 2.77 -2.77 5.99 0 0 0 398 398
f1h_202 f0_6 f0_166 1.36 -1.36 8.36 0 0 0 398 398
f1h_203 f0_29 f0_70 1.19 -1.19 7.9 0 0 0 398 398
f1h_205 f0_4 f0_146 -0.68 0.68 8.8 0 0 0 398 398
f1h_206 f0_67 f0_84 -0.03 0.03 8.93 0 0 0 398 398
f1h_207 f0_78 f0_100 -0.23 0.23 8.56 0 0 0 398 398
f1h_208 f0_151 f0_177 0.01 -0.01 9.25 0 0 0 398 398
f1h_209 f0_19 f0_35 0.22 -0.22 7.89 0 0 0 398 398
f1h_210 f0_106 f0_156 2.1 -2.1 7.93 0 0 0 398 398
f1h_212 f0_42 f0_50 -1.7 1.7 6.45 0 0 0 398 398
f1h_213 f0_176 f0_193 3.08 -3.08 7.08 0 0 0 398 398
f1h_217 f0_84 f0_197 0.48 -0.48 8.57 0 0 0 398 398
f1h_218 f0_42 f0_178 0.95 -0.95 8.97 0 0 0 398 398
f1h_219 f0_23 f0_112 -1.38 1.38 8.94 0 0 0 398 398
f1h_220 f0_4 f0_200 -0.49 0.49 7.82 0 0 0 398 398
f1h_222 f0_64 f0_126 -0.44 0.44 9.26 0 0 0 398 398
f1h_223 f0_11 f0_43 -1.25 1.25 8.85 0 0 0 398 398
f1h_228 f0_132 f0_191 0.27 -0.27 8.28 0 0 0 398 398
f1h_229 f0_7 f0_105 -2.67 2.67 7.3 0 0 0 398 398
f1h_231 f0_116 f0_122 -0.65 0.65 7.68 0 0 0 398 398
f1h_233 f0_119 f0_191 1.25 -1.25 8.82 0 0 0 398 398
f1h_234 f0_9 f0_136 -0.86 0.86 7.39 0 0 0 398 398
f1h_234 f2_714 f2_877 0.92 -0.92 0.71 0 0 3 398 398
f1h_235 f0_11 f0_168 1.61 -1.61 7.3 0 0 0 398 398
f1h_237 f0_116 f0_154 -0.33 0.33 7.65 0 0 0 398 398
f1h_238 f0_181 f0_183 2.71 -2.71 7.88 0 0 0 398 398
f1h_240 f0_3 f0_144 0.21 -0.21 8.46 0 0 0 398 398
f1h_241 f0_105 f0_191 0.28 -0.28 7.91 0 0 0 398 398
f1h_242 f0_16 f0_33 2.19 -2.19 6.92 0 0 0 398 398
f1h_243 f0_67 f0_73 0.25 -0.25 8.58 0 0 0 398 398
f1h_245 f0_106 f0_181 -0.57 0.57 8.14 0 0 0 398 398
f1h_246 f0_58 f0_168 -2.29 2.29 6.07 0 0 0 398 398
f1h_247 f0_25 f0_162 0.19 -0.19 9.19 0 0 0 398 398
f1h_248 f0_75 f0_112 -0.78 0.78 7.88 0 0 0 398 398
f1h_249 f0_73 f0_144 -3.16 3.16 5.95 0 0 0 398 398
f1h_252 f0_73 f0_172 -3.27 3.27 7.26 0 0 0 398 398
f1h_253 f0_76 f0_133 -0.38 0.38 9.52 0 0 0 398 398
f1h_254 f0_41 f0_149 0.5 -0.5 8.2 0 0 0 398 398
f1h_256 f0_21 f0_195 0.55 -0.55 8.39 0 0 0 398 398
f1h_259 f0_78 f0_115 0.56 -0.56 9.51 0 0 0 398 398
f1h_261 f0_14 f0_171 3.01 -3.01 6.84 0 0 0 398 398
f1h_264 f0_122 f0_164 0.41 -0.41 8.51 0 0 0 398 398
f1h_265 f0_128 f0_134 1.67 -1.67 8.51 0 0 0 398 398
f1h_266 f0_90 f0_115 -1.34 1.34 7.65 0 0 0 398 398
f1h_267 f0_91 f0_125 1.64 -1.64 7.08 0 0 0 398 398
f1h_269 f0_40 f0_87 -0.26 0.26 9.78 0 0 0 398 398
f1h_270 f0_25 f0_41 -2.75 2.75 6.84 0 0 0 398 398
f1h_271 f0_31 f0_140 -0.4 0.4 7.09 0 0 0 398 398
f1h_272 f0_144 f0_164 -0.44 0.44 7.41 0 0 0 398 398
f1h_273 f0_16 f0_180 1.06 -1.06 7.61 0 0 0 398 398
f1h_276 f0_1 f0_139 -1.17 1.17 7.25 0 0 0 398 398
f1h_278 f0_155 f0_190 -2.14 2.14 6.82 0 0 0 398 398
f1h_279 f0_96 f0_100 1.26 -1.26 7.35 0 0 0 398 398
f1h_280 f0_3 f0_175 1.22 -1.22 8.65 0 0 0 398 398
f1h_282 f0_108 f0_114 1.04 -1.04 7.51 0 0 0 398 398
f1h_286 f0_112 f0_155 0.69 -0.69 7.94 0 0 0 398 398
f1h_287 f0_18 f0_99 -0.53 0.53 8.05 0 0 0 398 398
f1h_288 f0_135 f0_158 -1.45 1.45 7.36 0 0 0 398 398
f1h_291 f0_64 f0_193 -0.99 0.99 8.43 0 0 0 398 398
f1h_294 f0_90 f0_151 1.62 -1.62 8.62 0 0 0 398 398
f1h_296 f0_55 f0_177 -2.43 2.43 7.66 0 0 0 398 398
f1h_297 f0_96 f0_162 1.22 -1.22 7.19 0 0 0 398 398
f1h_300 f0_99 f0_173 2.54 -2.54 7.44 0 0 0 398 398
f1h_302 f0_139 f0_198 3.31 -3.31 7.23 0 0 0 398 398
f1h_304 f0_32 f0_102 1.71 -1.71 6.42 0 0 0 398 398
f1h_305 f0_94 f0_154 1.16 -1.16 8.54 0 0 0 398 398
f1h_306 f0_20 f0_81 0.66 -0.66 8.02 0 0 0 398 398
f1h_310 f0_76 f0_168 -0.4 0.4 5.93 0 0 0 398 398
f1h_311 f0_183 f0_185 0.02 -0.02 9.94 0 0 0 398 398
f1h_312 f0_60 f0_196 2.94 -2.94 7.21 0 0 0 398 398
f1h_314 f0_67 f0_188 2.43 -2.43 6.93 0 0 0 398 398
f1h_317 f0_80 f0_184 -0.48 0.48 7.84 0 0 0 398 398
f1h_321 f0_96 f0_181 3.44 -3.44 6.52 0 0 0 398 398
f1h_322 f0_44 f0_140 0.11 -0.11 8.68 0 0 0 398 398
f1h_324 f0_66 f0_131 0.1 -0.1 7.13 0 0 0 398 398
f1h_325 f0_98 f0_140 0.72 -0.72 7.7 0 0 0 398 398
f1h_326 f0_73 f0_145 -3.62 3.62 6.37 0 0 0 398 398
f1h_327 f0_138 f0_178 -1.61 1.61 8.1 0 0 0 398 398
f1h_328 f0_1 f0_177 -0.51 0.51 9.91 0 0 0 398 398
f1h_333 f0_132 f0_197 2.7 -2.7 7.16 0 0 0 398 398
f1h_334 f0_16 f0_156 1.49 -1.49 8.58 0 0 0 398 398
f1h_337 f0_107 f0_125 0.49 -0.49 6.97 0 0 0 398 398
f1h_338 f0_92 f0_178 -1.3 1.3 6.83 0 0 0 398 398
f1h_339 f0_17 f0_155 -2.02 2.02 7.46 0 0 0 398 398
f1h_340 f0_180 f0_195 -0.92 0.92 6.68 0 0 0 398 398
f1h_341 f0_155 f0_185 -1.66 1.66 7.55 0 0 0 398 398
f1h_342 f0_169 f0_172 -1.87 1.87 8.01 0 0 0 398 398
f1h_344 f0_157 f0_191 -0.82 0.82 9.06 0 0 0 398 398
f1h_348 f0_25 f0_31 0.33 -0.33 8.9 0 0 0 398 398
f1h_349 f0_3 f0_36 2.29 -2.29 8.27 0 0 0 398 398
f1h_350 f0_132 f0_147 2.07 -2.07 7.7 0 0 0 398 398
f1h_351 f0_59 f0_197 0.18 -0.18 8.29 0 0 0 398 398
f1h_353 f0_14 f0_81 -0.59 0.59 7.13 0 0 0 398 398
f1h_354 f0_47 f0_160 1.35 -1.35 6.89 0 0 0 398 398
f1h_357 f0_17 f0_159 1.54 -1.54 7.84 0 0 0 398 398
f1h_359 f0_109 f0_190 0.64 -0.64 9.3 0 0 0 398 398
f1h_360 f0_50 f0_170 0.67 -0.67 7.52 0 0 0 398 398
f1h_362 f0_3 f0_185 -0.15 0.15 8.96 0 0 0 398 398
f1h_364 f0_62 f0_107 0.81 -0.81 8.86 0 0 0 398 398
f1h_367 f0_108 f0_135 -1.58 1.58 7.7 0 0 0 398 398
f1h_368 f0_30 f0_152 -1.81 1.81 6.85 0 0 0 398 398
f1h_369 f0_165 f0_200 0.74 -0.74 8.61 0 0 0 398 398
f1h_370 f0_28 f0_185 -2.93 2.93 5.83 0 0 0 398 398
f1h_370 f0_28 f2_527 0.38 -0.38 0.23 0 0 3 398 398
f1h_372 f0_93 f0_131 -0.75 0.75 9.14 0 0 0 398 398
f1h_373 f0_142 f0_170 -2.27 2.27 8.58 0 0 0 398 398
f1h_374 f0_83 f0_141 -3.01 3.01 7.36 0 0 0 398 398
f1h_377 f0_128 f0_154 0.08 -0.08 8.64 0 0 0 398 398
f1h_378 f0_125 f0_164 -0.44 0.44 7.99 0 0 0 398 398
f1h_379 f0_29 f0_94 0.84 -0.84 8.28 0 0 0 398 398
f1h_380 f0_59 f0_107 -0.6 0.6 7.6 0 0 0 398 398
f1h_381 f0_14 f0_51 -1.63 1.63 7.47 0 0 0 398 398
f1h_382 f0_92 f0_166 -2.65 2.65 6.91 0 0 0 398 398
f1h_385 f0_22 f0_195 -0.52 0.52 8.71 0 0 0 398 398
f1h_386 f0_32 f0_53 -1.32 1.32 6.71 0 0 0 398 398
f1h_387 f0_51 f0_140 2.27 -2.27 5.98 0 0 0 398 398
f1h_390 f0_50 f0_167 2.71 -2.71 6.23 0 0 0 398 398
f1h_393 f0_15 f0_79 -0.31 0.31 9.73 0 0 0 398 398
f1h_394 f0_40 f0_200 0.99 -0.99 8.22 0 0 0 398 398
f1h_395 f0_93 f0_145 -2.29 2.29 7.33 0 0 0 398 398
f1h_396 f0_89 f0_149 -0.35 0.35 8.32 0 0 0 398 398
f1h_397 f0_162 f0_172 -3.33 3.33 8.03 0 0 0 398 398
f1h_398 f0_49 f0_148 -0.33 0.33 9.16 0 0 0 398 398
f1h_399 f0_94 f0_131 1.4 -1.4 6.03 0 0 0 398 398
f1h_400 f0_11 f0_96 -1.88 1.88 7.76 0 0 0 398 398
f1h_401 f0_29 f0_55 -1.25 1.25 9.43 0 0 0 398 398
f1h_402 f0_186 f0_196 0.08 -0.08 7.55 0 0 0 398 398
f1h_404 f0_10 f0_110 -0.88 0.88 6.14 0 0 0 398 398
f1h_405 f0_21 f0_24 -0.79 0.79 9.91 0 0 0 398 398
f1h_406 f0_107 f0_134 -2.42 2.42 6.85 0 0 0 398 398
f1h_410 f0_131 f0_183 3.95 -3.95 3.77 0 0 0 398 398
f1h_411 f0_103 f0_179 0.94 -0.94 9 0 0 0 398 398
f1h_412 f0_131 f0_139 -1.41 1.41 7.07 0 0 0 398 398
f1h_413 f0_36 f0_104 0.63 -0.63 7.85 0 0 0 398 398
f1h_414 f0_73 f0_90 -0.17 0.17 9.02 0 0 0 398 398
f1h_415 f0_2 f0_59 1.53 -1.53 7.5 0 0 0 398 398
f1h_416 f0_105 f0_190 -0.18 0.18 8.15 0 0 0 398 398
f1h_417 f0_124 f0_180 -0.38 0.38 8.86 0 0 0 398 398
f1h_418 f0_14 f0_194 -1.47 1.47 6.52 0 0 0 398 398
f1h_421 f0_53 f0_80 0.52 -0.52 8.4 0 0 0 398 398
f1h_422 f0_133 f0_167 -0.41 0.41 8.2 0 0 0 398 398
f1h_425 f0_72 f0_128 0.21 -0.21 8.82 0 0 0 398 398
f1h_426 f0_106 f0_127 0.51 -0.51 7.41 0 0 0 398 398
f1h_427 f0_138 f0_165 1.75 -1.75 8.73 0 0 0 398 398
f1h_428 f0_165 f0_178 -2.29 2.29 7.74 0 0 0 398 398
f1h_429 f0_14 f0_16 2.91 -2.91 5.78 0 0 0 398 398
f1h_431 f0_102 f0_107 -1.31 1.31 8.55 0 0 0 398 398
f1h_433 f0_178 f0_188 1.41 -1.41 8.09 0 0 0 398 398
f1h_434 f0_60 f0_117 0.77 -0.77 8.29 0 0 0 398 398
f1h_435 f0_52 f0_160 1.47 -1.47 9.4 0 0 0 398 398
f1h_436 f0_25 f0_194 3.25 -3.25 6.74 0 0 0 398 398
f1h_439 f0_17 f0_119 -0.27 0.27 9.52 0 0 0 398 398
f1h_442 f0_155 f0_173 -0.52 0.52 6.9 0 0 0 398 398
f1h_443 f0_153 f0_185 5.21 -5.21 7.04 0 0 0 398 398
f1h_444 f0_48 f0_73 1.92 -1.92 6.38 0 0 0 398 398
f1h_445 f0_104 f0_106 -3.8 3.8 6.39 0 0 0 398 398
f1h_446 f0_59 f0_149 0.73 -0.73 7.93 0 0 0 398 398
f1h_447 f0_131 f0_160 1.69 -1.69 7.8 0 0 0 398 398
f1h_448 f0_7 f0_47 -2.17 2.17 7.52 0 0 0 398 398
f1h_451 f0_51 f0_89 1.35 -1.35 6.9 0 0 0 398 398
f1h_452 f0_91 f0_191 1.11 -1.11 8.37 0 0 0 398 398
f1h_453 f0_58 f0_141 -1.98 1.98 8.08 0 0 0 398 398
f1h_455 f0_73 f0_104 -4.12 4.12 7.15 0 0 0 398 398
f1h_459 f0_105 f0_182 0.54 -0.54 8.76 0 0 0 398 398
f1h_460 f0_92 f0_156 0.52 -0.52 8.16 0 0 0 398 398
f1h_461 f0_87 f0_176 0.3 -0.3 7.52 0 0 0 398 398
f1h_463 f0_118 f0_124 -1.93 1.93 8.63 0 0 0 398 398
f1h_466 f0_104 f0_155 -0.11 0.11 9.22 0 0 0 398 398
f1h_467 f0_94 f0_189 0.16 -0.16 8.26 0 0 0 398 398
f1h_468 f0_11 f0_54 0.56 -0.56 7.97 0 0 0 398 398
f1h_471 f0_34 f0_126 -0.37 0.37 7.45 0 0 0 398 398
f1h_472 f0_11 f0_70 -1.07 1.07 7.39 0 0 0 398 398
f1h_473 f0_54 f0_102 1.47 -1.47 8.24 0 0 0 398 398
f1h_474 f0_13 f0_24 3.51 -3.51 7.68 0 0 0 398 398
f1h_475 f0_58 f0_97 0.86 -0.86 7.79 0 0 0 398 398
f1h_476 f0_48 f0_87 0.55 -0.55 8.12 0 0 0 398 398
f1h_477 f0_127 f0_171 1.65 -1.65 6.91 0 0 0 398 398
f1h_478 f0_55 f0_75 -1.1 1.1 7.25 0 0 0 398 398
f1h_480 f0_3 f0_13 -0.57 0.57 8.7 0 0 0 398 398
f1h_482 f0_10 f0_171 -0.43 0.43 7.18 0 0 0 398 398
f1h_483 f0_83 f0_170 -3.89 3.89 6.6 0 0 0 398 398
f1h_484 f0_52 f0_119 2.01 -2.01 8.08 0 0 0 398 398
f1h_485 f0_2 f0_118 -2.15 2.15 6.11 0 0 0 398 398
f1h_487 f0_21 f0_79 1.01 -1.01 8.14 0 0 0 398 398
f1h_489 f0_116 f0_177 -2.04 2.04 6.72 0 0 0 398 398
f1h_490 f0_15 f0_161 -0.79 0.79 6.63 0 0 0 398 398
f1h_491 f0_52 f0_74 0.12 -0.12 9.07 0 0 0 398 398
f1h_497 f0_150 f0_179 -1.65 1.65 8.54 0 0 0 398 398
f1h_498 f0_60 f0_73 2.19 -2.19 7.48 0 0 0 398 398
f1h_499 f0_69 f0_107 1.08 -1.08 7.16 0 0 0 398 398
f1w_2 f0_958 f0_988 0.53 -0.53 8.74 0 0 0 398 398
f1w_5 f0_753 f0_832 1.28 -1.28 6.46 0 0 0 398 398
f1w_10 f0_490 f0_540 -0.7 0.7 8.7 0 0 0 398 398
f1w_11 f0_947 f0_967 -2.55 2.55 6.63 0 0 0 398 398
f1w_12 f0_252 f0_860 1.96 -1.96 7.18 0 0 0 398 398
f1w_14 f0_752 f0_832 1.18 -1.18 7.16 0 0 0 398 398
f1w_25 f0_641 f0_688 -1.79 1.79 6.75 0 0 0 398 398
f1w_35 f0_381 f0_491 0.04 -0.04 7.97 0 0 0 398 398
f1w_36 f0_474 f0_999 -2.89 2.89 7.05 0 0 0 398 398
f1w_37 f0_819 f0_999 -2.91 2.91 7.22 0 0 0 398 398
f1w_41 f0_386 f0_523 1.65 -1.65 9.85 0 0 0 398 398
f1w_53 f0_267 f0_295 -0.49 0.49 7.83 0 0 0 398 398
f1w_58 f0_645 f0_875 -1.43 1.43 8.23 0 0 0 398 398
f1w_60 f0_448 f0_710 0.79 -0.79 7.77 0 0 0 398 398
f1w_65 f0_842 f0_865 1.17 -1.17 6.51 0 0 0 398 398
f1w_70 f0_412 f0_1000 -1.92 1.92 8.9 0 0 0 398 398
f1w_72 f0_602 f0_603 0.42 -0.42 8.03 0 0 0 398 398
f1w_75 f0_516 f0_573 -1.56 1.56 9.73 0 0 0 398 398
f1w_80 f0_246 f0_651 -2.02 2.02 6.46 0 0 0 398 398
f1w_85 f0_523 f0_768 -1.15 1.15 8.7 0 0 0 398 398
f1w_89 f0_361 f0_671 3.93 -3.93 6.04 0 0 0 398 398
f1w_93 f0_269 f0_586 -0.69 0.69 8.85 0 0 0 398 398
f1w_93 f2_39 f2_981 -0.2 0.2 0.31 0 0 4 398 398
f1w_94 f0_582 f0_927 -1.65 1.65 7.98 0 0 0 398 398
f1w_100 f0_448 f0_696 1.99 -1.99 8.06 0 0 0 398 398
f1w_105 f0_445 f0_486 0.26 -0.26 8.18 0 0 0 398 398
f1w_106 f0_430 f0_632 -0.53 0.53 8.4 0 0 0 398 398
f1w_112 f0_766 f0_783 -0.02 0.02 8.72 0 0 0 398 398
f1w_113 f0_755 f0_809 0.84 -0.84 8.11 0 0 0 398 398
f1w_114 f0_599 f0_609 0.55 -0.55 9.19 0 0 0 398 398
f1w_117 f0_223 f0_391 1.05 -1.05 9.01 0 0 0 398 398
f1w_120 f0_874 f0_989 0.83 -0.83 8.75 0 0 0 398 398
f1w_131 f0_376 f0_655 -0.45 0.45 10.07 0 0 0 398 398
f1w_133 f0_219 f0_733 2.84 -2.84 6.79 0 0 0 398 398
f1w_138 f0_490 f0_754 -0.5 0.5 9.13 0 0 0 398 398
f1w_141 f0_668 f0_787 0.67 -0.67 7.93 0 0 0 398 398
f1w_144 f0_502 f0_542 -1.72 1.72 8.32 0 0 0 398 398
f1w_145 f0_360 f0_922 1.07 -1.07 7.46 0 0 0 398 398
f1w_148 f0_482 f0_886 1.62 -1.62 7.97 0 0 0 398 398
f1w_154 f0_736 f0_947 -0.75 0.75 8.52 0 0 0 398 398
f1w_159 f0_357 f0_880 1.27 -1.27 8.77 0 0 0 398 398
f1w_161 f0_574 f0_867 0.82 -0.82 7.11 0 0 0 398 398
f1w_172 f0_236 f0_747 0.38 -0.38 7.99 0 0 0 398 398
f1w_179 f0_214 f0_253 0.6 -0.6 6.38 0 0 0 398 398
f1w_180 f0_591 f0_885 0.95 -0.95 7.29 0 0 0 398 398
f1w_184 f0_453 f0_769 2.4 -2.4 7.19 0 0 0 398 398
f1w_185 f0_226 f0_705 0.1 -0.1 9.49 0 0 0 398 398
f1w_190 f0_462 f0_848 1.18 -1.18 8.17 0 0 0 398 398
f1w_192 f0_249 f0_574 0.23 -0.23 8.68 0 0 0 398 398
f1w_195 f0_453 f0_744 -0.13 0.13 8.65 0 0 0 398 398
f1w_205 f0_450 f0_502 0.13 -0.13 9.87 0 0 0 398 398
f1w_230 f0_301 f0_444 -0.81 0.81 7.51 0 0 0 398 398
f1w_235 f0_840 f0_1000 -0.71 0.71 8.68 0 0 0 398 398
f1w_236 f0_412 f0_651 3 -3 7.06 0 0 0 398 398
f1w_253 f0_636 f0_895 1.63 -1.63 8.56 0 0 0 398 398
f1w_264 f0_445 f0_605 0.33 -0.33 7.97 0 0 0 398 398
f1w_265 f0_775 f0_926 -1.58 1.58 8.17 0 0 0 398 398
f1w_266 f0_970 f0_984 0.15 -0.15 9.18 0 0 0 398 398
f1w_273 f0_381 f0_590 -0.43 0.43 8.59 0 0 0 398 398
f1w_275 f0_729 f0_784 2.92 -2.92 7.69 0 0 0 398 398
f1w_278 f0_256 f0_539 0.53 -0.53 8.9 0 0 0 398 398
f1w_286 f0_519 f0_543 3.16 -3.16 6.14 0 0 0 398 398
f1w_289 f0_240 f0_544 -0.92 0.92 6.86 0 0 0 398 398
f1w_298 f0_251 f0_980 2.28 -2.28 6.48 0 0 0 398 398
f1w_304 f0_383 f0_984 2.97 -2.97 7.15 0 0 0 398 398
f1w_310 f0_606 f0_988 -1.63 1.63 8.07 0 0 0 398 398
f1w_319 f0_655 f0_842 2.33 -2.33 8.22 0 0 0 398 398
f1w_323 f0_861 f0_878 -1.1 1.1 7.11 0 0 0 398 398
f1w_325 f0_446 f0_784 -2.62 2.62 8.32 0 0 0 398 398
f1w_331 f0_466 f0_514 1.14 -1.14 7.52 0 0 0 398 398
f1w_335 f0_316 f0_413 -2.35 2.35 8.19 0 0 0 398 398
f1w_344 f0_223 f0_645 -1.59 1.59 7.66 0 0 0 398 398
f1w_345 f0_584 f0_789 0.96 -0.96 7.82 0 0 0 398 398
f1w_355 f0_275 f0_697 0.44 -0.44 8.33 0 0 0 398 398
f1w_358 f0_723 f0_828 -0.38 0.38 8.88 0 0 0 398 398
f1w_360 f0_267 f0_380 1.21 -1.21 8.17 0 0 0 398 398
f1w_364 f0_526 f0_998 -1.58 1.58 8.13 0 0 0 398 398
f1w_368 f0_312 f0_978 1.65 -1.65 8.02 0 0 0 398 398
f1w_372 f0_398 f0_858 -2.72 2.72 7.14 0 0 0 398 398
f1w_378 f0_517 f0_855 -0.79 0.79 10.15 0 0 0 398 398
f1w_387 f0_545 f0_830 -0.07 0.07 8.6 0 0 0 398 398
f1w_392 f0_323 f0_428 -1.83 1.83 8.9 0 0 0 398 398
f1w_399 f0_784 f0_865 0.6 -0.6 8.15 0 0 0 398 398
f1w_408 f0_334 f0_618 1.34 -1.34 8 0 0 0 398 398
f1w_411 f0_964 f0_998 -1.7 1.7 8.03 0 0 0 398 398
f1w_414 f0_795 f0_892 -0.35 0.35 8.51 0 0 0 398 398
f1w_421 f0_587 f0_926 -0.39 0.39 7.53 0 0 0 398 398
f1w_431 f0_764 f2_167 3.4 -3.4 1.87 0 0 2 398 398
f1w_434 f0_234 f0_975 -1.4 1.4 9.4 0 0 0 398 398
f1w_437 f0_222 f0_340 -0.41 0.41 8.76 0 0 0 398 398
f1w_449 f0_576 f0_740 0.59 -0.59 6.61 0 0 0 398 398
f1w_450 f0_226 f0_954 -0.65 0.65 8 0 0 0 398 398
f1w_454 f0_400 f0_730 -0.97 0.97 8.27 0 0 0 398 398
f1w_455 f0_421 f0_523 1.37 -1.37 7.26 0 0 0 398 398
f1w_457 f0_285 f0_605 -0.96 0.96 8.53 0 0 0 398 398
f1w_462 f0_206 f0_635 2.15 -2.15 6.6 0 0 0 398 398
f1w_467 f0_249 f0_586 -0.33 0.33 8.54 0 0 0 398 398
f1w_469 f0_710 f0_748 -1 1 9.05 0 0 0 398 398
f1w_472 f0_248 f0_435 -1.35 1.35 8.49 0 0 0 398 398
f1w_478 f0_732 f0_970 1.36 -1.36 7.76 0 0 0 398 398
f1w_479 f0_696 f0_987 2.26 -2.26 7.58 0 0 0 398 398
f1w_492 f0_497 f0_707 -0.58 0.58 7.72 0 0 0 398 398
f1w_497 f0_391 f0_612 -1.5 1.5 8.26 0 0 0 398 398
f1w_500 f0_386 f0_752 -1.34 1.34 7.91 0 0 0 398 398
f2_3 f1h_265 f1w_375 -1 1 8.91 0 0 0 398 398
f2_4 f1h_122 f1h_302 0.23 -0.23 8.48 0 0 0 398 398
f2_11 f1w_16 f1w_345 0.81 -0.81 6.63 0 0 0 398 398
f2_13 f1w_99 f1w_381 -3.77 3.77 5.34 0 0 0 398 398
f2_17 f1w_381 f1w_385 -0.36 0.36 8.54 0 0 0 398 398
f2_25 f1w_424 f1w_491 -1.11 1.11 7.64 0 0 0 398 398
f2_26 f1w_273 f1w_377 -1.12 1.12 7.73 0 0 0 398 398
f2_35 f1h_310 f1h_472 2.28 -2.28 7.47 0 0 0 398 398
f2_39 f1w_70 f1w_93 2.26 -2.26 7.17 0 0 0 398 398
f2_40 f1h_21 f1h_256 1.39 -1.39 7.37 0 0 0 398 398
f2_43 f1h_62 f1w_361 -0.71 0.71 6.08 0 0 0 398 398
f2_44 f1h_179 f1w_455 0.82 -0.82 7.95 0 0 0 398 398
f2_46 f1h_253 f1w_13 -1.18 1.18 7.8 0 0 0 398 398
f2_69 f1h_477 f1w_35 1.84 -1.84 7.71 0 0 0 398 398
f2_78 f1h_69 f1w_121 1.87 -1.87 6.38 0 0 0 398 398
f2_81 f1h_185 f1h_442 0.58 -0.58 7.98 0 0 0 398 398
f2_82 f1h_401 f1w_333 0.27 -0.27 9.87 0 0 0 398 398
f2_88 f1h_370 f1w_309 -0.16 0.16 9.4 0 0 0 398 398
f2_90 f1h_439 f1h_478 -3.83 3.83 7.34 0 0 0 398 398
f2_91 f1h_398 f1w_192 -0.1 0.1 7.91 0 0 0 398 398
f2_94 f1h_342 f1w_278 -2.05 2.05 9.76 0 0 0 398 398
f2_95 f1h_434 f1w_223 0.39 -0.39 8.97 0 0 0 398 398
f2_96 f1h_31 f1w_13 -1.41 1.41 7.77 0 0 0 398 398
f2_99 f1h_21 f1h_463 0.9 -0.9 7.41 0 0 0 398 398
f2_109 f1h_124 f1w_299 1.41 -1.41 8.13 0 0 0 398 398
f2_126 f1h_446 f1w_184 -2.22 2.22 7.39 0 0 0 398 398
f2_135 f1h_105 f1h_209 -1.03 1.03 7.34 0 0 0 398 398
f2_143 f1h_397 f1h_472 -1.06 1.06 8.34 0 0 0 398 398
f2_144 f1w_130 f1w_372 -0.21 0.21 9.95 0 0 0 398 398
f2_145 f1h_265 f1w_195 -3.55 3.55 7.57 0 0 0 398 398
f2_149 f1h_175 f1w_440 -0.39 0.39 7.23 0 0 0 398 398
f2_150 f1w_25 f1w_182 1.69 -1.69 8.62 0 0 0 398 398
f2_161 f1h_26 f1w_161 0.15 -0.15 9.16 0 0 0 398 398
f2_164 f1w_144 f1w_385 0.56 -0.56 7.3 0 0 0 398 398
f2_166 f1h_267 f1h_351 0.76 -0.76 7.42 0 0 0 398 398
f2_171 f1h_205 f1w_26 -1.12 1.12 7.26 0 0 0 398 398
f2_172 f1h_116 f1w_36 1.75 -1.75 6.8 0 0 0 398 398
f2_173 f1h_288 f1w_26 -3.43 3.43 6.35 0 0 0 398 398
f2_175 f1w_201 f1w_333 0.48 -0.48 8.59 0 0 0 398 398
f2_179 f1h_135 f1h_351 1.74 -1.74 7.04 0 0 0 398 398
f2_182 f1h_108 f1h_427 0.7 -0.7 7.57 0 0 0 398 398
f2_184 f1h_238 f1h_490 -1.18 1.18 7.5 0 0 0 398 398
f2_193 f1h_210 f1h_381 -1.47 1.47 8.29 0 0 0 398 398
f2_195 f1h_31 f1h_279 -1.4 1.4 7.66 0 0 0 398 398
f2_196 f1h_348 f1w_159 -0.08 0.08 9.22 0 0 0 398 398
f2_199 f1h_234 f1h_259 -0.57 0.57 9.36 0 0 0 398 398
f2_201 f1w_80 f1w_333 -1.98 1.98 5.35 0 0 0 398 398
f2_215 f1h_163 f1w_417 0.9 -0.9 8.8 0 0 0 398 398
f2_217 f1h_306 f1w_23 -0.56 0.56 8.86 0 0 0 398 398
f2_225 f1w_75 f1w_464 1.73 -1.73 7.37 0 0 0 398 398
f2_233 f1h_433 f1w_19 -1.98 1.98 8.91 0 0 0 398 398
f2_234 f1h_431 f1w_60 -1.1 1.1 7.05 0 0 0 398 398
f2_243 f1h_190 f1w_448 -1.59 1.59 6.97 0 0 0 398 398
f2_244 f1h_90 f1w_158 2.21 -2.21 6.83 0 0 0 398 398
f2_248 f1h_387 f1w_431 1.79 -1.79 7.33 0 0 0 398 398
f2_254 f1w_25 f1w_468 0.4 -0.4 7.93 0 0 0 398 398
f2_264 f1h_3 f1h_473 -0.38 0.38 8.76 0 0 0 398 398
f2_266 f1h_324 f1w_487 -1.47 1.47 6.52 0 0 0 398 398
f2_267 f1h_487 f1w_4 -2.34 2.34 7.69 0 0 0 398 398
f2_273 f1w_189 f1w_413 0.71 -0.71 7.96 0 0 0 398 398
f2_275 f1w_75 f1w_408 0.54 -0.54 8.03 0 0 0 398 398
f2_277 f1h_265 f1h_444 -1.33 1.33 7.13 0 0 0 398 398
f2_278 f1w_359 f1w_432 -2.55 2.55 7.14 0 0 0 398 398
f2_288 f1w_256 f1w_417 1.76 -1.76 6.52 0 0 0 398 398
f2_289 f1h_21 f1h_265 2.48 -2.48 7.16 0 0 0 398 398
f2_302 f1h_499 f1w_312 0 0 8.74 0 0 0 398 398
f2_303 f1w_96 f1w_407 0.36 -0.36 8.18 0 0 0 398 398
f2_304 f1h_286 f1h_398 -1 1 8.57 0 0 0 398 398
f2_308 f1w_128 f1w_174 -0.48 0.48 9.32 0 0 0 398 398
f2_313 f1h_338 f1h_372 -2.32 2.32 7.37 0 0 0 398 398
f2_316 f1h_270 f1h_304 -3.06 3.06 8.34 0 0 0 398 398
f2_317 f1w_200 f1w_301 -2.49 2.49 6.6 0 0 0 398 398
f2_323 f1h_279 f1h_444 0.11 -0.11 8.04 0 0 0 398 398
f2_341 f1w_257 f1w_478 1.12 -1.12 9.46 0 0 0 398 398
f2_344 f1w_66 f1w_186 -0.33 0.33 9.08 0 0 0 398 398
f2_346 f1w_96 f1w_462 1.13 -1.13 7.32 0 0 0 398 398
f2_350 f1h_1 f1h_247 -1.55 1.55 8.73 0 0 0 398 398
f2_351 f1h_253 f1w_313 0.81 -0.81 6.46 0 0 0 398 398
f2_362 f1h_73 f1w_188 -2 2 8.03 0 0 0 398 398
f2_371 f1h_26 f1h_267 -2.28 2.28 7.59 0 0 0 398 398
f2_378 f1h_443 f1w_159 -2.53 2.53 7.67 0 0 0 398 398
f2_381 f1h_261 f1w_2 0.95 -0.95 8.16 0 0 0 398 398
f2_383 f1w_324 f1w_336 -1 1 8.35 0 0 0 398 398
f2_386 f1h_47 f1h_368 1.67 -1.67 7.35 0 0 0 398 398
f2_392 f1h_184 f1w_399 3.23 -3.23 6.09 0 0 0 398 398
f2_393 f1h_243 f1w_316 -1.68 1.68 8.65 0 0 0 398 398
f2_394 f1h_199 f1w_148 3.19 -3.19 6.92 0 0 0 398 398
f2_395 f1h_9 f1h_106 -2.52 2.52 7.26 0 0 0 398 398
f2_398 f1h_190 f1w_173 0.32 -0.32 8.04 0 0 0 398 398
f2_400 f1w_31 f1w_439 -3.37 3.37 7.08 0 0 0 398 398
f2_414 f1h_398 f1w_58 0.15 -0.15 8.51 0 0 0 398 398
f2_418 f1h_5 f1h_217 0.76 -0.76 7.07 0 0 0 398 398
f2_426 f1h_143 f1h_421 -0.04 0.04 7.94 0 0 0 398 398
f2_429 f1w_101 f1w_309 0.8 -0.8 8.58 0 0 0 398 398
f2_442 f1h_122 f1h_161 -0.34 0.34 7.51 0 0 0 398 398
f2_448 f1h_46 f1w_387 -1.08 1.08 8.34 0 0 0 398 398
f2_455 f1w_437 f1w_465 1.2 -1.2 8.13 0 0 0 398 398
f2_456 f1h_291 f1w_469 1.76 -1.76 7.91 0 0 0 398 398
f2_457 f1h_350 f1w_379 -0.51 0.51 9.28 0 0 0 398 398
f2_459 f1h_270 f1w_396 -0.84 0.84 9.65 0 0 0 398 398
f2_482 f1h_337 f1w_286 1.78 -1.78 8.06 0 0 0 398 398
f2_485 f1h_362 f1w_201 -0.5 0.5 8.71 0 0 0 398 398
f2_490 f1h_129 f1w_476 0.42 -0.42 7.24 0 0 0 398 398
f2_492 f1h_103 f1w_19 1.2 -1.2 7.4 0 0 0 398 398
f2_496 f1h_280 f1w_200 0.52 -0.52 7.74 0 0 0 398 398
f2_502 f1h_61 f1h_398 -2.68 2.68 7.69 0 0 0 398 398
f2_521 f1h_100 f1h_385 -2.35 2.35 8.62 0 0 0 398 398
f2_525 f1h_25 f1h_205 -1.85 1.85 8.29 0 0 0 398 398
f2_531 f1h_102 f1w_309 0.69 -0.69 8.75 0 0 0 398 398
f2_532 f1h_105 f1w_223 0.69 -0.69 9.11 0 0 0 398 398
f2_534 f1w_145 f1w_410 0.11 -0.11 8.7 0 0 0 398 398
f2_538 f1h_105 f1w_421 -1.4 1.4 8.17 0 0 0 398 398
f2_539 f1h_231 f1w_127 -0.3 0.3 8.45 0 0 0 398 398
f2_542 f1h_192 f1h_202 -0.04 0.04 7.78 0 0 0 398 398
f2_543 f1w_62 f1w_233 0.02 -0.02 8.13 0 0 0 398 398
f2_544 f1h_45 f1h_294 -0.26 0.26 8.87 0 0 0 398 398
f2_546 f1h_443 f1w_353 -1.66 1.66 7.39 0 0 0 398 398
f2_547 f1h_436 f1w_76 -0.26 0.26 8.83 0 0 0 398 398
f2_550 f1h_249 f1w_434 1.54 -1.54 8.12 0 0 0 398 398
f2_553 f1h_400 f1h_474 1.21 -1.21 8.96 0 0 0 398 398
f2_556 f1h_11 f1h_382 -0.92 0.92 9.08 0 0 0 398 398
f2_558 f1h_72 f1w_468 0.95 -0.95 7.66 0 0 0 398 398
f2_560 f1h_106 f1w_72 3.22 -3.22 7.54 0 0 0 398 398
f2_566 f1h_186 f1w_154 3.1 -3.1 6.82 0 0 0 398 398
f2_568 f1h_2 f1h_155 -0.39 0.39 7.88 0 0 0 398 398
f2_569 f1h_270 f1w_383 -0.91 0.91 8.83 0 0 0 398 398
f2_571 f1h_340 f1w_406 0.08 -0.08 7.2 0 0 0 398 398
f2_572 f1w_154 f1w_492 -2.42 2.42 8.94 0 0 0 398 398
f2_573 f1h_444 f1w_475 3.96 -3.96 6.59 0 0 0 398 398
f2_574 f1h_177 f1w_485 0.71 -0.71 8.78 0 0 0 398 398
f2_584 f1w_172 f1w_478 0.46 -0.46 8.18 0 0 0 398 398
f2_587 f1h_473 f1w_288 0.08 -0.08 7.93 0 0 0 398 398
f2_590 f1h_78 f1w_186 -0.51 0.51 8.76 0 0 0 398 398
f2_592 f1h_443 f1w_379 1.63 -1.63 5.87 0 0 0 398 398
f2_593 f1w_12 f1w_101 1.16 -1.16 7.35 0 0 0 398 398
f2_598 f1h_436 f1w_128 -1.66 1.66 7.27 0 0 0 398 398
f2_600 f1h_342 f1w_223 0.88 -0.88 9.84 0 0 0 398 398
f2_604 f1h_271 f1w_11 0.4 -0.4 8.1 0 0 0 398 398
f2_606 f1h_241 f1w_409 1.06 -1.06 8.31 0 0 0 398 398
f2_628 f1w_183 f1w_417 -2.77 2.77 6.55 0 0 0 398 398
f2_638 f1h_399 f1w_184 -0.45 0.45 7.55 0 0 0 398 398
f2_643 f1h_202 f1h_453 0.08 -0.08 8.5 0 0 0 398 398
f2_647 f1h_64 f1h_463 1.46 -1.46 8.14 0 0 0 398 398
f2_650 f1h_124 f1h_340 0.37 -0.37 8.35 0 0 0 398 398
f2_652 f1h_490 f1w_487 0.6 -0.6 8.42 0 0 0 398 398
f2_653 f1h_386 f1h_439 0 0 8.96 0 0 0 398 398
f2_654 f1w_284 f1w_475 0.26 -0.26 7.63 0 0 0 398 398
f2_656 f1h_273 f1w_128 -1.41 1.41 8.22 0 0 0 398 398
f2_657 f1h_163 f1w_221 -2.04 2.04 7.04 0 0 0 398 398
f2_659 f1h_90 f1h_296 -0.27 0.27 7.03 0 0 0 398 398
f2_660 f1w_131 f1w_303 3.11 -3.11 8.43 0 0 0 398 398
f2_666 f1h_267 f1h_483 2.5 -2.5 7.52 0 0 0 398 398
f2_677 f1h_234 f1w_16 -1.78 1.78 8.81 0 0 0 398 398
f2_680 f1h_46 f1w_11 -0.2 0.2 8.87 0 0 0 398 398
f2_682 f1h_351 f1w_145 -1.42 1.42 8.88 0 0 0 398 398
f2_683 f1w_82 f1w_173 0.2 -0.2 9.52 0 0 0 398 398
f2_684 f1w_70 f1w_235 -1.45 1.45 9.81 0 0 0 398 398
f2_688 f1h_334 f1w_285 1.14 -1.14 8.41 0 0 0 398 398
f2_697 f1w_172 f1w_449 -0.32 0.32 7.93 0 0 0 398 398
f2_700 f1h_444 f1w_441 2.36 -2.36 6.13 0 0 0 398 398
f2_701 f1h_228 f1h_305 0.32 -0.32 9.14 0 0 0 398 398
f2_709 f1h_206 f1h_337 -1.32 1.32 8.13 0 0 0 398 398
f2_710 f1w_424 f1w_468 -1.6 1.6 6.74 0 0 0 398 398
f2_711 f1h_286 f1w_53 3.05 -3.05 7.13 0 0 0 398 398
f2_713 f1w_140 f1w_179 0.47 -0.47 7.77 0 0 0 398 398
f2_718 f1h_367 f1h_382 3.95 -3.95 7.17 0 0 0 398 398
f2_721 f1h_237 f1w_449 -1.81 1.81 7.43 0 0 0 398 398
f2_724 f1h_138 f1w_446 2.18 -2.18 7.82 0 0 0 398 398
f2_742 f1h_52 f1w_436 -0.1 0.1 8.81 0 0 0 398 398
f2_748 f1h_233 f1h_474 0.47 -0.47 8.79 0 0 0 398 398
f2_750 f1h_252 f1h_480 -0.56 0.56 8.18 0 0 0 398 398
f2_760 f1h_498 f1w_171 -2.74 2.74 7.83 0 0 0 398 398
f2_764 f1h_83 f1h_455 -0.74 0.74 8.92 0 0 0 398 398
f2_776 f1h_350 f1w_468 0.69 -0.69 9.06 0 0 0 398 398
f2_779 f1h_312 f1w_92 -2.8 2.8 7.45 0 0 0 398 398
f2_783 f1h_485 f1w_454 1.05 -1.05 7.19 0 0 0 398 398
f2_786 f1h_280 f1w_294 0.69 -0.69 6.91 0 0 0 398 398
f2_788 f1w_5 f1w_179 -1.68 1.68 7.33 0 0 0 398 398
f2_794 f1h_169 f1w_183 2.15 -2.15 7.05 0 0 0 398 398
f2_801 f1h_279 f1w_246 0.61 -0.61 7.67 0 0 0 398 398
f2_804 f1h_397 f1w_86 1.52 -1.52 7.79 0 0 0 398 398
f2_806 f1h_6 f1h_379 0.06 -0.06 8.96 0 0 0 398 398
f2_822 f1h_140 f1w_331 1.31 -1.31 8.06 0 0 0 398 398
f2_823 f1h_5 f1w_105 -1.99 1.99 6.5 0 0 0 398 398
f2_832 f1h_349 f1w_241 -0.13 0.13 8.59 0 0 0 398 398
f2_833 f1h_81 f1h_338 0.31 -0.31 8.02 0 0 0 398 398
f2_835 f1h_413 f1w_251 -0.48 0.48 8.61 0 0 0 398 398
f2_838 f1h_28 f1h_321 -1.19 1.19 7.01 0 0 0 398 398
f2_845 f1w_56 f1w_275 -0.42 0.42 7.48 0 0 0 398 398
f2_847 f1h_91 f1w_406 -0.64 0.64 8.05 0 0 0 398 398
f2_852 f1h_77 f1h_107 1.41 -1.41 6.35 0 0 0 398 398
f2_853 f1w_57 f1w_280 1.63 -1.63 7.51 0 0 0 398 398
f2_854 f1w_76 f1w_205 -0.43 0.43 8.36 0 0 0 398 398
f2_861 f1h_410 f1w_411 1.49 -1.49 6.31 0 0 0 398 398
f2_862 f1h_65 f1w_144 1.72 -1.72 7.04 0 0 0 398 398
f2_866 f1w_92 f1w_108 3.53 -3.53 6.32 0 0 0 398 398
f2_867 f1h_340 f1w_179 -1.48 1.48 6.08 0 0 0 398 398
f2_876 f1w_144 f1w_161 -1.15 1.15 8.87 0 0 0 398 398
f2_877 f1h_234 f1h_480 -2.15 2.15 7.8 0 0 0 398 398
f2_878 f1w_434 f1w_467 -3.24 3.24 7.68 0 0 0 398 398
f2_879 f1h_78 f1h_238 -0.52 0.52 8.38 0 0 0 398 398
f2_882 f1w_223 f1w_499 -1.12 1.12 8.15 0 0 0 398 398
f2_886 f1h_248 f1h_436 1.18 -1.18 7.91 0 0 0 398 398
f2_895 f1h_184 f1h_342 1.45 -1.45 6.71 0 0 0 398 398
f2_899 f1w_381 f1w_406 -1.53 1.53 6.82 0 0 0 398 398
f2_900 f1h_305 f1w_216 -1.17 1.17 7.06 0 0 0 398 398
f2_906 f1h_279 f1w_251 2.23 -2.23 6.93 0 0 0 398 398
f2_910 f1h_72 f1h_364 0.84 -0.84 7.66 0 0 0 398 398
f2_920 f1w_71 f1w_320 1.12 -1.12 7.54 0 0 0 398 398
f2_923 f1h_349 f1h_417 0.5 -0.5 8.72 0 0 0 398 398
f2_924 f1h_333 f1w_446 0.11 -0.11 8.73 0 0 0 398 398
f2_927 f1w_176 f1w_492 0.6 -0.6 7.8 0 0 0 398 398
f2_930 f1h_377 f1w_375 0.54 -0.54 8.04 0 0 0 398 398
f2_933 f1w_156 f1w_236 1.72 -1.72 8.68 0 0 0 398 398
f2_943 f1h_52 f1w_239 -0.24 0.24 10.58 0 0 0 398 398
f2_945 f1w_41 f1w_171 -3.14 3.14 7.72 0 0 0 398 398
f2_950 f1h_67 f1w_2 1.01 -1.01 10.07 0 0 0 398 398
f2_962 f1h_138 f1h_459 1.99 -1.99 6.76 0 0 0 398 398
f2_968 f1h_47 f1w_171 0.3 -0.3 7.44 0 0 0 398 398
f2_969 f1h_55 f1h_229 1.83 -1.83 7.83 0 0 0 398 398
f2_970 f1h_77 f1w_96 0.18 -0.18 6.37 0 0 0 398 398
f2_971 f1h_325 f1h_468 -3.54 3.54 6.47 0 0 0 398 398
f2_972 f1w_61 f1w_213 -3.67 3.67 6.76 0 0 0 398 398
f2_977 f1h_46 f1w_295 -0.14 0.14 8.85 0 0 0 398 398
f2_978 f1h_75 f1w_410 0.37 -0.37 8.44 0 0 0 398 398
f2_981 f1w_93 f1w_288 -0.72 0.72 7.93 0 0 0 398 398
f2_989 f1h_381 f1w_180 1.35 -1.35 7.71 0 0 0 398 398
f2_991 f1h_5 f1h_487 0.77 -0.77 8.82 0 0 0 398 398
f2_994 f1w_327 f1w_373 2.16 -2.16 6.22 0 0 0 398 398
