id parent1 parent2 LLRparent1 LLRparent2 LLRpair OHparent1 OHparent2 MEpair SNPd.id.parent1 SNPd.id.parent2
f1h_1 f0_32 f0_145 0.7 -0.7 7.94 0 0 0 400 400
f1h_2 f0_88 f0_192 -1.34 1.34 7.39 0 0 0 400 400
f1h_3 f0_131 f0_156 -1.33 1.33 7.71 0 0 0 400 400
f1h_4 f0_10 f0_148 0.42 -0.42 8.94 0 0 0 400 400
f1h_5 f0_23 f0_110 -2 2 5.47 0 0 0 400 400
f1h_6 f0_72 f0_90 1.18 -1.18 9.48 0 0 0 400 400
f1h_7 f0_50 f0_167 -2.24 2.24 6.36 0 0 0 400 400
f1h_8 f0_117 f0_161 -0.69 0.69 8.06 0 0 0 400 400
f1h_9 f0_142 f0_151 -0.54 0.54 8.38 0 0 0 400 400
f1h_10 f0_40 f0_115 -1.9 1.9 7.16 0 0 0 400 400
f1h_11 f0_143 f0_183 1.55 -1.55 8.72 0 0 0 400 400
f1h_13 f0_27 f0_134 -1.5 1.5 8.45 0 0 0 400 400
f1h_15 f0_57 f0_75 0.23 -0.23 8.36 0 0 0 400 400
f1h_17 f0_41 f0_93 1.23 -1.23 6.75 0 0 0 400 400
f1h_18 f0_111 f0_182 -0.17 0.17 9.8 0 0 0 400 400
f1h_20 f0_61 f0_66 1.78 -1.78 7.2 0 0 0 400 400
f1h_21 f0_43 f0_199 -0.36 0.36 7.92 0 0 0 400 400
f1h_22 f0_97 f0_139 -0.76 0.76 8.98 0 0 0 400 400
f1h_24 f0_28 f0_43 0.82 -0.82 8.72 0 0 0 400 400
f1h_25 f0_25 f0_92 3.02 -3.02 9.62 0 0 0 400 400
f1h_26 f0_31 f0_56 -1.73 1.73 7.05 0 0 0 400 400
f1h_27 f0_86 f0_148 -0.81 0.81 9.03 0 0 0 400 400
f1h_28 f0_88 f0_154 -0.63 0.63 7.6 0 0 0 400 400
f1h_29 f0_23 f0_166 -1.61 1.61 6.79 0 0 0 400 400
f1h_30 f0_86 f0_175 -0.03 0.03 10.39 0 0 0 400 400
f1h_31 f0_148 f0_193 0.34 -0.34 8.62 0 0 0 400 400
f1h_32 f0_44 f0_168 -0.9 0.9 7.85 0 0 0 400 400
f1h_33 f0_144 f0_166 -1.95 1.95 7.31 0 0 0 400 400
f1h_34 f0_87 f0_167 0.08 -0.08 8.99 0 0 0 400 400
f1h_35 f0_62 f0_77 3.14 -3.14 7.37 0 0 0 400 400
f1h_37 f0_6 f0_165 1.29 -1.29 8.01 0 0 0 400 400
f1h_38 f0_9 f0_53 2.02 -2.02 8.08 0 0 0 400 400
f1h_39 f0_5 f0_191 2.1 -2.1 7.32 0 0 0 400 400
f1h_40 f0_63 f0_77 0.53 -0.53 9.18 0 0 0 400 400
f1h_41 f0_38 f0_128 0.94 -0.94 7.85 0 0 0 400 400
f1h_42 f0_29 f0_179 0.61 -0.61 8.81 0 0 0 400 400
f1h_43 f0_38 f0_139 0.27 -0.27 7.19 0 0 0 400 400
f1h_44 f0_37 f0_150 -1.75 1.75 6.54 0 0 0 400 400
f1h_45 f0_107 f0_195 -2.49 2.49 7.37 0 0 0 400 400
f1h_46 f0_60 f0_163 1.77 -1.77 7.16 0 0 0 400 400
f1h_47 f0_96 f0_200 0.22 -0.22 8.25 0 0 0 400 400
f1h_48 f0_61 f0_194 0.25 -0.25 9.19 0 0 0 400 400
f1h_49 f0_7 f0_88 -1.23 1.23 8.77 0 0 0 400 400
f1h_50 f0_29 f0_85 -0.49 0.49 8.14 0 0 0 400 400
f1h_51 f0_2 f0_20 -1.33 1.33 9.21 0 0 0 400 400
f1h_52 f0_12 f0_118 0.15 -0.15 8.33 0 0 0 400 400
f1h_53 f0_43 f0_169 -0.78 0.78 8.17 0 0 0 400 400
f1h_54 f0_67 f0_68 1.28 -1.28 6.61 0 0 0 400 400
f1h_55 f0_18 f0_66 -0.14 0.14 8.73 0 0 0 400 400
f1h_56 f0_54 f0_164 -0.61 0.61 8.07 0 0 0 400 400
f1h_57 f0_109 f0_158 0.66 -0.66 7.65 0 0 0 400 400
f1h_59 f0_73 f0_78 0.12 -0.12 8.25 0 0 0 400 400
f1h_61 f0_122 f0_131 -1.04 1.04 8.45 0 0 0 400 400
f1h_62 f0_126 f0_150 0.87 -0.87 6.41 0 0 0 400 400
f1h_63 f0_113 f0_178 -0.02 0.02 7.7 0 0 0 400 400
f1h_64 f0_2 f0_34 -3.06 3.06 6.88 0 0 0 400 400
f1h_65 f0_5 f0_21 1.84 -1.84 8.1 0 0 0 400 400
f1h_66 f0_68 f0_97 0.35 -0.35 8.66 0 0 0 400 400
f1h_67 f0_100 f0_136 1.88 -1.88 8.01 0 0 0 400 400
f1h_68 f0_97 f0_145 -1.99 1.99 7.57 0 0 0 400 400
f1h_69 f0_12 f0_66 0.02 -0.02 9.43 0 0 0 400 400
f1h_70 f0_115 f0_119 -0.57 0.57 9.13 0 0 0 400 400
f1h_71 f0_139 f0_181 -0.25 0.25 9.36 0 0 0 400 400
f1h_72 f0_85 f0_106 0.94 -0.94 7.65 0 0 0 400 400
f1h_73 f0_67 f0_108 -1.77 1.77 7.44 0 0 0 400 400
f1h_74 f0_18 f0_155 -2.29 2.29 7.51 0 0 0 400 400
f1h_75 f0_45 f0_161 0.51 -0.51 7.99 0 0 0 400 400
f1h_77 f0_23 f0_109 -1.55 1.55 7.81 0 0 0 400 400
f1h_78 f0_93 f0_126 0.66 -0.66 8.49 0 0 0 400 400
f1h_80 f0_86 f0_177 2.04 -2.04 6.62 0 0 0 400 400
f1h_81 f0_163 f0_189 1.24 -1.24 7.29 0 0 0 400 400
f1h_82 f0_18 f0_161 0.27 -0.27 7.78 0 0 0 400 400
f1h_83 f0_5 f0_91 1.33 -1.33 7.76 0 0 0 400 400
f1h_86 f0_56 f0_128 0.6 -0.6 9.06 0 0 0 400 400
f1h_87 f0_56 f0_116 1.55 -1.55 6.95 0 0 0 400 400
f1h_88 f0_41 f0_52 0.4 -0.4 7.76 0 0 0 400 400
f1h_90 f0_105 f0_118 -1.81 1.81 7.49 0 0 0 400 400
f1h_91 f0_166 f0_178 0.76 -0.76 8.88 0 0 0 400 400
f1h_92 f0_136 f0_149 0.98 -0.98 8.33 0 0 0 400 400
f1h_93 f0_79 f0_126 1.19 -1.19 8.84 0 0 0 400 400
f1h_94 f0_128 f0_149 2.83 -2.83 7.67 0 0 0 400 400
f1h_95 f0_75 f0_183 1.55 -1.55 8 0 0 0 400 400
f1h_98 f0_90 f0_111 -1.48 1.48 8.15 0 0 0 400 400
f1h_99 f0_138 f0_172 -1.52 1.52 7.43 0 0 0 400 400
f1h_100 f0_128 f0_165 0.15 -0.15 8.72 0 0 0 400 400
f1h_101 f0_52 f0_150 1.96 -1.96 7.48 0 0 0 400 400
f1h_102 f0_8 f0_165 2.54 -2.54 7.27 0 0 0 400 400
f1h_103 f0_100 f0_176 -0.08 0.08 8.62 0 0 0 400 400
f1h_104 f0_54 f0_62 -0.52 0.52 8.21 0 0 0 400 400
f1h_105 f0_179 f0_200 -1.39 1.39 8.38 0 0 0 400 400
f1h_106 f0_53 f0_182 -0.25 0.25 9.19 0 0 0 400 400
f1h_107 f0_21 f0_50 -1.54 1.54 6.17 0 0 0 400 400
f1h_108 f0_14 f0_179 -2.33 2.33 6.78 0 0 0 400 400
f1h_109 f0_36 f0_150 -0.58 0.58 8.55 0 0 0 400 400
f1h_110 f0_23 f0_42 2.43 -2.43 7.23 0 0 0 400 400
f1h_112 f0_82 f0_100 -1.01 1.01 7.7 0 0 0 400 400
f1h_113 f0_71 f0_148 2.58 -2.58 6.44 0 0 0 400 400
f1h_115 f0_3 f0_103 2.36 -2.36 7.99 0 0 0 400 400
f1h_116 f0_3 f0_33 -1.09 1.09 8.09 0 0 0 400 400
f1h_119 f0_1 f0_33 -2.89 2.89 7.18 0 0 0 400 400
f1h_121 f0_142 f0_173 2.66 -2.66 7.97 0 0 0 400 400
f1h_122 f0_3 f0_80 0.66 -0.66 7.76 0 0 0 400 400
f1h_124 f0_14 f0_71 0.53 -0.53 8.44 0 0 0 400 400
f1h_126 f0_86 f0_143 -1.14 1.14 8.15 0 0 0 400 400
f1h_127 f0_63 f0_95 -0.34 0.34 8.66 0 0 0 400 400
f1h_128 f0_3 f0_188 0.57 -0.57 8.51 0 0 0 400 400
f1h_129 f0_15 f0_153 -1.51 1.51 7.47 0 0 0 400 400
f1h_130 f0_6 f0_82 0.3 -0.3 7.64 0 0 0 400 400
f1h_131 f0_95 f0_116 -2.05 2.05 7.55 0 0 0 400 400
f1h_132 f0_68 f0_92 1.31 -1.31 8.27 0 0 0 400 400
f1h_133 f0_166 f0_198 -1.65 1.65 8.08 0 0 0 400 400
f1h_134 f0_70 f0_83 -1.66 1.66 7.78 0 0 0 400 400
f1h_135 f0_69 f0_178 1.16 -1.16 6.65 0 0 0 400 400
f1h_137 f0_48 f0_63 1.94 -1.94 7.77 0 0 0 400 400
f1h_138 f0_125 f0_131 -0.02 0.02 7.11 0 0 0 400 400
f1h_140 f0_74 f0_85 0.76 -0.76 8.25 0 0 0 400 400
f1h_141 f0_84 f0_88 1.95 -1.95 6.74 0 0 0 400 400
f1h_142 f0_111 f0_198 1.1 -1.1 9.11 0 0 0 400 400
f1h_143 f0_106 f0_120 0.03 -0.03 8.32 0 0 0 400 400
f1h_146 f0_12 f0_28 1 -1 8.27 0 0 0 400 400
f1h_148 f0_78 f0_104 -0.22 0.22 7.9 0 0 0 400 400
f1h_150 f0_81 f0_114 -0.81 0.81 6.3 0 0 0 400 400
f1h_151 f0_42 f0_53 -1.89 1.89 7.58 0 0 0 400 400
f1h_153 f0_111 f0_185 0.13 -0.13 7.63 0 0 0 400 400
f1h_154 f0_2 f0_139 -0.48 0.48 8.97 0 0 0 400 400
f1h_155 f0_2 f0_30 0.15 -0.15 7.71 0 0 0 400 400
f1h_156 f0_74 f0_187 1.88 -1.88 7.23 0 0 0 400 400
f1h_157 f0_11 f0_187 -0.15 0.15 8.55 0 0 0 400 400
f1h_158 f0_138 f0_139 -1.27 1.27 7.88 0 0 0 400 400
f1h_159 f0_101 f0_150 1.08 -1.08 7.75 0 0 0 400 400
f1h_161 f0_19 f0_109 -0.55 0.55 9 0 0 0 400 400
f1h_162 f0_15 f0_145 -1.2 1.2 7.01 0 0 0 400 400
f1h_163 f0_61 f0_97 1.74 -1.74 8.08 0 0 0 400 400
f1h_164 f0_65 f0_175 0.42 -0.42 7.64 0 0 0 400 400
f1h_165 f0_104 f0_175 -2.03 2.03 7.78 0 0 0 400 400
f1h_168 f0_159 f0_171 -0.55 0.55 8.24 0 0 0 400 400
f1h_169 f0_83 f0_144 -2.22 2.22 6.47 0 0 0 400 400
f1h_170 f0_9 f0_111 -1.34 1.34 6.95 0 0 0 400 400
f1h_171 f0_1 f0_108 -2.5 2.5 7.97 0 0 0 400 400
f1h_172 f0_173 f0_198 -1.07 1.07 7.92 0 0 0 400 400
f1h_173 f0_16 f0_73 2.37 -2.37 8.52 0 0 0 400 400
f1h_174 f0_49 f0_165 -2.39 2.39 8.98 0 0 0 400 400
f1h_175 f0_54 f0_58 0.71 -0.71 8.41 0 0 0 400 400
f1h_176 f0_25 f0_65 -1.17 1.17 8.71 0 0 0 400 400
f1h_177 f0_39 f0_138 1.6 -1.6 7.11 0 0 0 400 400
f1h_178 f0_25 f0_56 -2.91 2.91 6.96 0 0 0 400 400
f1h_179 f0_61 f0_103 -0.37 0.37 7.96 0 0 0 400 400
f1h_180 f0_7 f0_138 0.15 -0.15 8.13 0 0 0 400 400
f1h_181 f0_59 f0_128 0.58 -0.58 8.93 0 0 0 400 400
f1h_182 f0_59 f0_64 -1.87 1.87 7.41 0 0 0 400 400
f1h_183 f0_47 f0_64 3.12 -3.12 6.33 0 0 0 400 400
f1h_184 f0_123 f0_188 0.48 -0.48 8.87 0 0 0 400 400
f1h_185 f0_69 f0_134 3.21 -3.21 6.51 0 0 0 400 400
f1h_186 f0_7 f0_40 -1.03 1.03 10.63 0 0 0 400 400
f1h_187 f0_96 f0_185 1.3 -1.3 7.87 0 0 0 400 400
f1h_188 f0_56 f0_175 0.29 -0.29 8.71 0 0 0 400 400
f1h_190 f0_31 f0_83 1.44 -1.44 7.71 0 0 0 400 400
f1h_191 f0_64 f0_196 0.36 -0.36 8.99 0 0 0 400 400
f1h_192 f0_17 f0_68 -0.88 0.88 9.14 0 0 0 400 400
f1h_193 f0_21 f0_83 -2.64 2.64 7.68 0 0 0 400 400
f1h_194 f0_32 f0_65 -0.46 0.46 7.89 0 0 0 400 400
f1h_195 f0_146 f0_160 0.28 -0.28 8.48 0 0 0 400 400
f1h_196 f0_96 f0_168 0.7 -0.7 7.52 0 0 0 400 400
f1h_198 f0_33 f0_118 1.7 -1.7 7.99 0 0 0 400 400
f1h_199 f0_8 f0_129 1.67 -1.67 6.83 0 0 0 400 400
f1h_200 f0_34 f0_70 2.76 -2.76 6 0 0 0 400 400
f1h_202 f0_6 f0_166 1.33 -1.33 8.37 0 0 0 400 400
f1h_203 f0_29 f0_70 1.19 -1.19 7.9 0 0 0 400 400
f1h_204 f0_85 f0_187 0.44 -0.44 8.73 0 0 0 400 400
f1h_205 f0_4 f0_146 -0.71 0.71 8.82 0 0 0 400 400
f1h_206 f0_67 f0_84 -0.02 0.02 8.92 0 0 0 400 400
f1h_207 f0_78 f0_100 -0.23 0.23 8.56 0 0 0 400 400
f1h_208 f0_151 f0_177 -0.01 0.01 9.26 0 0 0 400 400
f1h_209 f0_19 f0_35 0.25 -0.25 7.88 0 0 0 400 400
f1h_210 f0_106 f0_156 2.1 -2.1 7.91 0 0 0 400 400
f1h_212 f0_42 f0_50 -1.7 1.7 6.45 0 0 0 400 400
f1h_213 f0_176 f0_193 3.09 -3.09 7.08 0 0 0 400 400
f1h_215 f0_127 f0_129 -0.41 0.41 7.09 0 0 0 400 400
f1h_216 f0_60 f0_163 0.29 -0.29 7.24 0 0 0 400 400
f1h_217 f0_84 f0_197 0.49 -0.49 8.56 0 0 0 400 400
f1h_218 f0_42 f0_178 0.96 -0.96 8.99 0 0 0 400 400
f1h_219 f0_23 f0_112 -1.39 1.39 8.94 0 0 0 400 400
f1h_220 f0_4 f0_200 -0.47 0.47 7.83 0 0 0 400 400
f1h_221 f0_71 f0_137 1.42 -1.42 8.77 0 0 0 400 400
f1h_222 f0_64 f0_126 -0.43 0.43 9.26 0 0 0 400 400
f1h_223 f0_11 f0_43 -1.24 1.24 8.83 0 0 0 400 400
f1h_224 f0_25 f0_126 2.26 -2.26 6.55 0 0 0 400 400
f1h_227 f0_126 f0_198 2.24 -2.24 6.11 0 0 0 400 400
f1h_228 f0_132 f0_191 0.25 -0.25 8.29 0 0 0 400 400
f1h_229 f0_7 f0_105 -2.65 2.65 7.33 0 0 0 400 400
f1h_230 f0_109 f0_156 -0.13 0.13 8.95 0 0 0 400 400
f1h_231 f0_116 f0_122 -0.61 0.61 7.71 0 0 0 400 400
f1h_232 f0_5 f0_95 -1.17 1.17 7.55 0 0 0 400 400
f1h_233 f0_119 f0_191 1.26 -1.26 8.83 0 0 0 400 400
f1h_234 f0_9 f0_136 -0.87 0.87 7.38 0 0 0 400 400
f1h_234 f2_714 f2_877 0.92 -0.92 0.7 0 0 3 400 400
f1h_235 f0_11 f0_168 1.62 -1.62 7.26 0 0 0 400 400
f1h_236 f0_120 f0_143 2.85 -2.85 6.84 0 0 0 400 400
f1h_237 f0_116 f0_154 -0.31 0.31 7.69 0 0 0 400 400
f1h_238 f0_181 f0_183 2.74 -2.74 7.87 0 0 0 400 400
f1h_240 f0_3 f0_144 0.19 -0.19 8.48 0 0 0 400 400
f1h_241 f0_105 f0_191 0.27 -0.27 7.92 0 0 0 400 400
f1h_242 f0_16 f0_33 2.19 -2.19 6.9 0 0 0 400 400
f1h_243 f0_67 f0_73 0.27 -0.27 8.58 0 0 0 400 400
f1h_244 f0_63 f0_77 1.04 -1.04 9.39 0 0 0 400 400
f1h_245 f0_106 f0_181 -0.56 0.56 8.13 0 0 0 400 400
f1h_246 f0_58 f0_168 -2.31 2.31 6.06 0 0 0 400 400
f1h_247 f0_25 f0_162 0.19 -0.19 9.22 0 0 0 400 400
f1h_248 f0_75 f0_112 -0.79 0.79 7.89 0 0 0 400 400
f1h_249 f0_73 f0_144 -3.18 3.18 5.92 0 0 0 400 400
f1h_250 f0_15 f0_150 0.07 -0.07 8.08 0 0 0 400 400
f1h_251 f0_104 f0_136 0.5 -0.5 9.21 0 0 0 400 400
f1h_252 f0_73 f0_172 -3.26 3.26 7.28 0 0 0 400 400
f1h_253 f0_76 f0_133 -0.4 0.4 9.52 0 0 0 400 400
f1h_254 f0_41 f0_149 0.5 -0.5 8.21 0 0 0 400 400
f1h_255 f0_130 f0_156 2.17 -2.17 6.72 0 0 0 400 400
f1h_256 f0_21 f0_195 0.55 -0.55 8.41 0 0 0 400 400
f1h_257 f0_23 f0_131 -2 2 7.78 0 0 0 400 400
f1h_259 f0_78 f0_115 0.55 -0.55 9.52 0 0 0 400 400
f1h_261 f0_14 f0_171 3 -3 6.84 0 0 0 400 400
f1h_264 f0_122 f0_164 0.38 -0.38 8.54 0 0 0 400 400
f1h_265 f0_128 f0_134 1.66 -1.66 8.53 0 0 0 400 400
f1h_266 f0_90 f0_115 -1.36 1.36 7.65 0 0 0 400 400
f1h_267 f0_91 f0_125 1.66 -1.66 7.08 0 0 0 400 400
f1h_269 f0_40 f0_87 -0.27 0.27 9.76 0 0 0 400 400
f1h_270 f0_25 f0_41 -2.73 2.73 6.85 0 0 0 400 400
f1h_271 f0_31 f0_140 -0.4 0.4 7.09 0 0 0 400 400
f1h_272 f0_144 f0_164 -0.43 0.43 7.41 0 0 0 400 400
f1h_273 f0_16 f0_180 1.08 -1.08 7.63 0 0 0 400 400
f1h_275 f0_130 f0_190 -1.25 1.25 6.88 0 0 0 400 400
f1h_276 f0_1 f0_139 -1.18 1.18 7.24 0 0 0 400 400
f1h_278 f0_155 f0_190 -2.12 2.12 6.83 0 0 0 400 400
f1h_279 f0_96 f0_100 1.23 -1.23 7.38 0 0 0 400 400
f1h_280 f0_3 f0_175 1.19 -1.19 8.68 0 0 0 400 400
f1h_281 f0_5 f0_136 0.47 -0.47 7.55 0 0 0 400 400
f1h_282 f0_108 f0_114 1.08 -1.08 7.49 0 0 0 400 400
f1h_284 f0_102 f0_157 -2.19 2.19 9.18 0 0 0 400 400
f1h_286 f0_112 f0_155 0.7 -0.7 7.94 0 0 0 400 400
f1h_287 f0_18 f0_99 -0.54 0.54 8.04 0 0 0 400 400
f1h_288 f0_135 f0_158 -1.42 1.42 7.37 0 0 0 400 400
f1h_289 f0_27 f0_116 0.67 -0.67 7.08 0 0 0 400 400
f1h_291 f0_64 f0_193 -1 1 8.42 0 0 0 400 400
f1h_294 f0_90 f0_151 1.6 -1.6 8.62 0 0 0 400 400
f1h_295 f0_165 f0_191 -0.83 0.83 7.74 0 0 0 400 400
f1h_296 f0_55 f0_177 -2.43 2.43 7.66 0 0 0 400 400
f1h_297 f0_96 f0_162 1.19 -1.19 7.24 0 0 0 400 400
f1h_298 f0_152 f0_189 0.65 -0.65 8.43 0 0 0 400 400
f1h_300 f0_99 f0_173 2.52 -2.52 7.45 0 0 0 400 400
f1h_302 f0_139 f0_198 3.3 -3.3 7.26 0 0 0 400 400
f1h_304 f0_32 f0_102 1.72 -1.72 6.43 0 0 0 400 400
f1h_305 f0_94 f0_154 1.16 -1.16 8.55 0 0 0 400 400
f1h_306 f0_20 f0_81 0.67 -0.67 8.01 0 0 0 400 400
f1h_307 f0_11 f0_91 2.97 -2.97 6.42 0 0 0 400 400
f1h_310 f0_76 f0_168 -0.4 0.4 5.93 0 0 0 400 400
f1h_311 f0_183 f0_185 0.03 -0.03 9.96 0 0 0 400 400
f1h_312 f0_60 f0_196 2.95 -2.95 7.2 0 0 0 400 400
f1h_314 f0_67 f0_188 2.41 -2.41 6.96 0 0 0 400 400
f1h_315 f0_43 f0_176 0.37 -0.37 8.09 0 0 0 400 400
f1h_317 f0_80 f0_184 -0.48 0.48 7.86 0 0 0 400 400
f1h_318 f0_163 f0_174 1.73 -1.73 8.15 0 0 0 400 400
f1h_319 f0_10 f0_93 2.3 -2.3 9.08 0 0 0 400 400
f1h_320 f0_13 f0_30 -0.75 0.75 8.27 0 0 0 400 400
f1h_321 f0_96 f0_181 3.4 -3.4 6.55 0 0 0 400 400
f1h_322 f0_44 f0_140 0.09 -0.09 8.71 0 0 0 400 400
f1h_323 f0_132 f0_168 -2.77 2.77 7.88 0 0 0 400 400
f1h_324 f0_66 f0_131 0.1 -0.1 7.16 0 0 0 400 400
f1h_325 f0_98 f0_140 0.71 -0.71 7.7 0 0 0 400 400
f1h_326 f0_73 f0_145 -3.61 3.61 6.37 0 0 0 400 400
f1h_327 f0_138 f0_178 -1.62 1.62 8.1 0 0 0 400 400
f1h_327 f0_138 f2_265 1.35 -1.35 4.85 0 0 2 400 400
f1h_328 f0_1 f0_177 -0.5 0.5 9.92 0 0 0 400 400
f1h_330 f0_55 f0_105 -2.34 2.34 7.71 0 0 0 400 400
f1h_332 f0_33 f0_189 -1.73 1.73 7.13 0 0 0 400 400
f1h_333 f0_132 f0_197 2.69 -2.69 7.17 0 0 0 400 400
f1h_334 f0_16 f0_156 1.49 -1.49 8.56 0 0 0 400 400
f1h_337 f0_107 f0_125 0.48 -0.48 6.96 0 0 0 400 400
f1h_338 f0_92 f0_178 -1.3 1.3 6.83 0 0 0 400 400
f1h_339 f0_17 f0_155 -2.03 2.03 7.46 0 0 0 400 400
f1h_340 f0_180 f0_195 -0.92 0.92 6.7 0 0 0 400 400
f1h_341 f0_155 f0_185 -1.67 1.67 7.52 0 0 0 400 400
f1h_342 f0_169 f0_172 -1.86 1.86 8.02 0 0 0 400 400
f1h_343 f0_9 f0_64 0.12 -0.12 9.31 0 0 0 400 400
f1h_344 f0_157 f0_191 -0.81 0.81 9.04 0 0 0 400 400
f1h_345 f0_62 f0_145 -0.17 0.17 7.95 0 0 0 400 400
f1h_348 f0_25 f0_31 0.3 -0.3 8.92 0 0 0 400 400
f1h_349 f0_3 f0_36 2.26 -2.26 8.28 0 0 0 400 400
f1h_350 f0_132 f0_147 2.04 -2.04 7.72 0 0 0 400 400
f1h_351 f0_59 f0_197 0.16 -0.16 8.32 0 0 0 400 400
f1h_353 f0_14 f0_81 -0.61 0.61 7.14 0 0 0 400 400
f1h_354 f0_47 f0_160 1.36 -1.36 6.89 0 0 0 400 400
f1h_356 f0_2 f0_166 0.38 -0.38 9.25 0 0 0 400 400
f1h_357 f0_17 f0_159 1.54 -1.54 7.83 0 0 0 400 400
f1h_359 f0_109 f0_190 0.65 -0.65 9.28 0 0 0 400 400
f1h_360 f0_50 f0_170 0.68 -0.68 7.52 0 0 0 400 400
f1h_361 f0_47 f0_60 -1.02 1.02 6.81 0 0 0 400 400
f1h_362 f0_3 f0_185 -0.15 0.15 8.99 0 0 0 400 400
f1h_364 f0_62 f0_107 0.81 -0.81 8.88 0 0 0 400 400
f1h_366 f0_102 f0_133 1.17 -1.17 6.91 0 0 0 400 400
f1h_367 f0_108 f0_135 -1.56 1.56 7.7 0 0 0 400 400
f1h_368 f0_30 f0_152 -1.79 1.79 6.85 0 0 0 400 400
f1h_369 f0_165 f0_200 0.73 -0.73 8.59 0 0 0 400 400
f1h_370 f0_28 f0_185 -2.94 2.94 5.85 0 0 0 400 400
f1h_370 f0_28 f2_527 0.36 -0.36 0.32 0 0 3 400 400
f1h_372 f0_93 f0_131 -0.75 0.75 9.14 0 0 0 400 400
f1h_373 f0_142 f0_170 -2.26 2.26 8.58 0 0 0 400 400
f1h_374 f0_83 f0_141 -3.01 3.01 7.37 0 0 0 400 400
f1h_375 f0_36 f0_158 -0.97 0.97 8.02 0 0 0 400 400
f1h_376 f0_26 f0_169 -0.91 0.91 8.22 0 0 0 400 400
f1h_377 f0_128 f0_154 0.1 -0.1 8.65 0 0 0 400 400
f1h_378 f0_125 f0_164 -0.44 0.44 7.99 0 0 0 400 400
f1h_379 f0_29 f0_94 0.88 -0.88 8.28 0 0 0 400 400
f1h_380 f0_59 f0_107 -0.6 0.6 7.61 0 0 0 400 400
f1h_381 f0_14 f0_51 -1.65 1.65 7.45 0 0 0 400 400
f1h_382 f0_92 f0_166 -2.65 2.65 6.91 0 0 0 400 400
f1h_383 f0_3 f0_172 -0.51 0.51 8.01 0 0 0 400 400
f1h_384 f0_21 f0_91 -1.86 1.86 7.37 0 0 0 400 400
f1h_385 f0_22 f0_195 -0.49 0.49 8.73 0 0 0 400 400
f1h_386 f0_32 f0_53 -1.32 1.32 6.72 0 0 0 400 400
f1h_387 f0_51 f0_140 2.29 -2.29 5.96 0 0 0 400 400
f1h_390 f0_50 f0_167 2.7 -2.7 6.23 0 0 0 400 400
f1h_391 f0_72 f0_89 -2.74 2.74 6.38 0 0 0 400 400
f1h_393 f0_15 f0_79 -0.32 0.32 9.73 0 0 0 400 400
f1h_394 f0_40 f0_200 1 -1 8.22 0 0 0 400 400
f1h_395 f0_93 f0_145 -2.27 2.27 7.32 0 0 0 400 400
f1h_396 f0_89 f0_149 -0.32 0.32 8.32 0 0 0 400 400
f1h_397 f0_162 f0_172 -3.35 3.35 8.05 0 0 0 400 400
f1h_398 f0_49 f0_148 -0.32 0.32 9.14 0 0 0 400 400
f1h_399 f0_94 f0_131 1.37 -1.37 6.06 0 0 0 400 400
f1h_400 f0_11 f0_96 -1.84 1.84 7.79 0 0 0 400 400
f1h_401 f0_29 f0_55 -1.26 1.26 9.42 0 0 0 400 400
f1h_402 f0_186 f0_196 0.07 -0.07 7.54 0 0 0 400 400
f1h_404 f0_10 f0_110 -0.86 0.86 6.15 0 0 0 400 400
f1h_405 f0_21 f0_24 -0.81 0.81 9.9 0 0 0 400 400
f1h_406 f0_107 f0_134 -2.41 2.41 6.88 0 0 0 400 400
f1h_407 f0_3 f0_5 1.14 -1.14 8.6 0 0 0 400 400
f1h_409 f0_9 f0_13 0.05 -0.05 9.05 0 0 0 400 400
f1h_410 f0_131 f0_183 3.94 -3.94 3.79 0 0 0 400 400
f1h_411 f0_103 f0_179 0.93 -0.93 9.01 0 0 0 400 400
f1h_412 f0_131 f0_139 -1.43 1.43 7.04 0 0 0 400 400
f1h_413 f0_36 f0_104 0.64 -0.64 7.84 0 0 0 400 400
f1h_414 f0_73 f0_90 -0.16 0.16 9.03 0 0 0 400 400
f1h_415 f0_2 f0_59 1.54 -1.54 7.52 0 0 0 400 400
f1h_416 f0_105 f0_190 -0.2 0.2 8.15 0 0 0 400 400
f1h_417 f0_124 f0_180 -0.34 0.34 8.88 0 0 0 400 400
f1h_418 f0_14 f0_194 -1.45 1.45 6.54 0 0 0 400 400
f1h_419 f0_119 f0_166 -0.33 0.33 7.32 0 0 0 400 400
f1h_421 f0_53 f0_80 0.52 -0.52 8.41 0 0 0 400 400
f1h_422 f0_133 f0_167 -0.41 0.41 8.2 0 0 0 400 400
f1h_423 f0_102 f0_190 -0.69 0.69 7.77 0 0 0 400 400
f1h_424 f0_140 f0_192 -1.56 1.56 7.23 0 0 0 400 400
f1h_425 f0_72 f0_128 0.22 -0.22 8.82 0 0 0 400 400
f1h_426 f0_106 f0_127 0.53 -0.53 7.4 0 0 0 400 400
f1h_427 f0_138 f0_165 1.74 -1.74 8.77 0 0 0 400 400
f1h_428 f0_165 f0_178 -2.31 2.31 7.7 0 0 0 400 400
f1h_429 f0_14 f0_16 2.92 -2.92 5.79 0 0 0 400 400
f1h_430 f0_6 f0_130 1.62 -1.62 7.11 0 0 0 400 400
f1h_431 f0_102 f0_107 -1.29 1.29 8.59 0 0 0 400 400
f1h_433 f0_178 f0_188 1.4 -1.4 8.1 0 0 0 400 400
f1h_434 f0_60 f0_117 0.77 -0.77 8.32 0 0 0 400 400
f1h_435 f0_52 f0_160 1.48 -1.48 9.41 0 0 0 400 400
f1h_436 f0_25 f0_194 3.25 -3.25 6.77 0 0 0 400 400
f1h_438 f0_56 f0_61 1.57 -1.57 6.99 0 0 0 400 400
f1h_439 f0_17 f0_119 -0.29 0.29 9.5 0 0 0 400 400
f1h_440 f0_90 f0_121 -2.32 2.32 7.65 0 0 0 400 400
f1h_442 f0_155 f0_173 -0.51 0.51 6.88 0 0 0 400 400
f1h_443 f0_153 f0_185 5.21 -5.21 7.04 0 0 0 400 400
f1h_444 f0_48 f0_73 1.94 -1.94 6.38 0 0 0 400 400
f1h_445 f0_104 f0_106 -3.78 3.78 6.42 0 0 0 400 400
f1h_446 f0_59 f0_149 0.74 -0.74 7.92 0 0 0 400 400
f1h_447 f0_131 f0_160 1.68 -1.68 7.84 0 0 0 400 400
f1h_448 f0_7 f0_47 -2.18 2.18 7.54 0 0 0 400 400
f1h_451 f0_51 f0_89 1.35 -1.35 6.88 0 0 0 400 400
f1h_452 f0_91 f0_191 1.12 -1.12 8.36 0 0 0 400 400
f1h_453 f0_58 f0_141 -2 2 8.08 0 0 0 400 400
f1h_454 f0_157 f0_199 -0.1 0.1 9.03 0 0 0 400 400
f1h_455 f0_73 f0_104 -4.1 4.1 7.16 0 0 0 400 400
f1h_457 f0_188 f0_189 1.02 -1.02 8.6 0 0 0 400 400
f1h_458 f0_24 f0_133 -2.66 2.66 8.14 0 0 0 400 400
f1h_459 f0_105 f0_182 0.54 -0.54 8.79 0 0 0 400 400
f1h_460 f0_92 f0_156 0.49 -0.49 8.2 0 0 0 400 400
f1h_461 f0_87 f0_176 0.31 -0.31 7.5 0 0 0 400 400
f1h_463 f0_118 f0_124 -1.93 1.93 8.63 0 0 0 400 400
f1h_466 f0_104 f0_155 -0.15 0.15 9.22 0 0 0 400 400
f1h_467 f0_94 f0_189 0.12 -0.12 8.26 0 0 0 400 400
f1h_468 f0_11 f0_54 0.56 -0.56 7.96 0 0 0 400 400
f1h_470 f0_45 f0_81 -2.06 2.06 8.05 0 0 0 400 400
f1h_471 f0_34 f0_126 -0.38 0.38 7.46 0 0 0 400 400
f1h_472 f0_11 f0_70 -1.07 1.07 7.39 0 0 0 400 400
f1h_473 f0_54 f0_102 1.48 -1.48 8.22 0 0 0 400 400
f1h_474 f0_13 f0_24 3.5 -3.5 7.69 0 0 0 400 400
f1h_475 f0_58 f0_97 0.87 -0.87 7.8 0 0 0 400 400
f1h_476 f0_48 f0_87 0.55 -0.55 8.11 0 0 0 400 400
f1h_477 f0_127 f0_171 1.63 -1.63 6.92 0 0 0 400 400
f1h_478 f0_55 f0_75 -1.11 1.11 7.24 0 0 0 400 400
f1h_479 f0_78 f0_112 -0.51 0.51 8.66 0 0 0 400 400
f1h_480 f0_3 f0_13 -0.59 0.59 8.71 0 0 0 400 400
f1h_481 f0_123 f0_166 -1.75 1.75 8.12 0 0 0 400 400
f1h_482 f0_10 f0_171 -0.42 0.42 7.18 0 0 0 400 400
f1h_483 f0_83 f0_170 -3.86 3.86 6.6 0 0 0 400 400
f1h_484 f0_52 f0_119 1.98 -1.98 8.08 0 0 0 400 400
f1h_485 f0_2 f0_118 -2.14 2.14 6.11 0 0 0 400 400
f1h_487 f0_21 f0_79 1 -1 8.14 0 0 0 400 400
f1h_489 f0_116 f0_177 -2.03 2.03 6.73 0 0 0 400 400
f1h_490 f0_15 f0_161 -0.79 0.79 6.65 0 0 0 400 400
f1h_491 f0_52 f0_74 0.1 -0.1 9.08 0 0 0 400 400
f1h_494 f0_1 f0_110 0.03 -0.03 8.72 0 0 0 400 400
f1h_496 f0_20 f0_117 1.2 -1.2 6.75 0 0 0 400 400
f1h_497 f0_150 f0_179 -1.66 1.66 8.55 0 0 0 400 400
f1h_498 f0_60 f0_73 2.19 -2.19 7.48 0 0 0 400 400
f1h_499 f0_69 f0_107 1.11 -1.11 7.15 0 0 0 400 400
f1w_2 f0_958 f0_988 0.52 -0.52 8.74 0 0 0 400 400
f1w_4 f0_484 f0_538 0.96 -0.96 7.47 0 0 0 400 400
f1w_5 f0_753 f0_832 1.28 -1.28 6.46 0 0 0 400 400
f1w_6 f0_448 f0_639 -1.15 1.15 5.77 0 0 0 400 400
f1w_9 f0_520 f0_830 1.03 -1.03 7.45 0 0 0 400 400
f1w_10 f0_490 f0_540 -0.7 0.7 8.69 0 0 0 400 400
f1w_11 f0_947 f0_967 -2.55 2.55 6.62 0 0 0 400 400
f1w_12 f0_252 f0_860 1.99 -1.99 7.17 0 0 0 400 400
f1w_14 f0_752 f0_832 1.2 -1.2 7.14 0 0 0 400 400
f1w_15 f0_298 f0_338 -0.48 0.48 7.02 0 0 0 400 400
f1w_18 f0_725 f0_762 1.23 -1.23 7.72 0 0 0 400 400
f1w_21 f0_913 f0_936 0.59 -0.59 8.37 0 0 0 400 400
f1w_23 f0_399 f0_639 -0.27 0.27 7.22 0 0 0 400 400
f1w_24 f0_701 f0_882 0.74 -0.74 6.52 0 0 0 400 400
f1w_25 f0_641 f0_688 -1.77 1.77 6.78 0 0 0 400 400
f1w_28 f0_257 f0_797 -1.06 1.06 8.66 0 0 0 400 400
f1w_35 f0_381 f0_491 0.02 -0.02 7.96 0 0 0 400 400
f1w_36 f0_474 f0_999 -2.93 2.93 7.05 0 0 0 400 400
f1w_37 f0_819 f0_999 -2.96 2.96 7.22 0 0 0 400 400
f1w_41 f0_386 f0_523 1.66 -1.66 9.86 0 0 0 400 400
f1w_46 f0_588 f0_653 -1.2 1.2 8.39 0 0 0 400 400
f1w_52 f0_255 f0_836 1.51 -1.51 7.82 0 0 0 400 400
f1w_53 f0_267 f0_295 -0.48 0.48 7.82 0 0 0 400 400
f1w_54 f0_533 f0_729 -0.24 0.24 7.8 0 0 0 400 400
f1w_55 f0_290 f0_687 -1.1 1.1 7.08 0 0 0 400 400
f1w_58 f0_645 f0_875 -1.43 1.43 8.24 0 0 0 400 400
f1w_60 f0_448 f0_710 0.79 -0.79 7.76 0 0 0 400 400
f1w_62 f0_511 f0_816 -0.08 0.08 8.17 0 0 0 400 400
f1w_63 f0_531 f0_866 1.5 -1.5 8.02 0 0 0 400 400
f1w_64 f0_687 f0_922 0.25 -0.25 7.25 0 0 0 400 400
f1w_65 f0_842 f0_865 1.17 -1.17 6.51 0 0 0 400 400
f1w_68 f0_264 f0_601 0.63 -0.63 8.04 0 0 0 400 400
f1w_70 f0_412 f0_1000 -1.92 1.92 8.89 0 0 0 400 400
f1w_72 f0_602 f0_603 0.42 -0.42 8.05 0 0 0 400 400
f1w_73 f0_467 f0_471 -1.42 1.42 8.72 0 0 0 400 400
f1w_74 f0_267 f0_333 -0.68 0.68 7.39 0 0 0 400 400
f1w_75 f0_516 f0_573 -1.54 1.54 9.73 0 0 0 400 400
f1w_76 f0_676 f0_767 -0.13 0.13 9.17 0 0 0 400 400
f1w_80 f0_246 f0_651 -2.02 2.02 6.48 0 0 0 400 400
f1w_82 f0_293 f0_810 2.44 -2.44 6.82 0 0 0 400 400
f1w_85 f0_523 f0_768 -1.15 1.15 8.72 0 0 0 400 400
f1w_87 f0_751 f0_909 -0.78 0.78 7.85 0 0 0 400 400
f1w_89 f0_361 f0_671 3.92 -3.92 6.03 0 0 0 400 400
f1w_90 f0_487 f0_570 -4.08 4.08 7.58 0 0 0 400 400
f1w_92 f0_737 f0_748 1.35 -1.35 7.87 0 0 0 400 400
f1w_93 f0_269 f0_586 -0.72 0.72 8.82 0 0 0 400 400
f1w_93 f2_39 f2_981 -0.21 0.21 0.36 0 0 4 400 400
f1w_94 f0_582 f0_927 -1.65 1.65 7.98 0 0 0 400 400
f1w_99 f0_263 f0_593 -0.1 0.1 7.3 0 0 0 400 400
f1w_100 f0_448 f0_696 1.99 -1.99 8.05 0 0 0 400 400
f1w_103 f0_328 f0_339 -0.06 0.06 8.96 0 0 0 400 400
f1w_104 f0_301 f0_322 -0.73 0.73 7.75 0 0 0 400 400
f1w_105 f0_445 f0_486 0.22 -0.22 8.22 0 0 0 400 400
f1w_106 f0_430 f0_632 -0.5 0.5 8.4 0 0 0 400 400
f1w_107 f0_277 f0_484 -1.12 1.12 8.06 0 0 0 400 400
f1w_109 f0_532 f0_846 0.97 -0.97 8.9 0 0 0 400 400
f1w_112 f0_766 f0_783 -0.01 0.01 8.74 0 0 0 400 400
f1w_113 f0_755 f0_809 0.84 -0.84 8.12 0 0 0 400 400
f1w_114 f0_599 f0_609 0.54 -0.54 9.21 0 0 0 400 400
f1w_117 f0_223 f0_391 1.05 -1.05 9.03 0 0 0 400 400
f1w_120 f0_874 f0_989 0.81 -0.81 8.72 0 0 0 400 400
f1w_121 f0_268 f0_288 1.03 -1.03 7.93 0 0 0 400 400
f1w_122 f0_664 f0_747 1.28 -1.28 7.93 0 0 0 400 400
f1w_123 f0_309 f0_972 1.42 -1.42 8.62 0 0 0 400 400
f1w_124 f0_233 f0_638 1.26 -1.26 8.19 0 0 0 400 400
f1w_125 f0_667 f0_863 3.1 -3.1 7.93 0 0 0 400 400
f1w_128 f0_264 f0_818 -0.91 0.91 7.8 0 0 0 400 400
f1w_131 f0_376 f0_655 -0.44 0.44 10.05 0 0 0 400 400
f1w_133 f0_219 f0_733 2.86 -2.86 6.78 0 0 0 400 400
f1w_135 f0_922 f0_972 2.96 -2.96 8.15 0 0 0 400 400
f1w_136 f0_441 f0_564 -2.39 2.39 6.8 0 0 0 400 400
f1w_137 f0_855 f0_896 1 -1 8.26 0 0 0 400 400
f1w_138 f0_490 f0_754 -0.5 0.5 9.12 0 0 0 400 400
f1w_140 f0_273 f0_836 -1.1 1.1 7.99 0 0 0 400 400
f1w_141 f0_668 f0_787 0.67 -0.67 7.92 0 0 0 400 400
f1w_142 f0_472 f0_580 -0.7 0.7 9.14 0 0 0 400 400
f1w_144 f0_502 f0_542 -1.73 1.73 8.31 0 0 0 400 400
f1w_145 f0_360 f0_922 1.11 -1.11 7.45 0 0 0 400 400
f1w_148 f0_482 f0_886 1.62 -1.62 7.99 0 0 0 400 400
f1w_149 f0_363 f0_730 0.99 -0.99 7.36 0 0 0 400 400
f1w_152 f0_512 f0_965 1.49 -1.49 6.46 0 0 0 400 400
f1w_154 f0_736 f0_947 -0.75 0.75 8.53 0 0 0 400 400
f1w_156 f0_369 f0_687 -3.56 3.56 6.86 0 0 0 400 400
f1w_158 f0_349 f0_723 2.45 -2.45 6.73 0 0 0 400 400
f1w_159 f0_357 f0_880 1.27 -1.27 8.8 0 0 0 400 400
f1w_160 f0_795 f0_846 1.38 -1.38 7.6 0 0 0 400 400
f1w_161 f0_574 f0_867 0.78 -0.78 7.15 0 0 0 400 400
f1w_162 f0_543 f0_913 -0.1 0.1 8.23 0 0 0 400 400
f1w_167 f0_530 f0_836 -0.18 0.18 7.01 0 0 0 400 400
f1w_169 f0_735 f0_800 0.24 -0.24 8.76 0 0 0 400 400
f1w_170 f0_402 f0_531 -2.3 2.3 7.79 0 0 0 400 400
f1w_171 f0_254 f0_996 1.89 -1.89 7.57 0 0 0 400 400
f1w_172 f0_236 f0_747 0.38 -0.38 7.98 0 0 0 400 400
f1w_177 f0_410 f0_931 -0.06 0.06 7.61 0 0 0 400 400
f1w_179 f0_214 f0_253 0.59 -0.59 6.4 0 0 0 400 400
f1w_180 f0_591 f0_885 0.95 -0.95 7.32 0 0 0 400 400
f1w_181 f0_600 f0_667 -1.47 1.47 7.75 0 0 0 400 400
f1w_183 f0_287 f0_544 3.45 -3.45 7.72 0 0 0 400 400
f1w_184 f0_453 f0_769 2.39 -2.39 7.21 0 0 0 400 400
f1w_185 f0_226 f0_705 0.1 -0.1 9.49 0 0 0 400 400
f1w_189 f0_514 f0_911 -0.75 0.75 8.18 0 0 0 400 400
f1w_190 f0_462 f0_848 1.16 -1.16 8.19 0 0 0 400 400
f1w_191 f0_735 f0_999 -2.82 2.82 7.49 0 0 0 400 400
f1w_192 f0_249 f0_574 0.2 -0.2 8.72 0 0 0 400 400
f1w_195 f0_453 f0_744 -0.12 0.12 8.67 0 0 0 400 400
f1w_196 f0_599 f0_963 0.32 -0.32 10.02 0 0 0 400 400
f1w_198 f0_796 f0_834 0.6 -0.6 9.61 0 0 0 400 400
f1w_200 f0_361 f0_624 2.78 -2.78 7.21 0 0 0 400 400
f1w_202 f0_222 f0_796 -0.56 0.56 9 0 0 0 400 400
f1w_205 f0_450 f0_502 0.13 -0.13 9.87 0 0 0 400 400
f1w_211 f0_376 f0_888 0.63 -0.63 7.04 0 0 0 400 400
f1w_215 f0_563 f0_726 0.7 -0.7 7.74 0 0 0 400 400
f1w_218 f0_356 f0_972 1.02 -1.02 9.08 0 0 0 400 400
f1w_220 f0_590 f0_908 -1.32 1.32 7.9 0 0 0 400 400
f1w_221 f0_531 f0_770 -1.12 1.12 8.57 0 0 0 400 400
f1w_223 f0_756 f0_841 1.61 -1.61 7.08 0 0 0 400 400
f1w_229 f0_496 f0_764 -2.43 2.43 6.75 0 0 0 400 400
f1w_230 f0_301 f0_444 -0.82 0.82 7.53 0 0 0 400 400
f1w_232 f0_644 f0_865 1.37 -1.37 8.6 0 0 0 400 400
f1w_234 f0_676 f0_841 0.87 -0.87 8.58 0 0 0 400 400
f1w_235 f0_840 f0_1000 -0.72 0.72 8.69 0 0 0 400 400
f1w_236 f0_412 f0_651 3.01 -3.01 7.08 0 0 0 400 400
f1w_243 f0_423 f0_924 0.37 -0.37 8.09 0 0 0 400 400
f1w_246 f0_337 f0_409 -1.45 1.45 8.27 0 0 0 400 400
f1w_252 f0_252 f0_707 -0.98 0.98 8.89 0 0 0 400 400
f1w_253 f0_636 f0_895 1.65 -1.65 8.55 0 0 0 400 400
f1w_254 f0_260 f0_695 1.68 -1.68 8.18 0 0 0 400 400
f1w_255 f0_363 f0_461 -0.62 0.62 9 0 0 0 400 400
f1w_263 f0_311 f0_905 -3.2 3.2 6.3 0 0 0 400 400
f1w_264 f0_445 f0_605 0.31 -0.31 7.99 0 0 0 400 400
f1w_265 f0_775 f0_926 -1.6 1.6 8.17 0 0 0 400 400
f1w_266 f0_970 f0_984 0.15 -0.15 9.15 0 0 0 400 400
f1w_267 f0_288 f0_456 1.46 -1.46 8.18 0 0 0 400 400
f1w_271 f0_651 f0_837 0.95 -0.95 9.12 0 0 0 400 400
f1w_273 f0_381 f0_590 -0.46 0.46 8.58 0 0 0 400 400
f1w_274 f0_551 f0_660 1.79 -1.79 7.58 0 0 0 400 400
f1w_275 f0_729 f0_784 2.92 -2.92 7.67 0 0 0 400 400
f1w_276 f0_277 f0_946 -0.25 0.25 7.42 0 0 0 400 400
f1w_277 f0_757 f0_894 0.71 -0.71 7.5 0 0 0 400 400
f1w_278 f0_256 f0_539 0.51 -0.51 8.92 0 0 0 400 400
f1w_279 f0_613 f0_883 2.69 -2.69 7.17 0 0 0 400 400
f1w_280 f0_238 f0_241 -1.03 1.03 8.83 0 0 0 400 400
f1w_286 f0_519 f0_543 3.17 -3.17 6.12 0 0 0 400 400
f1w_288 f0_671 f0_672 2.98 -2.98 6.55 0 0 0 400 400
f1w_289 f0_240 f0_544 -0.92 0.92 6.86 0 0 0 400 400
f1w_291 f0_508 f0_991 -1.84 1.84 7.34 0 0 0 400 400
f1w_292 f0_538 f0_582 0.71 -0.71 7.63 0 0 0 400 400
f1w_293 f0_473 f0_810 -0.39 0.39 8.01 0 0 0 400 400
f1w_294 f0_313 f0_521 2.53 -2.53 7.33 0 0 0 400 400
f1w_295 f0_362 f0_652 2.64 -2.64 6.63 0 0 0 400 400
f1w_296 f0_465 f0_824 0.38 -0.38 7.88 0 0 0 400 400
f1w_298 f0_251 f0_980 2.29 -2.29 6.48 0 0 0 400 400
f1w_300 f0_260 f0_779 -0.66 0.66 8.46 0 0 0 400 400
f1w_301 f0_271 f0_671 0.46 -0.46 8.34 0 0 0 400 400
f1w_304 f0_383 f0_984 2.96 -2.96 7.16 0 0 0 400 400
f1w_307 f0_347 f0_351 -1.88 1.88 7.84 0 0 0 400 400
f1w_308 f0_696 f0_710 0 0 9.05 0 0 0 400 400
f1w_310 f0_606 f0_988 -1.64 1.64 8.08 0 0 0 400 400
f1w_312 f0_501 f0_651 -1.53 1.53 7.85 0 0 0 400 400
f1w_318 f0_446 f0_820 1.08 -1.08 7.58 0 0 0 400 400
f1w_319 f0_655 f0_842 2.35 -2.35 8.2 0 0 0 400 400
f1w_321 f0_274 f0_843 -1.95 1.95 7.66 0 0 0 400 400
f1w_323 f0_861 f0_878 -1.1 1.1 7.12 0 0 0 400 400
f1w_325 f0_446 f0_784 -2.6 2.6 8.32 0 0 0 400 400
f1w_326 f0_720 f0_889 2.29 -2.29 7.15 0 0 0 400 400
f1w_331 f0_466 f0_514 1.14 -1.14 7.53 0 0 0 400 400
f1w_334 f0_484 f0_882 0.23 -0.23 8.68 0 0 0 400 400
f1w_335 f0_316 f0_413 -2.36 2.36 8.18 0 0 0 400 400
f1w_338 f0_795 f0_967 -2.69 2.69 7.54 0 0 0 400 400
f1w_339 f0_524 f0_586 -1.26 1.26 8.42 0 0 0 400 400
f1w_340 f0_249 f0_438 -1.35 1.35 6.45 0 0 0 400 400
f1w_344 f0_223 f0_645 -1.6 1.6 7.66 0 0 0 400 400
f1w_345 f0_584 f0_789 0.95 -0.95 7.83 0 0 0 400 400
f1w_351 f0_692 f0_787 1.81 -1.81 7.65 0 0 0 400 400
f1w_352 f0_615 f0_691 -0.5 0.5 8.77 0 0 0 400 400
f1w_355 f0_275 f0_697 0.44 -0.44 8.35 0 0 0 400 400
f1w_358 f0_723 f0_828 -0.39 0.39 8.88 0 0 0 400 400
f1w_360 f0_267 f0_380 1.21 -1.21 8.13 0 0 0 400 400
f1w_364 f0_526 f0_998 -1.58 1.58 8.13 0 0 0 400 400
f1w_368 f0_312 f0_978 1.66 -1.66 8 0 0 0 400 400
f1w_371 f0_355 f0_638 0.01 -0.01 7.87 0 0 0 400 400
f1w_372 f0_398 f0_858 -2.72 2.72 7.13 0 0 0 400 400
f1w_378 f0_517 f0_855 -0.82 0.82 10.15 0 0 0 400 400
f1w_380 f0_915 f0_971 1.37 -1.37 7.55 0 0 0 400 400
f1w_383 f0_205 f0_528 0.42 -0.42 8.96 0 0 0 400 400
f1w_387 f0_545 f0_830 -0.05 0.05 8.6 0 0 0 400 400
f1w_388 f0_397 f0_481 -0.18 0.18 9.02 0 0 0 400 400
f1w_390 f0_390 f0_417 -2.24 2.24 7.08 0 0 0 400 400
f1w_392 f0_323 f0_428 -1.84 1.84 8.89 0 0 0 400 400
f1w_394 f0_340 f0_632 1.21 -1.21 7.59 0 0 0 400 400
f1w_396 f0_632 f0_702 -1.22 1.22 8.1 0 0 0 400 400
f1w_399 f0_784 f0_865 0.59 -0.59 8.17 0 0 0 400 400
f1w_401 f0_380 f0_878 -0.39 0.39 8.69 0 0 0 400 400
f1w_402 f0_254 f0_651 1.08 -1.08 7.92 0 0 0 400 400
f1w_403 f0_262 f0_972 2.73 -2.73 7.96 0 0 0 400 400
f1w_404 f0_211 f0_385 0.36 -0.36 7.5 0 0 0 400 400
f1w_408 f0_334 f0_618 1.33 -1.33 7.99 0 0 0 400 400
f1w_409 f0_238 f0_373 1.04 -1.04 9.18 0 0 0 400 400
f1w_410 f0_601 f0_890 0.54 -0.54 8.24 0 0 0 400 400
f1w_411 f0_964 f0_998 -1.7 1.7 8.04 0 0 0 400 400
f1w_413 f0_311 f0_787 -0.47 0.47 7.63 0 0 0 400 400
f1w_414 f0_795 f0_892 -0.36 0.36 8.52 0 0 0 400 400
f1w_416 f0_238 f0_730 1.47 -1.47 7.24 0 0 0 400 400
f1w_417 f0_339 f0_528 0.66 -0.66 8.5 0 0 0 400 400
f1w_418 f0_548 f0_711 -1.43 1.43 7.33 0 0 0 400 400
f1w_420 f0_476 f0_950 -0.78 0.78 7.68 0 0 0 400 400
f1w_421 f0_587 f0_926 -0.4 0.4 7.51 0 0 0 400 400
f1w_424 f0_244 f0_529 -0.51 0.51 6.62 0 0 0 400 400
f1w_427 f0_249 f0_362 -2.06 2.06 7.05 0 0 0 400 400
f1w_428 f0_515 f0_559 -1.51 1.51 7.04 0 0 0 400 400
f1w_429 f0_432 f0_923 2.69 -2.69 6.81 0 0 0 400 400
f1w_430 f0_345 f0_447 0.32 -0.32 9.49 0 0 0 400 400
f1w_431 f0_764 f2_167 3.43 -3.43 1.87 0 0 2 400 400
f1w_432 f0_421 f0_992 1.24 -1.24 7.63 0 0 0 400 400
f1w_434 f0_234 f0_975 -1.41 1.41 9.39 0 0 0 400 400
f1w_437 f0_222 f0_340 -0.42 0.42 8.74 0 0 0 400 400
f1w_438 f0_764 f0_834 -0.09 0.09 9.04 0 0 0 400 400
f1w_439 f0_472 f0_822 -3.14 3.14 6.6 0 0 0 400 400
f1w_443 f0_253 f0_591 0.38 -0.38 8.12 0 0 0 400 400
f1w_445 f0_233 f0_454 -1.11 1.11 6.82 0 0 0 400 400
f1w_446 f0_347 f0_783 0.36 -0.36 7.95 0 0 0 400 400
f1w_448 f0_836 f0_963 1.25 -1.25 8.04 0 0 0 400 400
f1w_449 f0_576 f0_740 0.61 -0.61 6.63 0 0 0 400 400
f1w_450 f0_226 f0_954 -0.62 0.62 8 0 0 0 400 400
f1w_454 f0_400 f0_730 -0.98 0.98 8.26 0 0 0 400 400
f1w_455 f0_421 f0_523 1.36 -1.36 7.25 0 0 0 400 400
f1w_456 f0_412 f0_632 -1.15 1.15 9.01 0 0 0 400 400
f1w_457 f0_285 f0_605 -0.94 0.94 8.53 0 0 0 400 400
f1w_460 f0_240 f0_793 0.92 -0.92 8.37 0 0 0 400 400
f1w_461 f0_503 f0_513 2.71 -2.71 7.52 0 0 0 400 400
f1w_462 f0_206 f0_635 2.15 -2.15 6.59 0 0 0 400 400
f1w_464 f0_746 f0_771 2.1 -2.1 7.56 0 0 0 400 400
f1w_467 f0_249 f0_586 -0.38 0.38 8.52 0 0 0 400 400
f1w_469 f0_710 f0_748 -1.01 1.01 9.07 0 0 0 400 400
f1w_470 f0_232 f0_895 1.94 -1.94 7.73 0 0 0 400 400
f1w_471 f0_573 f0_715 -0.54 0.54 7.25 0 0 0 400 400
f1w_472 f0_248 f0_435 -1.35 1.35 8.51 0 0 0 400 400
f1w_478 f0_732 f0_970 1.34 -1.34 7.76 0 0 0 400 400
f1w_479 f0_696 f0_987 2.25 -2.25 7.58 0 0 0 400 400
f1w_480 f0_290 f0_355 0.46 -0.46 8.31 0 0 0 400 400
f1w_485 f0_306 f0_615 -1.03 1.03 8.36 0 0 0 400 400
f1w_486 f0_450 f0_791 -0.12 0.12 7.39 0 0 0 400 400
f1w_487 f0_271 f0_356 -0.24 0.24 7.21 0 0 0 400 400
f1w_488 f0_920 f0_941 2.08 -2.08 8.76 0 0 0 400 400
f1w_491 f0_232 f0_775 1.82 -1.82 7.06 0 0 0 400 400
f1w_492 f0_497 f0_707 -0.58 0.58 7.73 0 0 0 400 400
f1w_496 f0_556 f0_965 0.55 -0.55 7.32 0 0 0 400 400
f1w_497 f0_391 f0_612 -1.5 1.5 8.28 0 0 0 400 400
f1w_498 f0_441 f0_958 -1.35 1.35 8.57 0 0 0 400 400
f1w_499 f0_280 f0_896 0.29 -0.29 10.37 0 0 0 400 400
f1w_500 f0_386 f0_752 -1.33 1.33 7.93 0 0 0 400 400
f2_2 f1h_173 f1w_298 -1.09 1.09 8.54 0 0 0 400 400
f2_3 f1h_265 f1w_375 -0.99 0.99 8.91 0 0 0 400 400
f2_4 f1h_122 f1h_302 0.21 -0.21 8.49 0 0 0 400 400
f2_5 f1h_405 f1w_428 -3.61 3.61 8.17 0 0 0 400 400
f2_7 f1h_297 f1w_19 0.65 -0.65 9.34 0 0 0 400 400
f2_11 f1w_16 f1w_345 0.79 -0.79 6.64 0 0 0 400 400
f2_12 f1w_107 f1w_413 -3 3 7.27 0 0 0 400 400
f2_13 f1w_99 f1w_381 -3.77 3.77 5.34 0 0 0 400 400
f2_14 f1w_57 f1w_142 -1.14 1.14 7.71 0 0 0 400 400
f2_17 f1w_381 f1w_385 -0.36 0.36 8.55 0 0 0 400 400
f2_20 f1h_337 f1w_329 0.75 -0.75 7.81 0 0 0 400 400
f2_21 f1w_312 f1w_323 1.64 -1.64 7.72 0 0 0 400 400
f2_22 f1w_85 f1w_428 -1.93 1.93 7.13 0 0 0 400 400
f2_23 f1h_154 f1h_325 -0.23 0.23 8.16 0 0 0 400 400
f2_25 f1w_424 f1w_491 -1.1 1.1 7.65 0 0 0 400 400
f2_26 f1w_273 f1w_377 -1.11 1.11 7.74 0 0 0 400 400
f2_27 f1h_156 f1h_372 0.12 -0.12 7.81 0 0 0 400 400
f2_28 f1h_419 f1w_263 -1.58 1.58 7.42 0 0 0 400 400
f2_29 f1h_53 f1w_312 0.55 -0.55 8.57 0 0 0 400 400
f2_30 f1h_181 f1w_129 0.86 -0.86 8.6 0 0 0 400 400
f2_32 f1h_407 f1w_190 0.56 -0.56 8.06 0 0 0 400 400
f2_35 f1h_310 f1h_472 2.28 -2.28 7.47 0 0 0 400 400
f2_36 f1h_178 f1w_126 -1.43 1.43 7.73 0 0 0 400 400
f2_39 f1w_70 f1w_93 2.26 -2.26 7.18 0 0 0 400 400
f2_40 f1h_21 f1h_256 1.36 -1.36 7.37 0 0 0 400 400
f2_42 f1h_391 f1w_70 2.9 -2.9 7.81 0 0 0 400 400
f2_43 f1h_62 f1w_361 -0.72 0.72 6.09 0 0 0 400 400
f2_44 f1h_179 f1w_455 0.79 -0.79 7.96 0 0 0 400 400
f2_45 f1h_206 f1h_424 -1.32 1.32 8.55 0 0 0 400 400
f2_46 f1h_253 f1w_13 -1.18 1.18 7.81 0 0 0 400 400
f2_49 f1h_87 f1w_1 0.77 -0.77 8.34 0 0 0 400 400
f2_50 f1h_391 f1h_451 -1.81 1.81 9.54 0 0 0 400 400
f2_54 f1h_63 f1w_360 -0.26 0.26 8.1 0 0 0 400 400
f2_57 f1h_13 f1h_70 -0.53 0.53 9.38 0 0 0 400 400
f2_60 f1w_140 f1w_311 -0.19 0.19 8.64 0 0 0 400 400
f2_63 f1h_362 f1w_488 2.58 -2.58 6.38 0 0 0 400 400
f2_64 f1w_52 f1w_221 1.1 -1.1 8.53 0 0 0 400 400
f2_67 f1h_49 f1h_478 0.62 -0.62 7.66 0 0 0 400 400
f2_68 f1w_284 f1w_364 0.88 -0.88 7.9 0 0 0 400 400
f2_69 f1h_477 f1w_35 1.81 -1.81 7.74 0 0 0 400 400
f2_74 f1h_179 f1w_293 -1.12 1.12 7.74 0 0 0 400 400
f2_76 f1h_372 f1w_403 0.39 -0.39 7.83 0 0 0 400 400
f2_77 f1h_138 f1w_406 0.67 -0.67 7.3 0 0 0 400 400
f2_78 f1h_69 f1w_121 1.92 -1.92 6.36 0 0 0 400 400
f2_80 f1h_224 f1w_117 1.72 -1.72 8.72 0 0 0 400 400
f2_81 f1h_185 f1h_442 0.57 -0.57 7.98 0 0 0 400 400
f2_82 f1h_401 f1w_333 0.28 -0.28 9.87 0 0 0 400 400
f2_85 f1h_198 f1w_327 -1.52 1.52 7.39 0 0 0 400 400
f2_88 f1h_370 f1w_309 -0.18 0.18 9.39 0 0 0 400 400
f2_90 f1h_439 f1h_478 -3.81 3.81 7.34 0 0 0 400 400
f2_91 f1h_398 f1w_192 -0.09 0.09 7.91 0 0 0 400 400
f2_93 f1h_78 f1w_149 0.13 -0.13 8.01 0 0 0 400 400
f2_94 f1h_342 f1w_278 -2.07 2.07 9.74 0 0 0 400 400
f2_95 f1h_434 f1w_223 0.41 -0.41 8.96 0 0 0 400 400
f2_96 f1h_31 f1w_13 -1.4 1.4 7.78 0 0 0 400 400
f2_98 f1h_180 f1w_490 -1.17 1.17 7.9 0 0 0 400 400
f2_99 f1h_21 f1h_463 0.93 -0.93 7.4 0 0 0 400 400
f2_103 f1w_124 f1w_363 3.53 -3.53 7.46 0 0 0 400 400
f2_105 f1h_368 f1h_496 -0.48 0.48 8.08 0 0 0 400 400
f2_106 f1h_103 f1h_470 -0.69 0.69 6.74 0 0 0 400 400
f2_109 f1h_124 f1w_299 1.39 -1.39 8.12 0 0 0 400 400
f2_110 f1w_64 f1w_332 2.4 -2.4 6.61 0 0 0 400 400
f2_114 f1h_113 f1w_16 0.25 -0.25 8.76 0 0 0 400 400
f2_118 f1h_187 f1w_449 0.97 -0.97 7.63 0 0 0 400 400
f2_123 f1w_106 f1w_404 1.44 -1.44 8.46 0 0 0 400 400
f2_124 f1w_203 f1w_249 0.11 -0.11 9.25 0 0 0 400 400
f2_125 f1h_40 f1h_366 -1.57 1.57 7.51 0 0 0 400 400
f2_126 f1h_446 f1w_184 -2.21 2.21 7.39 0 0 0 400 400
f2_131 f1h_424 f1w_241 1.57 -1.57 7.76 0 0 0 400 400
f2_132 f1w_37 f1w_61 -1.89 1.89 7.2 0 0 0 400 400
f2_135 f1h_105 f1h_209 -1.01 1.01 7.36 0 0 0 400 400
f2_136 f1w_106 f1w_485 -1.65 1.65 7.65 0 0 0 400 400
f2_138 f1h_207 f1w_244 2.09 -2.09 8.29 0 0 0 400 400
f2_139 f1h_162 f1w_5 1.88 -1.88 7.01 0 0 0 400 400
f2_140 f1h_195 f1w_445 -1.52 1.52 8.16 0 0 0 400 400
f2_142 f1w_331 f1w_407 0.44 -0.44 8.41 0 0 0 400 400
f2_143 f1h_397 f1h_472 -1.06 1.06 8.37 0 0 0 400 400
f2_144 f1w_130 f1w_372 -0.18 0.18 9.99 0 0 0 400 400
f2_145 f1h_265 f1w_195 -3.52 3.52 7.59 0 0 0 400 400
f2_147 f1w_149 f1w_442 -0.71 0.71 8.08 0 0 0 400 400
f2_149 f1h_175 f1w_440 -0.37 0.37 7.25 0 0 0 400 400
f2_150 f1w_25 f1w_182 1.69 -1.69 8.59 0 0 0 400 400
f2_151 f1h_279 f1w_337 3.29 -3.29 5.93 0 0 0 400 400
f2_154 f1h_44 f1h_101 2.39 -2.39 9.42 0 0 0 400 400
f2_155 f1h_424 f1w_167 -0.48 0.48 7.59 0 0 0 400 400
f2_159 f1h_344 f1h_479 -1.45 1.45 8.14 0 0 0 400 400
f2_161 f1h_26 f1w_161 0.17 -0.17 9.16 0 0 0 400 400
f2_162 f1h_177 f1w_152 0.81 -0.81 8.36 0 0 0 400 400
f2_163 f1w_30 f1w_365 -3.18 3.18 7.22 0 0 0 400 400
f2_164 f1w_144 f1w_385 0.57 -0.57 7.3 0 0 0 400 400
f2_166 f1h_267 f1h_351 0.76 -0.76 7.41 0 0 0 400 400
f2_167 f1w_431 f1w_461 -2.95 2.95 7.08 0 0 0 400 400
f2_168 f1h_104 f1h_230 2.9 -2.9 7.44 0 0 0 400 400
f2_171 f1h_205 f1w_26 -1.14 1.14 7.24 0 0 0 400 400
f2_172 f1h_116 f1w_36 1.75 -1.75 6.83 0 0 0 400 400
f2_173 f1h_288 f1w_26 -3.42 3.42 6.35 0 0 0 400 400
f2_175 f1w_201 f1w_333 0.51 -0.51 8.59 0 0 0 400 400
f2_179 f1h_135 f1h_351 1.74 -1.74 7.05 0 0 0 400 400
f2_181 f1w_70 f1w_167 0.08 -0.08 8.98 0 0 0 400 400
f2_182 f1h_108 f1h_427 0.7 -0.7 7.58 0 0 0 400 400
f2_184 f1h_238 f1h_490 -1.21 1.21 7.51 0 0 0 400 400
f2_190 f1h_93 f1h_368 -0.04 0.04 10.08 0 0 0 400 400
f2_192 f1h_53 f1w_400 -2.73 2.73 8.15 0 0 0 400 400
f2_193 f1h_210 f1h_381 -1.45 1.45 8.29 0 0 0 400 400
f2_194 f1h_340 f1w_64 -0.82 0.82 7.26 0 0 0 400 400
f2_195 f1h_31 f1h_279 -1.4 1.4 7.65 0 0 0 400 400
f2_196 f1h_348 f1w_159 -0.12 0.12 9.21 0 0 0 400 400
f2_199 f1h_234 f1h_259 -0.56 0.56 9.37 0 0 0 400 400
f2_200 f1w_192 f1w_244 -0.46 0.46 9.69 0 0 0 400 400
f2_201 f1w_80 f1w_333 -1.97 1.97 5.37 0 0 0 400 400
f2_202 f1h_2 f1h_242 1.42 -1.42 7.59 0 0 0 400 400
f2_205 f1w_202 f1w_264 0.43 -0.43 8.11 0 0 0 400 400
f2_206 f1h_27 f1w_249 1.47 -1.47 7.38 0 0 0 400 400
f2_209 f1h_199 f1w_135 0.02 -0.02 8.13 0 0 0 400 400
f2_210 f1h_319 f1w_267 1.11 -1.11 8.66 0 0 0 400 400
f2_215 f1h_163 f1w_417 0.91 -0.91 8.81 0 0 0 400 400
f2_217 f1h_306 f1w_23 -0.55 0.55 8.86 0 0 0 400 400
f2_218 f1h_232 f1h_360 0.58 -0.58 7.71 0 0 0 400 400
f2_220 f1h_131 f1h_356 -2.05 2.05 7.38 0 0 0 400 400
f2_222 f1h_159 f1w_430 0.25 -0.25 8.35 0 0 0 400 400
f2_224 f1h_48 f1h_340 -3.04 3.04 5.76 0 0 0 400 400
f2_225 f1w_75 f1w_464 1.73 -1.73 7.36 0 0 0 400 400
f2_226 f1h_242 f1w_142 -0.75 0.75 7.51 0 0 0 400 400
f2_229 f1h_70 f1h_376 -3.41 3.41 7.16 0 0 0 400 400
f2_233 f1h_433 f1w_19 -1.96 1.96 8.94 0 0 0 400 400
f2_234 f1h_431 f1w_60 -1.09 1.09 7.06 0 0 0 400 400
f2_235 f1h_433 f1h_497 -1.42 1.42 7.74 0 0 0 400 400
f2_238 f1h_384 f1h_460 0.84 -0.84 7.35 0 0 0 400 400
f2_239 f1h_221 f1w_137 -1.08 1.08 7.84 0 0 0 400 400
f2_243 f1h_190 f1w_448 -1.61 1.61 6.96 0 0 0 400 400
f2_244 f1h_90 f1w_158 2.2 -2.2 6.86 0 0 0 400 400
f2_248 f1h_387 f1w_431 1.78 -1.78 7.34 0 0 0 400 400
f2_249 f1h_338 f1h_445 0.24 -0.24 8.16 0 0 0 400 400
f2_251 f1w_56 f1w_176 1.72 -1.72 7.87 0 0 0 400 400
f2_253 f1w_201 f1w_261 2.6 -2.6 7.94 0 0 0 400 400
f2_254 f1w_25 f1w_468 0.41 -0.41 7.92 0 0 0 400 400
f2_259 f1h_393 f1h_407 -5.2 5.2 6.29 0 0 0 400 400
f2_264 f1h_3 f1h_473 -0.37 0.37 8.76 0 0 0 400 400
f2_265 f1h_327 f1h_370 -1.57 1.57 7.7 0 0 0 400 400
f2_266 f1h_324 f1w_487 -1.49 1.49 6.49 0 0 0 400 400
f2_267 f1h_487 f1w_4 -2.27 2.27 7.74 0 0 0 400 400
f2_270 f1h_391 f1w_57 0.94 -0.94 6.96 0 0 0 400 400
f2_273 f1w_189 f1w_413 0.71 -0.71 7.97 0 0 0 400 400
f2_274 f1h_34 f1h_216 0.56 -0.56 7.86 0 0 0 400 400
f2_275 f1w_75 f1w_408 0.54 -0.54 8.04 0 0 0 400 400
f2_276 f1h_50 f1w_4 -0.65 0.65 7.5 0 0 0 400 400
f2_277 f1h_265 f1h_444 -1.32 1.32 7.15 0 0 0 400 400
f2_278 f1w_359 f1w_432 -2.57 2.57 7.12 0 0 0 400 400
f2_280 f1h_171 f1h_436 -0.73 0.73 8.46 0 0 0 400 400
f2_281 f1h_281 f1h_438 -1.25 1.25 7.39 0 0 0 400 400
f2_284 f1h_340 f1w_53 2.5 -2.5 6.98 0 0 0 400 400
f2_286 f1w_54 f1w_342 -0.1 0.1 9.8 0 0 0 400 400
f2_288 f1w_256 f1w_417 1.75 -1.75 6.49 0 0 0 400 400
f2_289 f1h_21 f1h_265 2.47 -2.47 7.16 0 0 0 400 400
f2_291 f1h_459 f1w_10 -0.58 0.58 8.83 0 0 0 400 400
f2_293 f1w_18 f1w_358 -3.34 3.34 6.45 0 0 0 400 400
f2_295 f1h_56 f1h_438 -0.92 0.92 10.2 0 0 0 400 400
f2_302 f1h_499 f1w_312 -0.01 0.01 8.74 0 0 0 400 400
f2_303 f1w_96 f1w_407 0.36 -0.36 8.19 0 0 0 400 400
f2_304 f1h_286 f1h_398 -1 1 8.57 0 0 0 400 400
f2_306 f1h_264 f1w_178 -1.64 1.64 7.16 0 0 0 400 400
f2_307 f1h_261 f1h_320 1.74 -1.74 8.12 0 0 0 400 400
f2_308 f1w_128 f1w_174 -0.49 0.49 9.38 0 0 0 400 400
f2_311 f1h_68 f1h_342 -0.81 0.81 7.94 0 0 0 400 400
f2_312 f1h_430 f1w_177 -0.21 0.21 9.69 0 0 0 400 400
f2_313 f1h_338 f1h_372 -2.29 2.29 7.39 0 0 0 400 400
f2_316 f1h_270 f1h_304 -3.03 3.03 8.34 0 0 0 400 400
f2_317 f1w_200 f1w_301 -2.48 2.48 6.59 0 0 0 400 400
f2_319 f1w_128 f1w_244 -0.05 0.05 8.64 0 0 0 400 400
f2_320 f1h_59 f1w_256 -0.41 0.41 8.43 0 0 0 400 400
f2_321 f1h_186 f1h_310 -0.15 0.15 8.13 0 0 0 400 400
f2_322 f1h_172 f1h_428 2.53 -2.53 6.9 0 0 0 400 400
f2_323 f1h_279 f1h_444 0.12 -0.12 8.02 0 0 0 400 400
f2_325 f1h_143 f1h_424 -0.1 0.1 8 0 0 0 400 400
f2_326 f1w_93 f1w_375 0.53 -0.53 9.32 0 0 0 400 400
f2_327 f1h_66 f1h_257 -1.17 1.17 7.31 0 0 0 400 400
f2_331 f1h_69 f1w_374 -1.14 1.14 8.26 0 0 0 400 400
f2_332 f1h_3 f1w_337 -0.08 0.08 8.22 0 0 0 400 400
f2_334 f1h_80 f1h_157 -1.39 1.39 8.7 0 0 0 400 400
f2_337 f1w_417 f1w_450 -0.99 0.99 7.05 0 0 0 400 400
f2_340 f1h_174 f1w_154 -1.29 1.29 8.84 0 0 0 400 400
f2_341 f1w_257 f1w_478 1.12 -1.12 9.44 0 0 0 400 400
f2_342 f1w_393 f1w_475 -2.04 2.04 6.58 0 0 0 400 400
f2_344 f1w_66 f1w_186 -0.32 0.32 9.11 0 0 0 400 400
f2_345 f1w_329 f1w_331 -3.22 3.22 5.78 0 0 0 400 400
f2_346 f1w_96 f1w_462 1.11 -1.11 7.33 0 0 0 400 400
f2_347 f1h_153 f1w_396 -1.88 1.88 7.26 0 0 0 400 400
f2_350 f1h_1 f1h_247 -1.54 1.54 8.74 0 0 0 400 400
f2_351 f1h_253 f1w_313 0.8 -0.8 6.48 0 0 0 400 400
f2_360 f1h_204 f1w_284 0.16 -0.16 8.41 0 0 0 400 400
f2_362 f1h_73 f1w_188 -2.02 2.02 8.02 0 0 0 400 400
f2_364 f1h_38 f1w_63 -2.34 2.34 7.74 0 0 0 400 400
f2_368 f1h_156 f1w_171 1.89 -1.89 5.89 0 0 0 400 400
f2_370 f1h_382 f1w_316 -0.75 0.75 9.04 0 0 0 400 400
f2_371 f1h_26 f1h_267 -2.3 2.3 7.58 0 0 0 400 400
f2_374 f1h_91 f1h_242 -0.54 0.54 8.79 0 0 0 400 400
f2_377 f1h_20 f1h_417 1.09 -1.09 7.85 0 0 0 400 400
f2_378 f1h_443 f1w_159 -2.51 2.51 7.67 0 0 0 400 400
f2_379 f1w_22 f1w_303 1.02 -1.02 8.57 0 0 0 400 400
f2_383 f1w_324 f1w_336 -0.99 0.99 8.33 0 0 0 400 400
f2_386 f1h_47 f1h_368 1.68 -1.68 7.34 0 0 0 400 400
f2_388 f1h_494 f1w_254 -1.08 1.08 9.02 0 0 0 400 400
f2_392 f1h_184 f1w_399 3.24 -3.24 6.1 0 0 0 400 400
f2_393 f1h_243 f1w_316 -1.69 1.69 8.64 0 0 0 400 400
f2_394 f1h_199 f1w_148 3.19 -3.19 6.92 0 0 0 400 400
f2_395 f1h_9 f1h_106 -2.54 2.54 7.24 0 0 0 400 400
f2_396 f1w_170 f1w_409 0.33 -0.33 9.13 0 0 0 400 400
f2_398 f1h_190 f1w_173 0.32 -0.32 8.04 0 0 0 400 400
f2_400 f1w_31 f1w_439 -3.33 3.33 7.1 0 0 0 400 400
f2_404 f1h_174 f1w_20 -1.41 1.41 7.78 0 0 0 400 400
f2_408 f1w_182 f1w_197 1.31 -1.31 8.68 0 0 0 400 400
f2_411 f1h_412 f1w_400 -0.43 0.43 8.01 0 0 0 400 400
f2_412 f1h_242 f1w_479 -0.17 0.17 8.83 0 0 0 400 400
f2_413 f1h_88 f1w_284 0.96 -0.96 7.88 0 0 0 400 400
f2_414 f1h_398 f1w_58 0.16 -0.16 8.52 0 0 0 400 400
f2_415 f1h_267 f1h_339 0.59 -0.59 8.55 0 0 0 400 400
f2_416 f1h_470 f1w_276 1.64 -1.64 6.96 0 0 0 400 400
f2_417 f1w_228 f1w_450 -1.29 1.29 8.29 0 0 0 400 400
f2_418 f1h_5 f1h_217 0.77 -0.77 7.07 0 0 0 400 400
f2_419 f1h_173 f1h_359 -0.86 0.86 9.18 0 0 0 400 400
f2_425 f1h_497 f1w_363 0.91 -0.91 7.46 0 0 0 400 400
f2_426 f1h_143 f1h_421 -0.03 0.03 7.94 0 0 0 400 400
f2_429 f1w_101 f1w_309 0.79 -0.79 8.58 0 0 0 400 400
f2_432 f1h_66 f1h_390 2.11 -2.11 7.52 0 0 0 400 400
f2_433 f1h_198 f1h_256 0.46 -0.46 7.49 0 0 0 400 400
f2_434 f1h_100 f1w_374 -3.87 3.87 6.77 0 0 0 400 400
f2_442 f1h_122 f1h_161 -0.34 0.34 7.52 0 0 0 400 400
f2_443 f1h_204 f1w_399 0.28 -0.28 8.9 0 0 0 400 400
f2_444 f1w_28 f1w_399 -1.79 1.79 7.79 0 0 0 400 400
f2_446 f1w_325 f1w_427 -0.03 0.03 8.91 0 0 0 400 400
f2_448 f1h_46 f1w_387 -1.06 1.06 8.33 0 0 0 400 400
f2_451 f1w_140 f1w_398 -0.9 0.9 8.53 0 0 0 400 400
f2_453 f1h_3 f1w_471 1.56 -1.56 7.15 0 0 0 400 400
f2_455 f1w_437 f1w_465 1.2 -1.2 8.14 0 0 0 400 400
f2_456 f1h_291 f1w_469 1.8 -1.8 7.89 0 0 0 400 400
f2_457 f1h_350 f1w_379 -0.49 0.49 9.28 0 0 0 400 400
f2_458 f1w_14 f1w_443 0.64 -0.64 8.89 0 0 0 400 400
f2_459 f1h_270 f1w_396 -0.83 0.83 9.65 0 0 0 400 400
f2_460 f1w_120 f1w_205 3.05 -3.05 7.19 0 0 0 400 400
f2_461 f1h_175 f1w_99 -0.37 0.37 7.4 0 0 0 400 400
f2_468 f1h_207 f1h_351 -0.81 0.81 8.56 0 0 0 400 400
f2_469 f1w_80 f1w_142 -0.79 0.79 7.24 0 0 0 400 400
f2_473 f1h_64 f1w_364 1.22 -1.22 7.42 0 0 0 400 400
f2_475 f1w_248 f1w_435 3.99 -3.99 7.24 0 0 0 400 400
f2_476 f1h_395 f1w_370 2.05 -2.05 8.19 0 0 0 400 400
f2_477 f1h_284 f1w_276 -1.75 1.75 7.77 0 0 0 400 400
f2_478 f1h_162 f1w_478 0.85 -0.85 7.83 0 0 0 400 400
f2_479 f1w_181 f1w_266 0.42 -0.42 8.25 0 0 0 400 400
f2_480 f1h_491 f1w_428 -1.61 1.61 7.38 0 0 0 400 400
f2_481 f1h_172 f1h_381 -0.73 0.73 9.37 0 0 0 400 400
f2_482 f1h_337 f1w_286 1.76 -1.76 8.03 0 0 0 400 400
f2_483 f1h_67 f1h_287 -2.2 2.2 8.36 0 0 0 400 400
f2_485 f1h_362 f1w_201 -0.51 0.51 8.71 0 0 0 400 400
f2_487 f1h_156 f1h_207 -0.7 0.7 8.41 0 0 0 400 400
f2_488 f1h_127 f1h_220 -1.03 1.03 9.08 0 0 0 400 400
f2_489 f1w_214 f1w_400 -0.11 0.11 8.34 0 0 0 400 400
f2_490 f1h_129 f1w_476 0.44 -0.44 7.24 0 0 0 400 400
f2_492 f1h_103 f1w_19 1.23 -1.23 7.39 0 0 0 400 400
f2_493 f1h_236 f1w_44 2.52 -2.52 7.98 0 0 0 400 400
f2_496 f1h_280 f1w_200 0.53 -0.53 7.74 0 0 0 400 400
f2_500 f1w_443 f1w_497 0.06 -0.06 8.29 0 0 0 400 400
f2_502 f1h_61 f1h_398 -2.68 2.68 7.69 0 0 0 400 400
f2_503 f1w_249 f1w_470 0.11 -0.11 8.54 0 0 0 400 400
f2_504 f1h_9 f1h_13 0.03 -0.03 9.3 0 0 0 400 400
f2_506 f1w_167 f1w_291 1.55 -1.55 7.22 0 0 0 400 400
f2_507 f1h_126 f1w_248 -0.77 0.77 6.93 0 0 0 400 400
f2_508 f1w_141 f1w_259 0.73 -0.73 8.82 0 0 0 400 400
f2_510 f1w_73 f1w_486 0.43 -0.43 7.64 0 0 0 400 400
f2_513 f1h_80 f1h_304 -0.46 0.46 7.45 0 0 0 400 400
f2_514 f1h_196 f1w_54 0.92 -0.92 8.51 0 0 0 400 400
f2_516 f1h_80 f1w_292 -2.57 2.57 7.56 0 0 0 400 400
f2_517 f1h_332 f1w_128 -0.93 0.93 7.93 0 0 0 400 400
f2_521 f1h_100 f1h_385 -2.35 2.35 8.62 0 0 0 400 400
f2_522 f1h_380 f1h_405 0.68 -0.68 8.56 0 0 0 400 400
f2_523 f1h_130 f1h_219 1.04 -1.04 9.45 0 0 0 400 400
f2_524 f1h_353 f1w_372 -0.78 0.78 8.85 0 0 0 400 400
f2_525 f1h_25 f1h_205 -1.88 1.88 8.28 0 0 0 400 400
f2_529 f1h_73 f1h_375 0.14 -0.14 9.26 0 0 0 400 400
f2_531 f1h_102 f1w_309 0.67 -0.67 8.76 0 0 0 400 400
f2_532 f1h_105 f1w_223 0.71 -0.71 9.11 0 0 0 400 400
f2_533 f1h_194 f1w_252 1.04 -1.04 7.33 0 0 0 400 400
f2_534 f1w_145 f1w_410 0.12 -0.12 8.7 0 0 0 400 400
f2_538 f1h_105 f1w_421 -1.39 1.39 8.17 0 0 0 400 400
f2_539 f1h_231 f1w_127 -0.3 0.3 8.48 0 0 0 400 400
f2_542 f1h_192 f1h_202 -0.05 0.05 7.79 0 0 0 400 400
f2_543 f1w_62 f1w_233 0.03 -0.03 8.12 0 0 0 400 400
f2_544 f1h_45 f1h_294 -0.27 0.27 8.87 0 0 0 400 400
f2_546 f1h_443 f1w_353 -1.63 1.63 7.39 0 0 0 400 400
f2_547 f1h_436 f1w_76 -0.28 0.28 8.84 0 0 0 400 400
f2_549 f1h_246 f1w_365 -0.67 0.67 7.27 0 0 0 400 400
f2_550 f1h_249 f1w_434 1.52 -1.52 8.13 0 0 0 400 400
f2_551 f1h_297 f1w_44 -0.73 0.73 8.75 0 0 0 400 400
f2_552 f1w_281 f1w_477 -1.02 1.02 8.5 0 0 0 400 400
f2_553 f1h_400 f1h_474 1.26 -1.26 8.93 0 0 0 400 400
f2_556 f1h_11 f1h_382 -0.9 0.9 9.1 0 0 0 400 400
f2_557 f1w_277 f1w_485 0.51 -0.51 8.57 0 0 0 400 400
f2_558 f1h_72 f1w_468 0.93 -0.93 7.68 0 0 0 400 400
f2_559 f1h_318 f1w_323 2.19 -2.19 7.85 0 0 0 400 400
f2_560 f1h_106 f1w_72 3.24 -3.24 7.55 0 0 0 400 400
f2_563 f1h_206 f1w_418 -2.61 2.61 8.06 0 0 0 400 400
f2_564 f1h_207 f1h_400 1.89 -1.89 8.26 0 0 0 400 400
f2_565 f1h_439 f1w_418 0.79 -0.79 5.93 0 0 0 400 400
f2_566 f1h_186 f1w_154 3.11 -3.11 6.82 0 0 0 400 400
f2_568 f1h_2 f1h_155 -0.38 0.38 7.89 0 0 0 400 400
f2_569 f1h_270 f1w_383 -0.9 0.9 8.83 0 0 0 400 400
f2_571 f1h_340 f1w_406 0.05 -0.05 7.22 0 0 0 400 400
f2_572 f1w_154 f1w_492 -2.4 2.4 8.96 0 0 0 400 400
f2_573 f1h_444 f1w_475 3.96 -3.96 6.59 0 0 0 400 400
f2_574 f1h_177 f1w_485 0.68 -0.68 8.79 0 0 0 400 400
f2_577 f1w_152 f1w_244 2.45 -2.45 6.74 0 0 0 400 400
f2_578 f1w_101 f1w_357 -0.96 0.96 6.98 0 0 0 400 400
f2_579 f1h_275 f1h_323 0.82 -0.82 8.86 0 0 0 400 400
f2_582 f1h_410 f1w_354 -1.41 1.41 7.29 0 0 0 400 400
f2_584 f1w_172 f1w_478 0.46 -0.46 8.19 0 0 0 400 400
f2_585 f1h_47 f1h_81 0 0 8.08 0 0 0 400 400
f2_587 f1h_473 f1w_288 0.07 -0.07 7.91 0 0 0 400 400
f2_588 f1h_343 f1w_124 1.02 -1.02 8.65 0 0 0 400 400
f2_589 f1w_215 f1w_394 -0.95 0.95 8.41 0 0 0 400 400
f2_590 f1h_78 f1w_186 -0.54 0.54 8.74 0 0 0 400 400
f2_591 f1h_98 f1h_238 -1.91 1.91 6.51 0 0 0 400 400
f2_592 f1h_443 f1w_379 1.63 -1.63 5.86 0 0 0 400 400
f2_593 f1w_12 f1w_101 1.14 -1.14 7.35 0 0 0 400 400
f2_598 f1h_436 f1w_128 -1.68 1.68 7.29 0 0 0 400 400
f2_600 f1h_342 f1w_223 0.87 -0.87 9.84 0 0 0 400 400
f2_602 f1h_202 f1h_251 1.54 -1.54 7.87 0 0 0 400 400
f2_604 f1h_271 f1w_11 0.41 -0.41 8.09 0 0 0 400 400
f2_605 f1w_211 f1w_243 1.03 -1.03 7.9 0 0 0 400 400
f2_606 f1h_241 f1w_409 1.01 -1.01 8.32 0 0 0 400 400
f2_608 f1h_13 f1w_468 -2.99 2.99 7.76 0 0 0 400 400
f2_610 f1h_172 f1w_294 3.19 -3.19 8.06 0 0 0 400 400
f2_612 f1h_162 f1h_300 -1.6 1.6 6.57 0 0 0 400 400
f2_613 f1h_412 f1w_410 -2.24 2.24 6.54 0 0 0 400 400
f2_621 f1h_385 f1w_52 -0.88 0.88 8.43 0 0 0 400 400
f2_625 f1h_261 f1w_310 -1.78 1.78 8.63 0 0 0 400 400
f2_626 f1w_123 f1w_498 1.94 -1.94 6.2 0 0 0 400 400
f2_627 f1w_170 f1w_209 2.35 -2.35 8.15 0 0 0 400 400
f2_628 f1w_183 f1w_417 -2.79 2.79 6.57 0 0 0 400 400
f2_637 f1w_292 f1w_430 2.07 -2.07 7.07 0 0 0 400 400
f2_638 f1h_399 f1w_184 -0.47 0.47 7.58 0 0 0 400 400
f2_643 f1h_202 f1h_453 0.04 -0.04 8.51 0 0 0 400 400
f2_647 f1h_64 f1h_463 1.49 -1.49 8.19 0 0 0 400 400
f2_648 f1h_54 f1w_18 1.08 -1.08 8.71 0 0 0 400 400
f2_649 f1h_254 f1h_302 -1.74 1.74 8.3 0 0 0 400 400
f2_650 f1h_124 f1h_340 0.39 -0.39 8.35 0 0 0 400 400
f2_652 f1h_490 f1w_487 0.59 -0.59 8.43 0 0 0 400 400
f2_653 f1h_386 f1h_439 0 0 8.98 0 0 0 400 400
f2_654 f1w_284 f1w_475 0.24 -0.24 7.64 0 0 0 400 400
f2_656 f1h_273 f1w_128 -1.42 1.42 8.25 0 0 0 400 400
f2_657 f1h_163 f1w_221 -2.02 2.02 7.07 0 0 0 400 400
f2_659 f1h_90 f1h_296 -0.26 0.26 7.06 0 0 0 400 400
f2_660 f1w_131 f1w_303 3.12 -3.12 8.42 0 0 0 400 400
f2_662 f1h_435 f1w_292 0.26 -0.26 8.31 0 0 0 400 400
f2_663 f1h_80 f1w_137 0.06 -0.06 9.22 0 0 0 400 400
f2_666 f1h_267 f1h_483 2.49 -2.49 7.51 0 0 0 400 400
f2_670 f1h_307 f1h_384 4.26 -4.26 8.82 0 0 0 400 400
f2_671 f1h_373 f1w_447 0.08 -0.08 8.84 0 0 0 400 400
f2_672 f1h_499 f1w_394 -0.12 0.12 8.38 0 0 0 400 400
f2_676 f1h_6 f1w_263 -0.44 0.44 8.35 0 0 0 400 400
f2_677 f1h_234 f1w_16 -1.76 1.76 8.81 0 0 0 400 400
f2_678 f1h_217 f1h_264 3.29 -3.29 6.69 0 0 0 400 400
f2_680 f1h_46 f1w_11 -0.18 0.18 8.86 0 0 0 400 400
f2_682 f1h_351 f1w_145 -1.41 1.41 8.89 0 0 0 400 400
f2_683 f1w_82 f1w_173 0.16 -0.16 9.51 0 0 0 400 400
f2_684 f1w_70 f1w_235 -1.48 1.48 9.81 0 0 0 400 400
f2_687 f1h_249 f1w_281 1.87 -1.87 7.33 0 0 0 400 400
f2_688 f1h_334 f1w_285 1.12 -1.12 8.41 0 0 0 400 400
f2_690 f1w_229 f1w_424 -0.25 0.25 8.44 0 0 0 400 400
f2_696 f1w_166 f1w_395 0.83 -0.83 8.52 0 0 0 400 400
f2_697 f1w_172 f1w_449 -0.32 0.32 7.91 0 0 0 400 400
f2_700 f1h_444 f1w_441 2.36 -2.36 6.13 0 0 0 400 400
f2_701 f1h_228 f1h_305 0.32 -0.32 9.15 0 0 0 400 400
f2_702 f1w_22 f1w_103 1.54 -1.54 8.12 0 0 0 400 400
f2_703 f1h_284 f1h_457 0.05 -0.05 9.27 0 0 0 400 400
f2_708 f1h_327 f1w_177 0.8 -0.8 8.01 0 0 0 400 400
f2_709 f1h_206 f1h_337 -1.33 1.33 8.13 0 0 0 400 400
f2_710 f1w_424 f1w_468 -1.58 1.58 6.75 0 0 0 400 400
f2_711 f1h_286 f1w_53 3.05 -3.05 7.14 0 0 0 400 400
f2_713 f1w_140 f1w_179 0.46 -0.46 7.75 0 0 0 400 400
f2_714 f1h_38 f1h_234 -1.32 1.32 9.95 0 0 0 400 400
f2_718 f1h_367 f1h_382 3.95 -3.95 7.18 0 0 0 400 400
f2_720 f1h_93 f1h_436 -1.06 1.06 8.18 0 0 0 400 400
f2_721 f1h_237 f1w_449 -1.84 1.84 7.42 0 0 0 400 400
f2_722 f1h_155 f1w_291 0.19 -0.19 9.87 0 0 0 400 400
f2_724 f1h_138 f1w_446 2.19 -2.19 7.81 0 0 0 400 400
f2_726 f1h_168 f1h_173 0.2 -0.2 9.43 0 0 0 400 400
f2_729 f1w_55 f1w_377 -2.66 2.66 6.94 0 0 0 400 400
f2_735 f1h_317 f1w_333 0.78 -0.78 8.49 0 0 0 400 400
f2_738 f1h_100 f1w_243 1.87 -1.87 6.98 0 0 0 400 400
f2_742 f1h_52 f1w_436 -0.11 0.11 8.78 0 0 0 400 400
f2_744 f1w_107 f1w_392 0.91 -0.91 9.57 0 0 0 400 400
f2_747 f1h_327 f1w_259 -0.34 0.34 6.72 0 0 0 400 400
f2_748 f1h_233 f1h_474 0.48 -0.48 8.8 0 0 0 400 400
f2_750 f1h_252 f1h_480 -0.57 0.57 8.2 0 0 0 400 400
f2_751 f1w_141 f1w_309 0.43 -0.43 8.03 0 0 0 400 400
f2_754 f1h_217 f1w_285 1.43 -1.43 6.54 0 0 0 400 400
f2_755 f1h_423 f1h_466 2.37 -2.37 6.66 0 0 0 400 400
f2_756 f1h_190 f1h_279 -0.37 0.37 7.35 0 0 0 400 400
f2_757 f1h_180 f1h_481 0.58 -0.58 7.67 0 0 0 400 400
f2_760 f1h_498 f1w_171 -2.73 2.73 7.85 0 0 0 400 400
f2_763 f1w_114 f1w_149 0.97 -0.97 6.73 0 0 0 400 400
f2_764 f1h_83 f1h_455 -0.7 0.7 8.93 0 0 0 400 400
f2_765 f1h_275 f1h_311 -2.3 2.3 7.24 0 0 0 400 400
f2_770 f1h_259 f1w_457 -0.21 0.21 9.26 0 0 0 400 400
f2_771 f1h_86 f1w_167 -1.39 1.39 7.53 0 0 0 400 400
f2_775 f1h_48 f1w_214 -3.46 3.46 7 0 0 0 400 400
f2_776 f1h_350 f1w_468 0.71 -0.71 9.04 0 0 0 400 400
f2_777 f1h_103 f1w_5 0.61 -0.61 8.83 0 0 0 400 400
f2_779 f1h_312 f1w_92 -2.82 2.82 7.44 0 0 0 400 400
f2_780 f1w_196 f1w_469 -0.21 0.21 8.7 0 0 0 400 400
f2_782 f1h_33 f1w_257 -1.15 1.15 8.64 0 0 0 400 400
f2_783 f1h_485 f1w_454 1.04 -1.04 7.22 0 0 0 400 400
f2_784 f1h_163 f1w_52 0.92 -0.92 7.63 0 0 0 400 400
f2_786 f1h_280 f1w_294 0.69 -0.69 6.91 0 0 0 400 400
f2_788 f1w_5 f1w_179 -1.69 1.69 7.35 0 0 0 400 400
f2_790 f1h_397 f1w_152 -1.19 1.19 7.45 0 0 0 400 400
f2_791 f1h_353 f1w_78 -1.84 1.84 7.62 0 0 0 400 400
f2_794 f1h_169 f1w_183 2.14 -2.14 7.04 0 0 0 400 400
f2_796 f1h_159 f1w_251 0.75 -0.75 8.43 0 0 0 400 400
f2_797 f1h_452 f1w_487 -1.29 1.29 7.41 0 0 0 400 400
f2_798 f1h_496 f1w_357 0 0 7.83 0 0 0 400 400
f2_800 f1h_275 f1w_467 -1.26 1.26 7.73 0 0 0 400 400
f2_801 f1h_279 f1w_246 0.62 -0.62 7.67 0 0 0 400 400
f2_803 f1h_43 f1h_119 1.17 -1.17 8.43 0 0 0 400 400
f2_804 f1h_397 f1w_86 1.53 -1.53 7.8 0 0 0 400 400
f2_806 f1h_6 f1h_379 0.05 -0.05 8.96 0 0 0 400 400
f2_809 f1h_224 f1w_476 -1.59 1.59 7.4 0 0 0 400 400
f2_811 f1h_8 f1w_324 -2.37 2.37 6.34 0 0 0 400 400
f2_815 f1w_181 f1w_261 -1.35 1.35 8.37 0 0 0 400 400
f2_819 f1h_57 f1w_279 -0.87 0.87 7.72 0 0 0 400 400
f2_822 f1h_140 f1w_331 1.29 -1.29 8.06 0 0 0 400 400
f2_823 f1h_5 f1w_105 -1.97 1.97 6.51 0 0 0 400 400
f2_832 f1h_349 f1w_241 -0.13 0.13 8.6 0 0 0 400 400
f2_833 f1h_81 f1h_338 0.3 -0.3 8.01 0 0 0 400 400
f2_835 f1h_413 f1w_251 -0.51 0.51 8.57 0 0 0 400 400
f2_836 f1h_378 f1w_390 -0.93 0.93 8.66 0 0 0 400 400
f2_838 f1h_28 f1h_321 -1.19 1.19 7 0 0 0 400 400
f2_840 f1h_34 f1w_153 -0.31 0.31 9.72 0 0 0 400 400
f2_841 f1h_48 f1h_412 -0.07 0.07 9.37 0 0 0 400 400
f2_845 f1w_56 f1w_275 -0.43 0.43 7.48 0 0 0 400 400
f2_847 f1h_91 f1w_406 -0.63 0.63 8.05 0 0 0 400 400
f2_850 f1h_37 f1h_496 -0.18 0.18 7.19 0 0 0 400 400
f2_852 f1h_77 f1h_107 1.39 -1.39 6.36 0 0 0 400 400
f2_853 f1w_57 f1w_280 1.65 -1.65 7.5 0 0 0 400 400
f2_854 f1w_76 f1w_205 -0.43 0.43 8.34 0 0 0 400 400
f2_860 f1w_22 f1w_286 -0.33 0.33 8.69 0 0 0 400 400
f2_861 f1h_410 f1w_411 1.48 -1.48 6.3 0 0 0 400 400
f2_862 f1h_65 f1w_144 1.72 -1.72 7.05 0 0 0 400 400
f2_864 f1h_110 f1w_369 -1.84 1.84 7.34 0 0 0 400 400
f2_865 f1h_21 f1w_239 3.35 -3.35 6.83 0 0 0 400 400
f2_866 f1w_92 f1w_108 3.53 -3.53 6.34 0 0 0 400 400
f2_867 f1h_340 f1w_179 -1.5 1.5 6.08 0 0 0 400 400
f2_869 f1w_55 f1w_311 0.4 -0.4 8.65 0 0 0 400 400
f2_871 f1h_113 f1w_345 -0.35 0.35 8.11 0 0 0 400 400
f2_874 f1h_284 f1h_471 -2.89 2.89 8.06 0 0 0 400 400
f2_875 f1h_106 f1h_129 -0.62 0.62 7.7 0 0 0 400 400
f2_876 f1w_144 f1w_161 -1.13 1.13 8.89 0 0 0 400 400
f2_877 f1h_234 f1h_480 -2.17 2.17 7.8 0 0 0 400 400
f2_878 f1w_434 f1w_467 -3.23 3.23 7.66 0 0 0 400 400
f2_879 f1h_78 f1h_238 -0.5 0.5 8.4 0 0 0 400 400
f2_881 f1w_15 f1w_294 -2.96 2.96 7.31 0 0 0 400 400
f2_882 f1w_223 f1w_499 -1.12 1.12 8.15 0 0 0 400 400
f2_884 f1h_80 f1w_432 -1.7 1.7 7.15 0 0 0 400 400
f2_885 f1h_306 f1w_374 -1.63 1.63 6.27 0 0 0 400 400
f2_886 f1h_248 f1h_436 1.18 -1.18 7.92 0 0 0 400 400
f2_894 f1h_32 f1w_141 -2.34 2.34 6.52 0 0 0 400 400
f2_895 f1h_184 f1h_342 1.45 -1.45 6.72 0 0 0 400 400
f2_896 f1h_162 f1h_383 -2.7 2.7 7.2 0 0 0 400 400
f2_897 f1h_129 f1w_149 -2.64 2.64 6.03 0 0 0 400 400
f2_898 f1w_171 f1w_173 4.13 -4.13 6.25 0 0 0 400 400
f2_899 f1w_381 f1w_406 -1.53 1.53 6.82 0 0 0 400 400
f2_900 f1h_305 f1w_216 -1.16 1.16 7.07 0 0 0 400 400
f2_902 f1h_424 f1w_176 -0.06 0.06 8.11 0 0 0 400 400
f2_903 f1h_216 f1w_162 0.73 -0.73 8.46 0 0 0 400 400
f2_905 f1h_63 f1h_418 -0.14 0.14 9.24 0 0 0 400 400
f2_906 f1h_279 f1w_251 2.21 -2.21 6.93 0 0 0 400 400
f2_908 f1w_41 f1w_460 -1.9 1.9 6.22 0 0 0 400 400
f2_910 f1h_72 f1h_364 0.84 -0.84 7.69 0 0 0 400 400
f2_912 f1h_30 f1h_257 -1.74 1.74 8.44 0 0 0 400 400
f2_917 f1h_409 f1w_369 0.05 -0.05 8.44 0 0 0 400 400
f2_919 f1h_237 f1w_15 -1.97 1.97 7.22 0 0 0 400 400
f2_920 f1w_71 f1w_320 1.15 -1.15 7.52 0 0 0 400 400
f2_921 f1w_170 f1w_496 -0.01 0.01 7.91 0 0 0 400 400
f2_923 f1h_349 f1h_417 0.51 -0.51 8.75 0 0 0 400 400
f2_924 f1h_333 f1w_446 0.12 -0.12 8.72 0 0 0 400 400
f2_925 f1h_143 f1h_481 2.02 -2.02 7.26 0 0 0 400 400
f2_927 f1w_176 f1w_492 0.59 -0.59 7.83 0 0 0 400 400
f2_928 f1h_240 f1w_257 0.33 -0.33 8.98 0 0 0 400 400
f2_930 f1h_377 f1w_375 0.53 -0.53 8.06 0 0 0 400 400
f2_933 f1w_156 f1w_236 1.72 -1.72 8.7 0 0 0 400 400
f2_934 f1h_368 f1w_332 0.68 -0.68 8.45 0 0 0 400 400
f2_935 f1h_40 f1w_28 1.5 -1.5 8.65 0 0 0 400 400
f2_938 f1h_109 f1h_322 1.1 -1.1 7.05 0 0 0 400 400
f2_941 f1h_207 f1h_472 1.35 -1.35 8.43 0 0 0 400 400
f2_943 f1h_52 f1w_239 -0.26 0.26 10.59 0 0 0 400 400
f2_944 f1h_300 f1h_376 -0.01 0.01 8.54 0 0 0 400 400
f2_945 f1w_41 f1w_171 -3.12 3.12 7.73 0 0 0 400 400
f2_948 f1h_428 f1w_360 -1.21 1.21 7.35 0 0 0 400 400
f2_949 f1h_113 f1h_383 -1.34 1.34 6.7 0 0 0 400 400
f2_950 f1h_67 f1w_2 1 -1 10.08 0 0 0 400 400
f2_951 f1w_343 f1w_489 1.59 -1.59 8.19 0 0 0 400 400
f2_953 f1h_286 f1w_332 0.46 -0.46 8.5 0 0 0 400 400
f2_954 f1h_184 f1h_341 2.29 -2.29 6.89 0 0 0 400 400
f2_956 f1w_36 f1w_271 1.63 -1.63 7 0 0 0 400 400
f2_957 f1h_232 f1h_300 0.69 -0.69 7.59 0 0 0 400 400
f2_961 f1h_221 f1w_83 -3.62 3.62 6.12 0 0 0 400 400
f2_962 f1h_138 f1h_459 2.01 -2.01 6.76 0 0 0 400 400
f2_965 f1h_20 f1h_24 -2.62 2.62 6.89 0 0 0 400 400
f2_967 f1h_13 f1w_485 -0.59 0.59 7.4 0 0 0 400 400
f2_968 f1h_47 f1w_171 0.32 -0.32 7.44 0 0 0 400 400
f2_969 f1h_55 f1h_229 1.81 -1.81 7.84 0 0 0 400 400
f2_970 f1h_77 f1w_96 0.19 -0.19 6.41 0 0 0 400 400
f2_971 f1h_325 f1h_468 -3.54 3.54 6.49 0 0 0 400 400
f2_972 f1w_61 f1w_213 -3.66 3.66 6.77 0 0 0 400 400
f2_977 f1h_46 f1w_295 -0.13 0.13 8.85 0 0 0 400 400
f2_978 f1h_75 f1w_410 0.38 -0.38 8.44 0 0 0 400 400
f2_981 f1w_93 f1w_288 -0.74 0.74 7.92 0 0 0 400 400
f2_982 f1h_455 f1h_470 2.15 -2.15 8.32 0 0 0 400 400
f2_983 f1h_53 f1h_436 2.27 -2.27 8.4 0 0 0 400 400
f2_986 f1h_446 f1w_152 -0.22 0.22 7.24 0 0 0 400 400
f2_987 f1h_234 f1w_204 -0.75 0.75 9.1 0 0 0 400 400
f2_989 f1h_381 f1w_180 1.35 -1.35 7.71 0 0 0 400 400
f2_991 f1h_5 f1h_487 0.76 -0.76 8.82 0 0 0 400 400
f2_992 f1h_411 f1w_498 0.87 -0.87 7.4 0 0 0 400 400
f2_993 f1w_294 f1w_436 3.34 -3.34 5.76 0 0 0 400 400
f2_994 f1w_327 f1w_373 2.16 -2.16 6.24 0 0 0 400 400
f2_996 f1h_282 f1w_41 1.76 -1.76 6.9 0 0 0 400 400
f2_997 f1h_497 f1w_87 -0.26 0.26 8.95 0 0 0 400 400
f2_999 f1h_343 f1w_454 -0.29 0.29 8.16 0 0 0 400 400
