id parent1 parent2 LLRparent1 LLRparent2 LLRpair OHparent1 OHparent2 MEpair SNPd.id.parent1 SNPd.id.parent2
f0_3 f1h_329 f1h_349 0.8 -0.8 1.8 0 0 0 76 76
f0_3 f1h_329 f2_907 0.42 -0.42 2.06 0 0 0 76 76
f0_4 f0_213 f0_715 -0.45 0.45 0.68 0 0 0 76 76
f0_4 f0_213 f1h_369 -0.16 0.16 0.39 0 0 0 76 76
f0_4 f0_213 f1w_493 -0.42 0.42 0.55 0 0 0 76 76
f0_4 f0_213 f2_91 0.21 -0.21 0.66 0 0 0 76 76
f0_4 f0_213 f2_326 -0.04 0.04 0.82 0 0 0 76 76
f0_4 f1h_137 f1h_161 -0.03 0.03 0.65 0 0 0 76 76
f0_4 f1h_161 f2_685 -0.38 0.38 -0.32 0 0 0 76 76
f0_4 f1h_387 f1w_184 -0.02 0.02 1.26 0 0 0 76 76
f0_4 f1h_387 f2_685 0.1 -0.1 0.85 0 0 0 76 76
f0_4 f2_685 f2_873 -0.12 0.12 1.04 0 0 0 76 76
f0_5 f0_233 f1h_69 0.67 -0.67 0.35 0 0 0 76 76
f0_5 f0_989 f1h_69 1.41 -1.41 0.76 0 0 0 76 76
f0_5 f1h_69 f1h_216 -0.18 0.18 0.5 0 0 0 76 76
f0_6 f0_84 f1h_361 0.02 -0.02 0.73 0 0 0 76 76
f0_6 f0_84 f2_180 0.24 -0.24 1 0 0 0 76 76
f0_6 f0_147 f2_839 0.03 -0.03 0.95 0 0 0 76 76
f0_6 f0_829 f2_25 0.34 -0.34 1.04 0 0 0 76 76
f0_6 f0_829 f2_839 0.21 -0.21 0.74 0 0 0 76 76
f0_6 f1h_258 f2_839 -0.29 0.29 1.07 0 0 0 76 76
f0_6 f1h_361 f1h_459 0.75 -0.75 0.49 0 0 0 76 76
f0_6 f1h_361 f2_25 0.32 -0.32 0.8 0 0 0 76 76
f0_6 f1h_361 f2_373 0.3 -0.3 0.91 0 0 0 76 76
f0_6 f1h_361 f2_493 0.19 -0.19 0.79 0 0 0 76 76
f0_6 f1h_361 f2_744 0 0 0.49 0 0 0 76 76
f0_6 f1h_361 f2_839 0.13 -0.13 0.58 0 0 0 76 76
f0_6 f1h_361 f2_980 -0.07 0.07 0.66 0 0 0 76 76
f0_6 f2_180 f2_839 0.13 -0.13 1 0 0 0 76 76
f0_6 f2_744 f2_839 0.16 -0.16 0.51 0 0 0 76 76
f0_6 f2_839 f2_980 -0.14 0.14 0.48 0 0 0 76 76
f0_10 f0_497 f1h_43 0.71 -0.71 0.69 0 0 0 76 76
f0_10 f0_503 f1h_361 -0.04 0.04 0.78 0 0 0 76 76
f0_10 f1h_43 f1h_205 0.01 -0.01 1 0 0 0 76 76
f0_10 f1h_43 f2_490 -0.31 0.31 1.2 0 0 0 76 76
f0_11 f0_828 f1h_264 0.08 -0.08 1.07 0 0 0 76 76
f0_11 f1h_13 f2_171 0 0 0.72 0 0 0 76 76
f0_11 f1h_13 f2_539 -0.1 0.1 0.61 0 0 0 76 76
f0_11 f1h_120 f1h_264 0.43 -0.43 1.09 0 0 0 76 76
f0_11 f1h_264 f2_171 -0.66 0.66 0.45 0 0 0 76 76
f0_13 f2_14 f2_356 0.31 -0.31 1.07 0 0 0 76 76
f0_15 f0_13 f1h_182 0.59 -0.59 0.9 0 0 0 76 76
f0_15 f0_13 f1h_196 0.19 -0.19 1.07 0 0 0 76 76
f0_15 f0_434 f1h_182 0.53 -0.53 0.4 0 0 0 76 76
f0_15 f1h_62 f1h_182 0.46 -0.46 0.2 0 0 0 76 76
f0_15 f1h_62 f2_734 0.59 -0.59 0.59 0 0 0 76 76
f0_15 f1h_182 f2_277 -0.69 0.69 0.83 0 0 0 76 76
f0_15 f1h_182 f2_700 -0.54 0.54 0.55 0 0 0 76 76
f0_18 f0_92 f1h_18 0.37 -0.37 0.62 0 0 0 76 76
f0_18 f1h_18 f2_368 -0.33 0.33 1.15 0 0 0 76 76
f0_18 f1h_190 f2_368 -0.75 0.75 1.24 0 0 0 76 76
f0_21 f0_68 f2_415 -0.38 0.38 1.16 0 0 0 76 76
f0_23 f0_56 f0_859 0.05 -0.05 1.17 0 0 0 76 76
f0_23 f0_56 f2_873 -0.23 0.23 0.86 0 0 0 76 76
f0_23 f0_114 f1w_32 0.11 -0.11 0.84 0 0 0 76 76
f0_23 f0_188 f0_930 0.35 -0.35 0.44 0 0 0 76 76
f0_23 f0_188 f2_196 0.25 -0.25 0.59 0 0 0 76 76
f0_23 f0_319 f0_891 0.43 -0.43 1.01 0 0 0 76 76
f0_23 f0_319 f1w_449 0.43 -0.43 0.71 0 0 0 76 76
f0_23 f0_630 f0_930 0.13 -0.13 0.55 0 0 0 76 76
f0_23 f0_645 f0_930 0.36 -0.36 0.58 0 0 0 76 76
f0_23 f0_859 f2_142 -0.02 0.02 1.08 0 0 0 76 76
f0_23 f0_859 f2_334 -0.35 0.35 0.87 0 0 0 76 76
f0_23 f0_930 f1h_280 -0.38 0.38 0.31 0 0 0 76 76
f0_23 f0_930 f1w_449 0.06 -0.06 0.66 0 0 0 76 76
f0_23 f0_930 f2_700 0.26 -0.26 0.69 0 0 0 76 76
f0_23 f0_930 f2_873 0.07 -0.07 0.55 0 0 0 76 76
f0_23 f1h_280 f1h_406 0.89 -0.89 0.42 0 0 0 76 76
f0_23 f1h_406 f1w_158 -0.68 0.68 0.79 0 0 0 76 76
f0_23 f1h_406 f1w_449 -0.58 0.58 0.86 0 0 0 76 76
f0_23 f1h_406 f2_196 -0.72 0.72 0.66 0 0 0 76 76
f0_23 f1w_32 f2_196 0.26 -0.26 0.49 0 0 0 76 76
f0_23 f1w_292 f2_879 -0.72 0.72 0.7 0 0 0 76 76
f0_23 f2_142 f2_157 -0.38 0.38 0.68 0 0 0 76 76
f0_23 f2_142 f2_196 -0.13 0.13 0.83 0 0 0 76 76
f0_23 f2_157 f2_334 0.05 -0.05 0.8 0 0 0 76 76
f0_23 f2_196 f2_879 -0.28 0.28 0.23 0 0 0 76 76
f0_23 f2_196 f2_920 0.58 -0.58 0.9 0 0 0 76 76
f0_23 f2_334 f2_873 0.06 -0.06 0.91 0 0 0 76 76
f0_25 f1h_6 f1h_496 0.1 -0.1 1.17 0 0 0 76 76
f0_25 f1h_6 f2_21 -0.03 0.03 0.79 0 0 0 76 76
f0_25 f1h_6 f2_941 -0.03 0.03 1.24 0 0 0 76 76
f0_25 f1h_163 f2_21 -0.29 0.29 0.96 0 0 0 76 76
f0_25 f1h_163 f2_941 -0.09 0.09 1.19 0 0 0 76 76
f0_25 f1h_494 f2_21 0.16 -0.16 1.22 0 0 0 76 76
f0_26 f0_74 f1w_222 0.18 -0.18 0.57 0 0 0 76 76
f0_26 f1h_127 f1w_30 -0.32 0.32 1.06 0 0 0 76 76
f0_27 f0_8 f1w_100 -0.27 0.27 1.22 0 0 0 76 76
f0_27 f0_8 f2_310 -0.1 0.1 1.36 0 0 0 76 76
f0_27 f0_462 f0_876 0.19 -0.19 0.85 0 0 0 76 76
f0_27 f0_614 f2_310 0.11 -0.11 0.51 0 0 0 76 76
f0_27 f0_614 f2_574 -0.03 0.03 1.13 0 0 0 76 76
f0_27 f0_614 f2_945 0.32 -0.32 0.83 0 0 0 76 76
f0_27 f0_876 f2_945 0.12 -0.12 0.88 0 0 0 76 76
f0_27 f1h_255 f2_310 0.39 -0.39 0.57 0 0 0 76 76
f0_27 f1h_265 f2_310 -0.17 0.17 0.49 0 0 0 76 76
f0_27 f1h_426 f2_310 0.28 -0.28 1.09 0 0 0 76 76
f0_27 f1w_323 f2_310 -0.41 0.41 0.69 0 0 0 76 76
f0_27 f2_310 f2_327 -0.43 0.43 0.59 0 0 0 76 76
f0_27 f2_900 f2_945 0.49 -0.49 0.69 0 0 0 76 76
f0_29 f0_740 f0_960 -0.01 0.01 1.11 0 0 0 76 76
f0_29 f0_960 f1h_404 0.2 -0.2 1.33 0 0 0 76 76
f0_31 f1h_205 f2_73 -1.41 1.41 -0.24 0 0 1 76 76
f0_32 f0_908 f1h_207 0.18 -0.18 0.82 0 0 0 76 76
f0_35 f1h_17 f1h_313 -0.24 0.24 1.55 0 0 0 76 76
f0_37 f0_126 f1h_12 0.54 -0.54 1.02 0 0 0 76 76
f0_37 f1h_12 f1h_57 -0.29 0.29 1.24 0 0 0 76 76
f0_37 f1h_12 f1h_151 -0.21 0.21 0.97 0 0 0 76 76
f0_37 f1h_151 f2_309 -0.13 0.13 0.47 0 0 0 76 76
f0_38 f0_4 f1h_309 1.03 -1.03 0.7 0 0 0 76 76
f0_38 f0_50 f0_960 0.24 -0.24 1.21 0 0 0 76 76
f0_38 f0_534 f0_930 -0.39 0.39 0.12 0 0 0 76 76
f0_38 f0_930 f1h_161 0.46 -0.46 0.14 0 0 0 76 76
f0_38 f0_930 f1h_217 0.59 -0.59 0.16 0 0 0 76 76
f0_38 f0_930 f1h_309 0.99 -0.99 0.26 0 0 0 76 76
f0_38 f0_930 f2_787 0.25 -0.25 0.32 0 0 0 76 76
f0_38 f0_960 f1h_309 0.53 -0.53 0.07 0 0 0 76 76
f0_38 f0_960 f1h_442 -0.39 0.39 0.54 0 0 0 76 76
f0_38 f0_960 f1h_455 -0.33 0.33 1.06 0 0 0 76 76
f0_38 f0_960 f1w_206 0.02 -0.02 0.53 0 0 0 76 76
f0_38 f0_960 f1w_406 0.14 -0.14 0.85 0 0 0 76 76
f0_38 f0_960 f2_554 -0.4 0.4 0.83 0 0 0 76 76
f0_38 f1h_161 f1h_309 0.35 -0.35 0.54 0 0 0 76 76
f0_38 f1h_161 f1h_442 -0.19 0.19 0.66 0 0 0 76 76
f0_38 f1h_161 f2_999 -0.16 0.16 0.36 0 0 0 76 76
f0_38 f1h_217 f2_99 -0.15 0.15 1.03 0 0 0 76 76
f0_39 f1h_463 f1h_480 -0.25 0.25 1.07 0 0 0 76 76
f0_41 f0_120 f0_955 -0.35 0.35 1.2 0 0 0 76 76
f0_42 f0_102 f2_827 -0.32 0.32 0.94 0 0 0 76 76
f0_42 f0_748 f2_827 0.28 -0.28 0.93 0 0 0 76 76
f0_43 f0_230 f1h_405 -0.5 0.5 0.93 0 0 0 76 76
f0_44 f0_768 f1h_438 0.59 -0.59 1.37 0 0 0 76 76
f0_44 f1h_14 f1h_438 0.69 -0.69 0.64 0 0 0 76 76
f0_44 f1h_173 f1h_438 0.85 -0.85 0.84 0 0 0 76 76
f0_44 f1h_426 f1h_438 1.05 -1.05 0.83 0 0 0 76 76
f0_44 f1h_438 f1w_102 -0.95 0.95 0.82 0 0 0 76 76
f0_44 f1h_438 f2_226 -0.62 0.62 1.1 0 0 0 76 76
f0_44 f1h_438 f2_547 -0.17 0.17 0.79 0 0 0 76 76
f0_45 f0_76 f0_470 0.08 -0.08 0.38 0 0 0 76 76
f0_45 f0_76 f1h_57 0.28 -0.28 0.93 0 0 0 76 76
f0_45 f0_76 f2_242 0.34 -0.34 0.85 0 0 0 76 76
f0_45 f0_104 f1h_108 -0.44 0.44 0.8 0 0 0 76 76
f0_45 f0_104 f1w_369 -0.65 0.65 0.84 0 0 0 76 76
f0_45 f0_104 f2_14 -0.07 0.07 0.58 0 0 0 76 76
f0_45 f0_172 f1h_108 0.18 -0.18 0.77 0 0 0 76 76
f0_45 f0_172 f2_14 0.27 -0.27 0.66 0 0 0 76 76
f0_45 f0_197 f2_242 0.4 -0.4 0.84 0 0 0 76 76
f0_45 f0_420 f1h_73 -0.08 0.08 0.8 0 0 0 76 76
f0_45 f0_470 f1h_108 -0.13 0.13 0.63 0 0 0 76 76
f0_45 f0_470 f2_14 0.13 -0.13 0.93 0 0 0 76 76
f0_45 f0_614 f1h_193 0.29 -0.29 0.65 0 0 0 76 76
f0_45 f0_769 f1h_407 0.44 -0.44 0.9 0 0 0 76 76
f0_45 f0_988 f2_242 0.21 -0.21 1.04 0 0 0 76 76
f0_45 f1h_16 f1h_108 0.37 -0.37 0.42 0 0 0 76 76
f0_45 f1h_57 f1h_108 -0.07 0.07 0.47 0 0 0 76 76
f0_45 f1h_73 f1h_108 0.03 -0.03 0.69 0 0 0 76 76
f0_45 f1h_73 f1w_369 -0.16 0.16 0.76 0 0 0 76 76
f0_45 f1h_73 f2_14 0.11 -0.11 0.58 0 0 0 76 76
f0_45 f1h_73 f2_242 -0.09 0.09 0.08 0 0 0 76 76
f0_45 f1h_108 f1h_128 0.26 -0.26 0.81 0 0 0 76 76
f0_45 f1h_108 f1h_417 0.23 -0.23 1 0 0 0 76 76
f0_45 f1h_108 f1w_159 -0.14 0.14 0.73 0 0 0 76 76
f0_45 f1h_108 f2_242 0.24 -0.24 0.88 0 0 0 76 76
f0_45 f1h_193 f1h_339 -0.02 0.02 0.68 0 0 0 76 76
f0_45 f1h_193 f2_242 0.1 -0.1 1 0 0 0 76 76
f0_45 f1h_335 f1h_404 -0.17 0.17 0.97 0 0 0 76 76
f0_45 f1h_367 f1h_407 0.63 -0.63 0.57 0 0 0 76 76
f0_45 f1h_404 f2_14 0.21 -0.21 0.87 0 0 0 76 76
f0_45 f1h_407 f2_242 -0.21 0.21 0.92 0 0 0 76 76
f0_45 f1h_407 f2_256 -1.23 1.23 0.6 0 0 0 76 76
f0_45 f1h_417 f1w_369 -0.45 0.45 0.9 0 0 0 76 76
f0_45 f1h_417 f2_14 -0.11 0.11 0.72 0 0 0 76 76
f0_45 f1w_159 f2_14 0.18 -0.18 0.76 0 0 0 76 76
f0_45 f2_14 f2_242 0.17 -0.17 0.73 0 0 0 76 76
f0_46 f0_802 f0_930 0.03 -0.03 0.92 0 0 0 76 76
f0_46 f0_802 f2_456 0.05 -0.05 0.94 0 0 0 76 76
f0_46 f0_930 f1h_253 0.27 -0.27 1.12 0 0 0 76 76
f0_46 f0_930 f2_491 0.34 -0.34 1.17 0 0 0 76 76
f0_49 f1h_198 f1w_255 -0.11 0.11 1.21 0 0 0 76 76
f0_50 f0_10 f1h_173 0.34 -0.34 0.69 0 0 0 76 76
f0_50 f0_10 f1h_289 0.6 -0.6 0.46 0 0 0 76 76
f0_50 f0_22 f1h_184 -0.02 0.02 0.37 0 0 0 76 76
f0_50 f0_110 f0_768 0.69 -0.69 0.58 0 0 0 76 76
f0_50 f0_110 f0_953 0.22 -0.22 -0.05 0 0 0 76 76
f0_50 f0_110 f1h_173 0.91 -0.91 0.05 0 0 0 76 76
f0_50 f0_110 f1h_369 0.31 -0.31 0.12 0 0 0 76 76
f0_50 f0_110 f1w_207 0.32 -0.32 0.33 0 0 0 76 76
f0_50 f0_110 f2_547 0.39 -0.39 0 0 0 0 76 76
f0_50 f0_119 f1h_289 -0.07 0.07 1.07 0 0 0 76 76
f0_50 f0_230 f1h_173 0.66 -0.66 0.49 0 0 0 76 76
f0_50 f0_230 f1h_184 -0.38 0.38 -0.19 0 0 0 76 76
f0_50 f0_246 f1h_184 -0.39 0.39 0.5 0 0 0 76 76
f0_50 f0_246 f1h_289 0.43 -0.43 0.5 0 0 0 76 76
f0_50 f0_351 f1w_232 -0.14 0.14 0.87 0 0 0 76 76
f0_50 f0_687 f1h_289 0.36 -0.36 0.51 0 0 0 76 76
f0_50 f0_736 f1h_173 0.12 -0.12 1 0 0 0 76 76
f0_50 f0_736 f1h_184 -0.55 0.55 0.05 0 0 0 76 76
f0_50 f0_736 f1h_289 0.02 -0.02 0.85 0 0 0 76 76
f0_50 f0_736 f1h_369 -0.47 0.47 0.47 0 0 0 76 76
f0_50 f0_736 f2_547 -0.38 0.38 0.55 0 0 0 76 76
f0_50 f0_829 f1h_173 0.43 -0.43 0.79 0 0 0 76 76
f0_50 f0_829 f1h_459 0.24 -0.24 1.2 0 0 0 76 76
f0_50 f0_829 f1w_232 -0.31 0.31 0.74 0 0 0 76 76
f0_50 f0_953 f1h_289 -0.3 0.3 0.75 0 0 0 76 76
f0_50 f0_953 f2_285 -0.32 0.32 0.91 0 0 0 76 76
f0_50 f0_953 f2_745 -0.26 0.26 0.96 0 0 0 76 76
f0_50 f0_955 f1h_173 0.6 -0.6 0.52 0 0 0 76 76
f0_50 f0_955 f1h_184 -0.21 0.21 0.22 0 0 0 76 76
f0_50 f0_955 f2_554 -0.15 0.15 0.93 0 0 0 76 76
f0_50 f0_974 f1h_184 -0.09 0.09 0.44 0 0 0 76 76
f0_50 f0_974 f2_547 0.18 -0.18 0.73 0 0 0 76 76
f0_50 f1h_104 f1h_289 0.37 -0.37 0.81 0 0 0 76 76
f0_50 f1h_173 f1h_406 -0.3 0.3 1.25 0 0 0 76 76
f0_50 f1h_173 f2_229 -0.15 0.15 0.95 0 0 0 76 76
f0_50 f1h_184 f1h_455 1.01 -1.01 0.32 0 0 0 76 76
f0_50 f1h_184 f1h_459 0.81 -0.81 0.36 0 0 0 76 76
f0_50 f1h_184 f2_285 0.42 -0.42 0.37 0 0 0 76 76
f0_50 f1h_184 f2_399 0.21 -0.21 0.44 0 0 0 76 76
f0_50 f1h_184 f2_745 0.42 -0.42 0.39 0 0 0 76 76
f0_50 f1h_289 f1h_455 0.65 -0.65 0.69 0 0 0 76 76
f0_50 f1h_289 f1h_459 0.05 -0.05 1.12 0 0 0 76 76
f0_50 f1h_289 f2_114 -0.49 0.49 0.59 0 0 0 76 76
f0_50 f1h_289 f2_547 -0.15 0.15 0.62 0 0 0 76 76
f0_50 f1h_289 f2_554 -0.06 0.06 0.63 0 0 0 76 76
f0_50 f1h_369 f1h_455 0.71 -0.71 0.61 0 0 0 76 76
f0_50 f1h_369 f1h_459 0.44 -0.44 0.79 0 0 0 76 76
f0_50 f1h_406 f1w_232 -0.37 0.37 0.86 0 0 0 76 76
f0_50 f1h_455 f1w_207 -0.67 0.67 0.93 0 0 0 76 76
f0_50 f1w_232 f1w_325 -0.06 0.06 0.59 0 0 0 76 76
f0_50 f2_229 f2_554 -0.6 0.6 0.91 0 0 0 76 76
f0_50 f2_547 f2_744 -0.31 0.31 0.49 0 0 0 76 76
f0_54 f0_587 f0_966 0.71 -0.71 0.62 0 0 0 76 76
f0_54 f0_898 f0_966 0.61 -0.61 0.46 0 0 0 76 76
f0_54 f0_966 f1w_51 -0.69 0.69 0.94 0 0 0 76 76
f0_54 f0_966 f2_138 -0.54 0.54 0.88 0 0 0 76 76
f0_54 f0_966 f2_911 -0.48 0.48 0.7 0 0 0 76 76
f0_54 f1h_171 f2_911 -0.35 0.35 0.69 0 0 0 76 76
f0_56 f0_23 f1h_305 -0.08 0.08 0.95 0 0 0 76 76
f0_56 f0_23 f1w_62 -0.13 0.13 0.49 0 0 0 76 76
f0_56 f0_102 f1h_305 -0.11 0.11 0.66 0 0 0 76 76
f0_56 f0_361 f1h_305 0.24 -0.24 0.28 0 0 0 76 76
f0_56 f0_361 f1w_40 0.53 -0.53 0.36 0 0 0 76 76
f0_56 f0_450 f0_930 -0.08 0.08 0.41 0 0 0 76 76
f0_56 f0_493 f1h_305 0.33 -0.33 0.36 0 0 0 76 76
f0_56 f0_493 f1w_62 0.36 -0.36 0.39 0 0 0 76 76
f0_56 f0_493 f2_14 0.97 -0.97 0.25 0 0 0 76 76
f0_56 f0_493 f2_869 0.03 -0.03 0.78 0 0 0 76 76
f0_56 f0_607 f0_652 0.32 -0.32 0.65 0 0 0 76 76
f0_56 f0_607 f1h_305 0.25 -0.25 0.53 0 0 0 76 76
f0_56 f0_607 f1h_375 0.08 -0.08 1.08 0 0 0 76 76
f0_56 f0_607 f1w_201 0.01 -0.01 0.58 0 0 0 76 76
f0_56 f0_607 f2_14 0.38 -0.38 0.77 0 0 0 76 76
f0_56 f0_607 f2_489 0.18 -0.18 0.98 0 0 0 76 76
f0_56 f0_632 f2_14 0.81 -0.81 0.92 0 0 0 76 76
f0_56 f0_652 f0_930 -0.28 0.28 0.57 0 0 0 76 76
f0_56 f0_652 f1w_201 -0.22 0.22 0.59 0 0 0 76 76
f0_56 f0_652 f2_52 -0.1 0.1 1.23 0 0 0 76 76
f0_56 f0_661 f1w_201 -0.5 0.5 0.58 0 0 0 76 76
f0_56 f0_721 f2_334 -0.05 0.05 1.15 0 0 0 76 76
f0_56 f0_841 f0_930 -0.34 0.34 0.31 0 0 0 76 76
f0_56 f0_841 f1h_123 -0.19 0.19 0.95 0 0 0 76 76
f0_56 f0_841 f1h_305 0.68 -0.68 0.65 0 0 0 76 76
f0_56 f0_841 f1h_375 -0.02 0.02 0.91 0 0 0 76 76
f0_56 f0_930 f1w_62 0.27 -0.27 0.48 0 0 0 76 76
f0_56 f0_930 f2_14 0.59 -0.69 0.62 0 0 0 76 76
f0_56 f0_974 f1h_305 0.28 -0.28 0.78 0 0 0 76 76
f0_56 f1h_305 f1h_425 -0.73 0.73 0.42 0 0 0 76 76
f0_56 f1h_305 f1w_35 -0.65 0.65 0.93 0 0 0 76 76
f0_56 f1h_305 f1w_425 -0.63 0.63 0.74 0 0 0 76 76
f0_56 f1h_305 f2_142 0.32 -0.32 0.26 0 0 0 76 76
f0_56 f1h_305 f2_334 0.43 -0.43 -0.09 0 0 0 76 76
f0_56 f1h_309 f2_14 0.28 -0.28 0.64 0 0 0 76 76
f0_56 f1h_375 f1w_62 0.21 -0.21 0.77 0 0 0 76 76
f0_56 f1h_425 f1w_201 0.29 -0.29 0.35 0 0 0 76 76
f0_56 f1h_425 f2_14 0.81 -0.81 0.33 0 0 0 76 76
f0_56 f1h_481 f1w_62 -0.31 0.31 0.95 0 0 0 76 76
f0_56 f1h_481 f2_14 0.18 -0.18 1.18 0 0 0 76 76
f0_56 f1w_62 f1w_67 0.39 -0.39 0.78 0 0 0 76 76
f0_56 f1w_62 f1w_201 -0.18 0.18 0.16 0 0 0 76 76
f0_56 f1w_62 f2_334 -0.29 0.29 0.58 0 0 0 76 76
f0_56 f1w_67 f2_14 0.13 -0.13 1.08 0 0 0 76 76
f0_56 f1w_67 f2_964 -0.11 0.11 0.82 0 0 0 76 76
f0_56 f1w_201 f2_14 0.57 -0.57 0.43 0 0 0 76 76
f0_56 f1w_201 f2_142 0.11 -0.11 0.9 0 0 0 76 76
f0_56 f1w_238 f2_14 0.14 -0.14 0.23 0 0 0 76 76
f0_56 f2_14 f2_52 -0.87 0.87 0.1 0 0 0 76 76
f0_56 f2_14 f2_61 -0.3 0.3 0.95 0 0 0 76 76
f0_56 f2_334 f2_869 -0.04 0.04 -0.01 0 0 0 76 76
f0_60 f1h_3 f1h_393 1.29 -1.29 0.77 0 0 0 76 76
f0_60 f1h_21 f1h_393 0.46 -0.46 1.38 0 0 0 76 76
f0_61 f0_213 f0_748 0.54 -0.54 0.59 0 0 0 76 76
f0_61 f0_252 f1h_463 0.77 -0.77 0.84 0 0 0 76 76
f0_61 f0_252 f2_832 0.94 -0.94 0.71 0 0 0 76 76
f0_61 f0_748 f1h_272 0.65 -0.65 0.46 0 0 0 76 76
f0_61 f0_748 f1w_433 0.12 -0.12 1.02 0 0 0 76 76
f0_61 f0_748 f2_20 -0.09 0.09 0.78 0 0 0 76 76
f0_61 f0_828 f1h_345 0.12 -0.12 1.04 0 0 0 76 76
f0_61 f0_828 f2_832 0.2 -0.2 0.55 0 0 0 76 76
f0_61 f1h_42 f1h_345 0.59 -0.59 0.31 0 0 0 76 76
f0_61 f1h_82 f1h_108 -0.42 0.42 1.18 0 0 0 76 76
f0_61 f1h_87 f1h_184 0.6 -0.6 -0.43 0 0 0 76 76
f0_61 f1h_107 f1w_258 -0.25 0.25 1.01 0 0 0 76 76
f0_61 f1h_107 f2_832 0.4 -0.4 1.43 0 0 0 76 76
f0_61 f1h_108 f1h_345 0.35 -0.35 0.69 0 0 0 76 76
f0_61 f1h_108 f2_832 0.88 -0.88 0.32 0 0 0 76 76
f0_61 f1h_174 f1h_184 0 0 1.07 0 0 0 76 76
f0_61 f1h_184 f2_55 -0.41 0.41 0.8 0 0 0 76 76
f0_61 f1h_184 f2_259 0.2 -0.2 0.72 0 0 0 76 76
f0_61 f1h_184 f2_267 -0.11 0.11 0.8 0 0 0 76 76
f0_61 f1h_184 f2_340 -0.66 0.66 0.2 0 0 0 76 76
f0_61 f1h_184 f2_395 -0.23 0.23 0.44 0 0 0 76 76
f0_61 f1h_184 f2_832 0.52 -0.52 0.2 0 0 0 76 76
f0_61 f1h_243 f2_267 -0.21 0.21 1.13 0 0 0 76 76
f0_61 f1h_243 f2_340 -0.86 0.86 0.42 0 0 0 76 76
f0_61 f1h_272 f1h_345 -0.09 0.09 0.96 0 0 0 76 76
f0_61 f1h_272 f2_832 -0.11 0.11 0.9 0 0 0 76 76
f0_61 f1h_289 f1h_345 0.16 -0.16 0.6 0 0 0 76 76
f0_61 f1h_289 f1h_463 0.62 -0.62 0.54 0 0 0 76 76
f0_61 f1h_289 f1w_310 -0.55 0.55 0.57 0 0 0 76 76
f0_61 f1h_289 f2_792 -0.47 0.47 0.45 0 0 0 76 76
f0_61 f1h_289 f2_832 0.23 -0.24 0.71 0 0 0 76 76
f0_61 f1h_345 f2_267 0.01 -0.01 1.11 0 0 0 76 76
f0_61 f1h_345 f2_642 0.06 -0.06 0.83 0 0 0 76 76
f0_61 f1h_463 f1w_310 -1.03 1.03 0.1 0 0 0 76 76
f0_61 f1h_463 f2_259 -0.51 0.51 1.11 0 0 0 76 76
f0_61 f1h_463 f2_450 -0.74 0.74 0.42 0 0 0 76 76
f0_61 f1w_86 f1w_310 0.09 -0.09 0.6 0 0 0 76 76
f0_61 f1w_258 f1w_310 0.03 -0.03 0.87 0 0 0 76 76
f0_61 f1w_310 f2_269 -0.06 0.06 0.98 0 0 0 76 76
f0_61 f1w_433 f2_832 0.03 -0.03 1.03 0 0 0 76 76
f0_61 f2_20 f2_832 0.13 -0.13 0.21 0 0 0 76 76
f0_61 f2_259 f2_832 0.7 -0.7 0.78 0 0 0 76 76
f0_61 f2_267 f2_832 0.66 -0.66 0.88 0 0 0 76 76
f0_61 f2_333 f2_832 0.54 -0.54 0.38 0 0 0 76 76
f0_61 f2_340 f2_450 0.47 -0.47 0.61 0 0 0 76 76
f0_62 f0_583 f1h_138 0.97 -0.97 0.02 0 0 1 76 76
f0_62 f0_583 f1h_252 0.79 -0.79 -0.31 0 0 1 76 76
f0_62 f0_583 f1h_491 0.7 -0.7 -0.02 0 0 1 76 76
f0_62 f1h_120 f1w_276 -0.12 0.12 -0.1 0 0 1 76 76
f0_62 f1h_252 f1w_276 -0.44 0.44 -0.16 0 0 1 76 76
f0_62 f1h_252 f1w_353 -0.63 0.63 0.27 0 0 1 76 76
f0_62 f1h_491 f1w_276 -0.43 0.43 -0.24 0 0 1 76 76
f0_64 f1h_408 f1h_480 1.01 -1.01 1.22 0 0 0 76 76
f0_64 f1h_480 f2_251 -1.32 1.32 1.12 0 0 0 76 76
f0_67 f1h_9 f1w_23 -1.09 1.09 0.9 0 0 0 76 76
f0_67 f1h_9 f1w_417 0.07 -0.07 1.19 0 0 0 76 76
f0_67 f1h_50 f2_909 -0.47 0.47 1.44 0 0 0 76 76
f0_67 f1h_224 f1w_417 0.61 -0.61 0.77 0 0 0 76 76
f0_67 f1w_417 f2_409 -0.41 0.41 1.02 0 0 0 76 76
f0_67 f1w_417 f2_412 -0.21 0.21 0.97 0 0 0 76 76
f0_68 f0_21 f1w_478 -0.19 0.19 0.77 0 0 0 76 76
f0_68 f0_111 f1h_129 0.12 -0.12 0.92 0 0 0 76 76
f0_68 f0_206 f1h_385 0.7 -0.7 0.59 0 0 0 76 76
f0_68 f0_206 f2_404 0.14 -0.14 1.05 0 0 0 76 76
f0_68 f0_536 f0_612 0.12 -0.12 0.93 0 0 0 76 76
f0_68 f0_612 f1w_478 -0.29 0.29 0.19 0 0 0 76 76
f0_68 f0_614 f1w_287 -0.05 0.05 0.94 0 0 0 76 76
f0_68 f1h_129 f1w_287 -0.57 0.57 -0.26 0 0 0 76 76
f0_68 f1h_147 f1h_164 0.22 -0.22 1 0 0 0 76 76
f0_68 f1h_164 f2_299 -0.01 0.01 0.96 0 0 0 76 76
f0_68 f1h_336 f1w_478 0.13 -0.13 0.55 0 0 0 76 76
f0_68 f1h_385 f1w_478 -0.76 0.76 0.15 0 0 0 76 76
f0_68 f1h_385 f2_323 -0.57 0.57 1.32 0 0 0 76 76
f0_68 f1h_445 f1w_1 -0.17 0.17 0.8 0 0 0 76 76
f0_68 f1h_445 f1w_478 -0.03 0.03 0.67 0 0 0 76 76
f0_68 f1w_1 f2_480 0.26 -0.26 0.86 0 0 0 76 76
f0_68 f1w_287 f2_371 -0.09 0.09 0.86 0 0 0 76 76
f0_68 f1w_478 f2_242 -0.15 0.15 0.93 0 0 0 76 76
f0_68 f1w_478 f2_371 -0.16 0.16 0.5 0 0 0 76 76
f0_68 f1w_478 f2_450 -0.25 0.25 0.67 0 0 0 76 76
f0_68 f1w_478 f2_468 0.31 -0.31 -0.01 0 0 0 76 76
f0_68 f1w_478 f2_480 0.22 -0.22 0.72 0 0 0 76 76
f0_69 f1h_357 f2_133 -0.89 0.89 1.18 0 0 0 76 76
f0_73 f1h_206 f2_819 -0.6 0.6 1.25 0 0 0 76 76
f0_75 f1h_181 f2_257 -0.36 0.36 1.11 0 0 0 76 76
f0_76 f0_781 f1h_193 0.82 -0.82 1.08 0 0 0 76 76
f0_76 f1h_193 f1h_301 -0.95 0.95 0.96 0 0 0 76 76
f0_77 f1w_55 f2_85 -0.13 0.13 1.29 0 0 0 76 76
f0_77 f2_6 f2_136 0.23 -0.23 0.93 0 0 0 76 76
f0_77 f2_136 f2_949 0.24 -0.24 1.16 0 0 0 76 76
f0_78 f0_34 f0_173 0.01 -0.01 0.68 0 0 0 76 76
f0_78 f0_34 f1h_361 0.46 -0.46 0.53 0 0 0 76 76
f0_78 f0_173 f1h_223 -0.11 0.11 1 0 0 0 76 76
f0_78 f1h_361 f1w_39 0 0 0.95 0 0 0 76 76
f0_79 f0_633 f1h_128 0.92 -0.92 1.4 0 0 0 76 76
f0_79 f0_633 f1h_370 0.24 -0.24 1.57 0 0 0 76 76
f0_79 f1h_128 f1h_360 -0.63 0.63 0.99 0 0 0 76 76
f0_79 f1h_128 f2_543 -0.91 0.91 1.04 0 0 0 76 76
f0_79 f1h_128 f2_844 -1.11 1.11 0.53 0 0 0 76 76
f0_79 f1h_259 f1h_370 0.69 -0.69 0.98 0 0 0 76 76
f0_79 f1h_317 f1h_370 0.5 -0.5 0.92 0 0 0 76 76
f0_79 f1h_360 f1h_370 -0.31 0.31 0.48 0 0 0 76 76
f0_79 f1h_360 f1h_391 0.43 -0.43 1.01 0 0 0 76 76
f0_79 f1h_370 f2_543 -0.55 0.55 1.2 0 0 0 76 76
f0_81 f1h_153 f1h_472 1.16 -1.16 0.47 0 0 0 76 76
f0_82 f0_228 f1h_383 0.22 -0.22 1.27 0 0 0 76 76
f0_82 f1h_13 f2_465 -0.11 0.11 1.03 0 0 0 76 76
f0_83 f0_61 f1h_296 1.09 -1.09 0.78 0 0 0 76 76
f0_83 f0_126 f1h_296 1.2 -1.2 0.68 0 0 0 76 76
f0_83 f1h_37 f1h_296 0.21 -0.21 1.35 0 0 0 76 76
f0_83 f1h_296 f1w_206 -0.83 0.83 1.08 0 0 0 76 76
f0_85 f0_781 f2_919 0.13 -0.13 0.98 0 0 0 76 76
f0_85 f1h_43 f1h_417 -0.24 0.24 0.86 0 0 0 76 76
f0_85 f1h_43 f2_242 -0.64 0.64 1.01 0 0 0 76 76
f0_85 f1h_43 f2_506 -1.08 1.08 0.59 0 0 0 76 76
f0_85 f1h_43 f2_919 -1.12 1.12 0.36 0 0 0 76 76
f0_85 f1h_289 f1h_439 -0.11 0.11 1.29 0 0 0 76 76
f0_85 f1h_439 f2_1 0.21 -0.21 1.55 0 0 0 76 76
f0_85 f1h_439 f2_229 0.16 -0.16 1.21 0 0 0 76 76
f0_85 f1h_439 f2_366 -0.22 0.22 0.94 0 0 0 76 76
f0_85 f1h_439 f2_986 -0.09 0.09 1.09 0 0 0 76 76
f0_85 f2_229 f2_506 -0.74 0.74 0.9 0 0 0 76 76
f0_88 f0_973 f1h_372 0.73 -0.73 0.99 0 0 0 76 76
f0_88 f1h_91 f1h_372 0.72 -0.72 0.64 0 0 0 76 76
f0_88 f1h_356 f1h_372 0.37 -0.37 1.09 0 0 0 76 76
f0_88 f1h_372 f2_976 -0.62 0.62 0.95 0 0 0 76 76
f0_90 f0_312 f2_925 1.21 -1.21 -0.5 0 0 1 76 76
f0_90 f0_831 f1h_14 0.83 -0.83 0.91 0 0 0 76 76
f0_90 f0_831 f2_925 0.37 -0.37 -0.27 0 0 1 76 76
f0_90 f1h_9 f1h_14 0.75 -0.75 0.98 0 0 0 76 76
f0_90 f1h_9 f1h_279 0.4 -0.4 1.25 0 0 0 76 76
f0_90 f1h_14 f1h_279 -0.31 0.31 1.19 0 0 0 76 76
f0_90 f1h_14 f1h_310 -0.73 0.73 1.34 0 0 0 76 76
f0_90 f1h_14 f2_256 -0.61 0.61 1.16 0 0 0 76 76
f0_90 f1h_14 f2_485 -1.4 1.4 0.99 0 0 0 76 76
f0_90 f1h_14 f2_643 -0.62 -0.2 1.98 0 0 0 76 76
f0_90 f1h_48 f1h_212 0.22 -0.22 -0.03 0 0 1 76 76
f0_90 f1h_148 f1h_264 -0.53 0.53 1.29 0 0 0 76 76
f0_90 f1h_148 f1h_279 0.88 -0.88 1.3 0 0 0 76 76
f0_90 f1h_148 f2_643 -0.66 0.66 0.54 0 0 0 76 76
f0_90 f1h_212 f2_256 -0.21 0.21 -0.29 0 0 1 76 76
f0_90 f1h_212 f2_643 -0.02 -0.44 -0.01 0 0 1 76 76
f0_90 f1h_212 f2_925 0.18 -0.18 0.09 0 0 1 76 76
f0_90 f1h_257 f2_256 -0.2 0.2 -0.42 0 0 1 76 76
f0_90 f1h_257 f2_485 -0.33 0.33 -0.04 0 0 1 76 76
f0_90 f1h_257 f2_643 0.15 -0.15 -0.19 0 0 1 76 76
f0_90 f1h_264 f2_925 0.43 -0.43 0.4 0 0 1 76 76
f0_90 f1h_279 f2_643 -0.28 0.28 1.27 0 0 0 76 76
f0_90 f1h_279 f2_925 -0.16 0.16 1.46 0 0 0 76 76
f0_90 f1h_310 f2_925 -0.06 0.06 1.68 0 0 0 76 76
f0_90 f2_485 f2_831 0.95 -0.95 1.4 0 0 0 76 76
f0_90 f2_643 f2_831 0.5 -0.5 1.24 0 0 0 76 76
f0_91 f0_258 f2_381 0.23 -0.23 0.69 0 0 0 76 76
f0_91 f1h_115 f1h_276 0.58 -0.58 1.88 0 0 0 76 76
f0_91 f1h_115 f1h_439 0.02 -0.02 1.61 0 0 0 76 76
f0_91 f1h_115 f1w_353 -0.34 0.34 1.67 0 0 0 76 76
f0_91 f1h_115 f2_381 -1.47 1.47 -0.02 0 0 0 76 76
f0_91 f1h_115 f2_941 0.05 -0.17 1.88 0 0 0 76 76
f0_91 f1h_276 f1w_76 -0.32 0.32 1.24 0 0 0 76 76
f0_91 f1h_276 f1w_353 -0.01 0.01 1.5 0 0 0 76 76
f0_91 f1h_439 f1h_451 -0.29 0.29 1.05 0 0 0 76 76
f0_91 f1h_451 f1w_353 -0.6 0.6 0.98 0 0 0 76 76
f0_91 f1h_451 f2_980 -0.99 0.9 0.48 0 0 0 76 76
f0_91 f1w_76 f2_381 -0.46 0.46 0.81 0 0 0 76 76
f0_91 f1w_76 f2_941 0.13 -0.13 -0.44 0 0 1 76 76
f0_91 f1w_353 f2_381 -0.46 0.46 0.85 0 0 0 76 76
f0_91 f2_381 f2_980 -0.32 0.32 0.49 0 0 0 76 76
f0_94 f0_497 f1h_110 -0.12 0.12 0.24 0 0 1 76 76
f0_96 f0_10 f0_255 0.36 -0.36 0.53 0 0 0 76 76
f0_96 f0_10 f0_645 0.19 -0.19 0.64 0 0 0 76 76
f0_96 f0_10 f0_808 0.18 -0.18 0.81 0 0 0 76 76
f0_96 f0_10 f1h_412 -0.13 0.13 0.38 0 0 0 76 76
f0_96 f0_10 f1h_428 -0.19 0.19 0.48 0 0 0 76 76
f0_96 f0_10 f2_127 0.01 -0.01 0.44 0 0 0 76 76
f0_96 f0_10 f2_200 -0.17 0.17 0.18 0 0 0 76 76
f0_96 f0_50 f0_213 -0.33 0.33 0.38 0 0 0 76 76
f0_96 f0_50 f2_169 -0.12 0.12 0.04 0 0 0 76 76
f0_96 f0_90 f0_808 0.03 -0.03 0.93 0 0 0 76 76
f0_96 f0_90 f0_834 -0.26 0.26 0.64 0 0 0 76 76
f0_96 f0_90 f1h_412 0.11 -0.11 0.71 0 0 0 76 76
f0_96 f0_90 f2_200 -0.26 0.26 0.2 0 0 0 76 76
f0_96 f0_213 f0_247 -0.32 0.32 0.3 0 0 0 76 76
f0_96 f0_213 f0_255 0.15 -0.15 0.42 0 0 0 76 76
f0_96 f0_213 f0_645 0.01 -0.01 0.38 0 0 0 76 76
f0_96 f0_213 f0_798 -0.34 0.34 0.6 0 0 0 76 76
f0_96 f0_213 f0_879 -0.04 0.04 0.53 0 0 0 76 76
f0_96 f0_213 f0_974 -0.37 0.37 0.29 0 0 0 76 76
f0_96 f0_213 f1h_245 0.04 -0.04 0.77 0 0 0 76 76
f0_96 f0_213 f1h_359 0.11 -0.11 0.6 0 0 0 76 76
f0_96 f0_213 f1h_394 -0.06 0.06 0.4 0 0 0 76 76
f0_96 f0_213 f1h_412 0.04 -0.04 0.34 0 0 0 76 76
f0_96 f0_213 f1w_84 0.16 -0.16 0.39 0 0 0 76 76
f0_96 f0_213 f1w_304 0.02 -0.02 0.74 0 0 0 76 76
f0_96 f0_213 f1w_379 0.22 -0.22 0.41 0 0 0 76 76
f0_96 f0_213 f1w_422 0.17 -0.17 0.51 0 0 0 76 76
f0_96 f0_213 f2_127 0.2 -0.2 0.23 0 0 0 76 76
f0_96 f0_213 f2_200 -0.34 0.31 0.01 0 0 0 76 76
f0_96 f0_213 f2_317 0.15 -0.15 0.71 0 0 0 76 76
f0_96 f0_213 f2_384 -0.2 0.2 0.56 0 0 0 76 76
f0_96 f0_247 f1h_450 1.57 -1.57 -0.13 0 0 0 76 76
f0_96 f0_247 f1w_30 0.42 -0.42 0.29 0 0 0 76 76
f0_96 f0_247 f2_169 1.09 -1.09 0.42 0 0 0 76 76
f0_96 f0_255 f0_645 0.06 -0.06 0.49 0 0 0 76 76
f0_96 f0_255 f0_831 -0.44 0.44 0.34 0 0 0 76 76
f0_96 f0_255 f1h_137 0.02 -0.02 0.51 0 0 0 76 76
f0_96 f0_255 f1h_148 -0.07 0.07 0.68 0 0 0 76 76
f0_96 f0_255 f1h_272 0.56 -0.56 0.45 0 0 0 76 76
f0_96 f0_255 f1h_450 1.06 -1.06 -0.14 0 0 0 76 76
f0_96 f0_255 f1w_30 0.33 -0.33 0.81 0 0 0 76 76
f0_96 f0_255 f1w_84 0.2 -0.2 0.75 0 0 0 76 76
f0_96 f0_255 f1w_379 0.03 -0.03 0.91 0 0 0 76 76
f0_96 f0_255 f1w_422 0 0 1.01 0 0 0 76 76
f0_96 f0_255 f1w_494 -0.35 0.35 0.31 0 0 0 76 76
f0_96 f0_255 f2_169 0.76 -0.76 0.38 0 0 0 76 76
f0_96 f0_255 f2_217 -0.18 0.18 0.66 0 0 0 76 76
f0_96 f0_319 f0_645 0.39 -0.39 0.62 0 0 0 76 76
f0_96 f0_319 f1h_428 0.01 -0.01 0.38 0 0 0 76 76
f0_96 f0_319 f2_127 0.58 -0.58 0.19 0 0 0 76 76
f0_96 f0_350 f0_955 -0.13 0.13 0.71 0 0 0 76 76
f0_96 f0_350 f1h_137 0.12 -0.12 0.39 0 0 0 76 76
f0_96 f0_350 f1h_272 0.9 -0.9 0.56 0 0 0 76 76
f0_96 f0_350 f1h_450 0.19 -0.19 0.71 0 0 0 76 76
f0_96 f0_350 f2_127 0.36 -0.36 0.4 0 0 0 76 76
f0_96 f0_594 f0_955 -0.17 0.17 0.34 0 0 0 76 76
f0_96 f0_594 f1h_272 0.85 -0.85 0.49 0 0 0 76 76
f0_96 f0_594 f1h_450 1.13 -1.13 0.16 0 0 0 76 76
f0_96 f0_594 f2_127 0.4 -0.4 0.46 0 0 0 76 76
f0_96 f0_594 f2_169 0.6 -0.6 0.42 0 0 0 76 76
f0_96 f0_600 f1w_30 0.58 -0.58 0.37 0 0 0 76 76
f0_96 f0_645 f0_828 -0.29 0.29 0.26 0 0 0 76 76
f0_96 f0_645 f0_831 0.09 -0.09 0.03 0 0 0 76 76
f0_96 f0_645 f0_879 0 0 0.62 0 0 0 76 76
f0_96 f0_645 f0_955 -0.34 0.34 0.35 0 0 0 76 76
f0_96 f0_645 f1h_137 0.04 -0.04 0.74 0 0 0 76 76
f0_96 f0_645 f1h_412 0.06 -0.06 0.52 0 0 0 76 76
f0_96 f0_645 f1w_30 0.27 -0.27 1 0 0 0 76 76
f0_96 f0_645 f1w_422 0.28 -0.28 0.16 0 0 0 76 76
f0_96 f0_645 f2_40 -0.34 0.34 0.64 0 0 0 76 76
f0_96 f0_645 f2_169 0.71 -0.71 0.39 0 0 0 76 76
f0_96 f0_645 f2_200 -0.31 0.31 0.09 0 0 0 76 76
f0_96 f0_645 f2_317 0.05 -0.05 0.71 0 0 0 76 76
f0_96 f0_645 f2_361 -0.39 0.39 0.26 0 0 0 76 76
f0_96 f0_798 f0_831 -0.04 0.04 0.89 0 0 0 76 76
f0_96 f0_798 f1h_137 0.23 -0.23 0.85 0 0 0 76 76
f0_96 f0_798 f1w_30 0.69 -0.69 0.47 0 0 0 76 76
f0_96 f0_808 f0_955 -0.34 0.34 0.51 0 0 0 76 76
f0_96 f0_808 f1h_148 0.21 -0.21 0.86 0 0 0 76 76
f0_96 f0_808 f1h_264 0.06 -0.06 0.96 0 0 0 76 76
f0_96 f0_808 f1h_272 0.74 -0.74 0.81 0 0 0 76 76
f0_96 f0_808 f1h_450 0.86 -0.86 0.46 0 0 0 76 76
f0_96 f0_808 f1w_30 0.62 -0.62 0.6 0 0 0 76 76
f0_96 f0_808 f1w_379 0.31 -0.31 0.84 0 0 0 76 76
f0_96 f0_828 f0_831 0.01 -0.01 0.42 0 0 0 76 76
f0_96 f0_831 f0_879 0.2 -0.2 0.67 0 0 0 76 76
f0_96 f0_831 f1h_245 0.27 -0.27 0.49 0 0 0 76 76
f0_96 f0_831 f1h_412 0.32 -0.32 0.28 0 0 0 76 76
f0_96 f0_831 f1w_304 0.26 -0.26 0.7 0 0 0 76 76
f0_96 f0_831 f2_127 0.39 -0.39 0.21 0 0 0 76 76
f0_96 f0_831 f2_169 1.24 -1.24 -0.24 0 0 0 76 76
f0_96 f0_831 f2_200 -0.18 0.18 -0.11 0 0 0 76 76
f0_96 f0_831 f2_317 0.42 -0.42 0.7 0 0 0 76 76
f0_96 f0_831 f2_355 0.01 -0.01 0.61 0 0 0 76 76
f0_96 f0_831 f2_384 -0.03 0.03 0.61 0 0 0 76 76
f0_96 f0_834 f1h_264 0.37 -0.37 0.64 0 0 0 76 76
f0_96 f0_834 f1h_272 1.04 -1.04 0.48 0 0 0 76 76
f0_96 f0_834 f1h_450 1.09 -1.09 -0.07 0 0 0 76 76
f0_96 f0_834 f1w_30 0.95 -0.95 0.14 0 0 0 76 76
f0_96 f0_834 f1w_379 0.64 -0.64 0.38 0 0 0 76 76
f0_96 f0_834 f2_127 0.5 -0.5 0.18 0 0 0 76 76
f0_96 f0_834 f2_169 1.14 -1.14 0.31 0 0 0 76 76
f0_96 f0_879 f1h_450 0.43 -0.43 0.53 0 0 0 76 76
f0_96 f0_879 f2_200 -0.45 0.45 0.12 0 0 0 76 76
f0_96 f0_955 f1h_245 0.37 -0.37 0.48 0 0 0 76 76
f0_96 f0_955 f1h_412 -0.14 0.14 0 0 0 0 76 76
f0_96 f0_955 f1h_428 -0.04 0.04 0.21 0 0 0 76 76
f0_96 f0_955 f1w_304 0.38 -0.38 0.7 0 0 0 76 76
f0_96 f0_955 f2_127 0.53 -0.53 0.06 0 0 0 76 76
f0_96 f0_955 f2_200 0.01 -0.01 0.06 0 0 0 76 76
f0_96 f0_955 f2_317 0.46 -0.46 0.48 0 0 0 76 76
f0_96 f0_974 f1h_428 0.02 -0.02 0.49 0 0 0 76 76
f0_96 f0_974 f1h_450 0.75 -0.75 -0.02 0 0 0 76 76
f0_96 f0_974 f2_127 0.57 -0.57 0.18 0 0 0 76 76
f0_96 f0_974 f2_169 1.12 -1.12 0.3 0 0 0 76 76
f0_96 f1h_137 f1h_245 0.01 -0.01 0.66 0 0 0 76 76
f0_96 f1h_137 f1h_394 -0.15 0.15 0.81 0 0 0 76 76
f0_96 f1h_137 f1h_428 -0.4 0.4 0.19 0 0 0 76 76
f0_96 f1h_137 f1w_304 -0.04 0.04 0.98 0 0 0 76 76
f0_96 f1h_137 f2_127 0.15 -0.15 0.5 0 0 0 76 76
f0_96 f1h_137 f2_317 0.15 -0.15 0.63 0 0 0 76 76
f0_96 f1h_137 f2_384 -0.24 0.24 0.54 0 0 0 76 76
f0_96 f1h_148 f1h_412 -0.05 0.05 0.69 0 0 0 76 76
f0_96 f1h_148 f2_200 -0.47 0.47 0.08 0 0 0 76 76
f0_96 f1h_148 f2_361 -0.46 0.46 0.26 0 0 0 76 76
f0_96 f1h_245 f1h_428 -0.14 0.14 0.17 0 0 0 76 76
f0_96 f1h_245 f1h_450 0.71 -0.71 0.68 0 0 0 76 76
f0_96 f1h_245 f2_127 0.19 -0.19 0.56 0 0 0 76 76
f0_96 f1h_245 f2_169 0.52 -0.52 0.72 0 0 0 76 76
f0_96 f1h_264 f1h_412 0.13 -0.13 0.69 0 0 0 76 76
f0_96 f1h_264 f2_200 -0.29 0.29 0.2 0 0 0 76 76
f0_96 f1h_272 f1h_412 -0.79 0.79 0.43 0 0 0 76 76
f0_96 f1h_272 f1h_444 -0.76 0.76 0.86 0 0 0 76 76
f0_96 f1h_272 f1w_84 -0.62 0.62 1.05 0 0 0 76 76
f0_96 f1h_272 f1w_115 -0.93 0.93 0.51 0 0 0 76 76
f0_96 f1h_272 f2_40 -1.02 1.02 0.46 0 0 0 76 76
f0_96 f1h_272 f2_217 -0.52 0.52 1.35 0 0 0 76 76
f0_96 f1h_272 f2_357 -0.73 0.73 0.54 0 0 0 76 76
f0_96 f1h_272 f2_361 -0.63 0.63 0.29 0 0 0 76 76
f0_96 f1h_359 f2_169 0.18 -0.18 1.04 0 0 0 76 76
f0_96 f1h_394 f1h_450 -0.08 0.08 0.96 0 0 0 76 76
f0_96 f1h_394 f1w_30 0.83 -0.83 0.51 0 0 0 76 76
f0_96 f1h_394 f2_169 1.02 -1.02 0.55 0 0 0 76 76
f0_96 f1h_412 f1h_450 1.33 -1.33 0.37 0 0 0 76 76
f0_96 f1h_412 f1w_30 0.54 -0.54 0.43 0 0 0 76 76
f0_96 f1h_412 f1w_379 0.19 -0.19 0.71 0 0 0 76 76
f0_96 f1h_412 f2_169 0.82 -0.82 0.36 0 0 0 76 76
f0_96 f1h_412 f2_217 -0.17 0.17 0.58 0 0 0 76 76
f0_96 f1h_412 f2_384 -0.2 0.2 0.45 0 0 0 76 76
f0_96 f1h_428 f1w_422 0.55 -0.55 0.47 0 0 0 76 76
f0_96 f1h_428 f2_200 -0.29 0.29 -0.16 0 0 0 76 76
f0_96 f1h_444 f1h_450 0.27 -0.27 0.83 0 0 0 76 76
f0_96 f1h_444 f2_127 0.34 -0.34 0.74 0 0 0 76 76
f0_96 f1h_444 f2_169 0.03 -0.03 0.96 0 0 0 76 76
f0_96 f1h_444 f2_200 -0.2 0.2 0.42 0 0 0 76 76
f0_96 f1h_450 f1w_84 -0.3 0.3 1.09 0 0 0 76 76
f0_96 f1h_450 f1w_115 -1.11 0.86 0 0 0 0 76 76
f0_96 f1h_450 f1w_422 0.02 -0.02 1.04 0 0 0 76 76
f0_96 f1h_450 f2_40 -0.49 0.41 0.64 0 0 0 76 76
f0_96 f1h_450 f2_217 0.05 -0.05 1.25 0 0 0 76 76
f0_96 f1h_450 f2_317 -0.81 0.81 0.55 0 0 0 76 76
f0_96 f1h_450 f2_357 -0.23 0.23 0.84 0 0 0 76 76
f0_96 f1h_450 f2_384 -1.01 0.39 0.44 0 0 0 76 76
f0_96 f1w_30 f1w_304 -0.58 0.58 0.82 0 0 0 76 76
f0_96 f1w_30 f2_40 -0.42 0.42 0.47 0 0 0 76 76
f0_96 f1w_30 f2_127 -0.47 0.47 0.51 0 0 0 76 76
f0_96 f1w_30 f2_357 -0.04 0.04 0.34 0 0 0 76 76
f0_96 f1w_30 f2_361 -0.97 0.86 0.15 0 0 0 76 76
f0_96 f1w_30 f2_384 -0.75 0.75 0.65 0 0 0 76 76
f0_96 f1w_84 f2_127 0.18 -0.18 0.9 0 0 0 76 76
f0_96 f1w_84 f2_200 -0.36 0.36 0.43 0 0 0 76 76
f0_96 f1w_115 f2_127 0.46 -0.46 0.49 0 0 0 76 76
f0_96 f1w_115 f2_169 1.05 -1.05 0.46 0 0 0 76 76
f0_96 f1w_379 f2_169 0.52 -0.52 0.54 0 0 0 76 76
f0_96 f1w_379 f2_200 -0.56 0.56 0.22 0 0 0 76 76
f0_96 f1w_422 f2_127 0.03 -0.03 0.83 0 0 0 76 76
f0_96 f1w_422 f2_169 0.22 -0.22 0.3 0 0 0 76 76
f0_96 f1w_422 f2_200 -0.53 0.53 0.19 0 0 0 76 76
f0_96 f1w_422 f2_361 -0.56 0.56 0.51 0 0 0 76 76
f0_96 f1w_494 f2_127 0.45 -0.45 0.37 0 0 0 76 76
f0_96 f1w_494 f2_200 -0.59 0.59 -0.3 0 0 0 76 76
f0_96 f2_127 f2_169 0.79 -0.79 0.18 0 0 0 76 76
f0_96 f2_127 f2_200 -0.54 0.54 0.03 0 0 0 76 76
f0_96 f2_127 f2_217 -0.31 0.31 0.6 0 0 0 76 76
f0_96 f2_127 f2_361 -0.06 0.06 0.08 0 0 0 76 76
f0_96 f2_169 f2_200 -1.08 0.1 0.02 0 0 0 76 76
f0_96 f2_169 f2_217 -0.24 0.24 1.05 0 0 0 76 76
f0_96 f2_169 f2_357 -0.58 0.51 0.51 0 0 0 76 76
f0_96 f2_200 f2_217 0.2 -0.2 0.38 0 0 0 76 76
f0_96 f2_200 f2_357 0.75 -0.75 -0.17 0 0 0 76 76
f0_96 f2_200 f2_384 0.11 -0.11 0.34 0 0 0 76 76
f0_98 f1h_238 f2_666 -0.05 0.05 2 0 0 0 76 76
f0_100 f1h_54 f1h_139 -0.48 0.48 2.04 0 0 0 76 76
f0_100 f1h_54 f1h_198 -0.84 0.84 1.08 0 0 0 76 76
f0_100 f1h_54 f1h_407 -0.83 0.04 2.51 0 0 0 76 76
f0_100 f1h_139 f1h_198 -0.36 0.36 -0.27 0 0 1 76 76
f0_100 f1h_198 f1h_407 -0.36 0.08 0.43 0 0 1 76 76
f0_101 f0_225 f1h_33 0.87 -0.87 0.6 0 0 0 76 76
f0_101 f1h_4 f1h_424 0.48 -0.48 0.43 0 0 0 76 76
f0_101 f1h_33 f1h_37 -0.62 0.62 1.1 0 0 0 76 76
f0_101 f1h_33 f1h_86 -1.1 1.1 0.92 0 0 0 76 76
f0_101 f1h_33 f1w_328 -0.65 0.65 1.07 0 0 0 76 76
f0_101 f1h_33 f2_108 -0.72 0.72 1.07 0 0 0 76 76
f0_101 f1h_33 f2_651 -1.02 1.02 0.75 0 0 0 76 76
f0_102 f0_628 f1h_133 0.73 -0.73 0.81 0 0 0 76 76
f0_102 f1h_133 f2_745 -1.01 1.01 0.91 0 0 0 76 76
f0_102 f2_176 f2_200 -0.17 0.17 1.12 0 0 0 76 76
f0_104 f0_45 f1h_86 -0.17 0.17 1.25 0 0 0 76 76
f0_104 f0_45 f1h_395 -0.49 0.49 0.98 0 0 0 76 76
f0_104 f0_68 f1h_86 0.47 -0.47 0.79 0 0 0 76 76
f0_104 f0_68 f1h_404 0.83 -0.83 0.8 0 0 0 76 76
f0_104 f0_175 f1h_16 0.59 -0.59 1.05 0 0 0 76 76
f0_104 f0_555 f1h_57 0.07 -0.07 1.14 0 0 0 76 76
f0_104 f0_704 f1h_57 0.05 -0.05 0.88 0 0 0 76 76
f0_104 f1h_16 f1w_105 -0.45 0.45 1.13 0 0 0 76 76
f0_104 f1h_57 f1h_86 0.23 -0.23 1.25 0 0 0 76 76
f0_104 f1h_57 f1h_404 0.1 -0.1 1.28 0 0 0 76 76
f0_104 f1h_57 f1w_105 -0.7 0.7 0.87 0 0 0 76 76
f0_104 f1h_57 f1w_415 -0.88 0.88 1.2 0 0 0 76 76
f0_104 f1h_57 f1w_427 0.01 -0.01 1.22 0 0 0 76 76
f0_104 f1h_57 f2_289 -0.2 0.2 1.01 0 0 0 76 76
f0_104 f1h_57 f2_381 -1.41 0.21 -0.06 0 0 0 76 76
f0_104 f1h_86 f1w_437 -0.4 0.4 0.77 0 0 0 76 76
f0_104 f1h_269 f2_381 -0.21 0.21 0.2 0 0 0 76 76
f0_104 f1h_404 f2_678 -0.43 0.43 1.12 0 0 0 76 76
f0_104 f1w_475 f2_381 -0.43 0.43 0.29 0 0 0 76 76
f0_104 f2_127 f2_381 -0.35 0.35 0.37 0 0 0 76 76
f0_104 f2_381 f2_678 0.81 -0.81 -0.32 0 0 0 76 76
f0_104 f2_381 f2_950 0.26 -0.26 0.43 0 0 0 76 76
f0_108 f0_259 f1h_210 0.68 -0.68 1.51 0 0 0 76 76
f0_108 f1h_210 f1h_479 -0.47 0.47 0.86 0 0 0 76 76
f0_112 f1h_266 f1h_356 -0.58 0.58 1.06 0 0 0 76 76
f0_114 f2_177 f2_580 0.46 -0.46 0.77 0 0 0 76 76
f0_114 f2_778 f2_919 0.18 -0.18 -0.5 0 0 1 76 76
f0_115 f1h_436 f2_424 -0.04 0.04 2.05 0 0 0 76 76
f0_115 f2_424 f2_721 -0.78 0.78 0.92 0 0 0 76 76
f0_116 f0_213 f1h_97 0.74 -0.74 0.78 0 0 0 76 76
f0_116 f0_213 f1h_372 0.73 -0.73 0.71 0 0 0 76 76
f0_116 f1h_97 f1h_150 -0.22 0.22 1.11 0 0 0 76 76
f0_116 f1h_97 f1h_255 -0.96 0.96 0.64 0 0 0 76 76
f0_116 f1h_97 f1h_370 -0.45 0.45 0.74 0 0 0 76 76
f0_116 f1h_97 f1h_386 -0.87 0.87 0.22 0 0 0 76 76
f0_116 f1h_97 f1w_489 -0.76 0.76 0.77 0 0 0 76 76
f0_116 f1h_97 f2_761 -0.14 0.14 1.44 0 0 0 76 76
f0_116 f1h_370 f1h_372 -0.34 0.34 1.01 0 0 0 76 76
f0_116 f1h_372 f1h_386 -0.33 0.33 0.76 0 0 0 76 76
f0_116 f1h_386 f1h_461 0.43 -0.43 0.65 0 0 0 76 76
f0_117 f1h_188 f2_381 -0.68 0.68 1.3 0 0 0 76 76
f0_119 f0_50 f1h_123 -0.26 0.26 1 0 0 0 76 76
f0_119 f0_50 f1h_372 -0.65 0.65 0.59 0 0 0 76 76
f0_119 f0_50 f1w_482 0.04 -0.04 -0.37 0 0 1 76 76
f0_119 f0_56 f0_637 0.17 -0.17 0.69 0 0 0 76 76
f0_119 f0_56 f0_913 -0.15 0.15 0.28 0 0 0 76 76
f0_119 f0_56 f1h_180 0.52 -0.52 0.52 0 0 0 76 76
f0_119 f0_56 f1h_372 0 0 -0.04 0 0 0 76 76
f0_119 f0_64 f1h_372 -0.16 0.16 0.42 0 0 0 76 76
f0_119 f0_64 f1w_482 0.46 -0.46 0.88 0 0 0 76 76
f0_119 f0_244 f1h_372 -0.35 0.35 0.28 0 0 0 76 76
f0_119 f0_575 f0_768 -0.15 0.15 0.91 0 0 0 76 76
f0_119 f0_575 f0_913 -0.44 0.44 0.29 0 0 0 76 76
f0_119 f0_575 f1h_123 -0.42 0.42 0.54 0 0 0 76 76
f0_119 f0_575 f1h_305 -0.89 0.89 0.19 0 0 0 76 76
f0_119 f0_575 f1w_482 0.25 -0.25 0.86 0 0 0 76 76
f0_119 f0_575 f2_937 -0.17 0.17 0.68 0 0 0 76 76
f0_119 f0_768 f1h_372 -0.57 0.57 0.56 0 0 0 76 76
f0_119 f0_768 f2_246 -0.49 0.49 0.94 0 0 0 76 76
f0_119 f0_768 f2_461 -0.56 0.56 0.7 0 0 0 76 76
f0_119 f0_778 f1h_372 -0.15 0.15 0.38 0 0 0 76 76
f0_119 f0_844 f0_913 -0.31 0.31 0.11 0 0 0 76 76
f0_119 f0_844 f1h_372 -0.4 0.4 -0.43 0 0 0 76 76
f0_119 f0_913 f0_953 0.63 -0.63 0.26 0 0 0 76 76
f0_119 f0_913 f1w_39 0.08 -0.08 0.05 0 0 0 76 76
f0_119 f0_913 f2_642 0.33 -0.33 0 0 0 0 76 76
f0_119 f0_953 f1h_123 -0.22 0.22 0.6 0 0 0 76 76
f0_119 f0_953 f1h_372 -0.61 0.54 0.02 0 0 0 76 76
f0_119 f1h_123 f1h_180 0.28 -0.28 0.48 0 0 0 76 76
f0_119 f1h_123 f1w_39 -0.37 0.37 0.51 0 0 0 76 76
f0_119 f1h_180 f2_143 0.07 -0.07 0.84 0 0 0 76 76
f0_119 f1h_305 f1w_61 0.11 -0.11 0.69 0 0 0 76 76
f0_119 f1h_372 f1h_459 0.49 -0.49 0.43 0 0 0 76 76
f0_119 f1h_372 f1w_61 0.07 -0.07 0.38 0 0 0 76 76
f0_119 f1h_372 f2_186 0.31 -0.31 0.42 0 0 0 76 76
f0_119 f1h_372 f2_677 0.39 -0.39 0.42 0 0 0 76 76
f0_119 f2_143 f2_186 -0.17 0.17 1.21 0 0 0 76 76
f0_121 f1h_86 f1h_391 -0.03 0.03 -0.5 0 0 1 76 76
f0_123 f0_953 f0_964 -0.43 0.43 -0.4 0 0 1 76 76
f0_124 f1h_333 f2_889 -0.38 0.38 1.39 0 0 0 76 76
f0_125 f0_313 f0_355 -0.03 0.03 0.52 0 0 0 76 76
f0_125 f0_355 f1h_350 0.37 -0.37 1 0 0 0 76 76
f0_125 f0_355 f1h_489 0.59 -0.59 0.57 0 0 0 76 76
f0_125 f0_441 f1h_350 0.87 -0.87 0.41 0 0 0 76 76
f0_125 f1h_81 f1h_489 0.44 -0.44 0.52 0 0 0 76 76
f0_127 f0_61 f1h_415 -0.28 0.28 1.02 0 0 0 76 76
f0_127 f0_61 f2_444 -0.27 0.27 1.03 0 0 0 76 76
f0_127 f1h_82 f1h_415 -0.19 0.19 1.3 0 0 0 76 76
f0_127 f1h_82 f2_444 -0.15 0.15 1.45 0 0 0 76 76
f0_127 f1h_289 f1h_356 0.13 -0.13 1.15 0 0 0 76 76
f0_127 f1h_289 f2_127 -0.16 0.16 1.16 0 0 0 76 76
f0_127 f1h_356 f1h_415 -0.42 0.42 0.85 0 0 0 76 76
f0_127 f1h_415 f1w_330 0.01 -0.01 0.96 0 0 0 76 76
f0_128 f0_120 f1h_257 -0.04 0.04 2.17 0 0 0 76 76
f0_129 f0_830 f1h_106 0.27 -0.27 1.18 0 0 0 76 76
f0_129 f0_830 f1h_375 1.1 -1.1 0.87 0 0 0 76 76
f0_129 f1h_375 f2_547 -0.96 0.96 0.67 0 0 0 76 76
f0_130 f0_547 f1h_340 0.21 -0.21 0.95 0 0 0 76 76
f0_130 f0_596 f1h_42 0.01 -0.01 0.85 0 0 0 76 76
f0_132 f0_192 f2_495 -0.02 0.02 -0.11 0 0 1 76 76
f0_132 f0_436 f2_495 0.12 -0.12 -0.36 0 0 1 76 76
f0_132 f1h_258 f2_495 0.02 -0.02 -0.31 0 0 1 76 76
f0_132 f1h_496 f2_495 0.24 -0.24 -0.34 0 0 1 76 76
f0_132 f1w_55 f2_495 0.08 -0.08 -0.3 0 0 1 76 76
f0_133 f0_828 f1h_266 -0.03 0.03 1.35 0 0 0 76 76
f0_136 f0_713 f1h_405 0.59 -0.59 0.79 0 0 0 76 76
f0_136 f1h_405 f2_685 -0.28 0.28 0.98 0 0 0 76 76
f0_137 f0_526 f1h_260 0.6 -0.6 -0.42 0 0 1 76 76
f0_137 f0_604 f1h_118 -0.07 0.07 1.24 0 0 0 76 76
f0_138 f0_98 f0_988 -0.08 0.08 1.31 0 0 0 76 76
f0_138 f0_189 f1h_345 0.36 -0.36 0.62 0 0 0 76 76
f0_138 f0_628 f0_692 -0.36 0.36 1.03 0 0 0 76 76
f0_138 f0_628 f1h_372 -0.36 0.36 0.86 0 0 0 76 76
f0_138 f0_628 f2_377 -0.28 0.28 1.02 0 0 0 76 76
f0_138 f0_692 f2_602 -0.42 0.42 0.65 0 0 0 76 76
f0_138 f1h_28 f2_142 -0.45 0.45 1.22 0 0 0 76 76
f0_138 f1h_252 f1h_345 0.29 -0.29 0.73 0 0 0 76 76
f0_138 f1h_252 f1h_372 -0.2 0.2 0.87 0 0 0 76 76
f0_138 f1h_305 f1h_345 0.78 -0.78 0.62 0 0 0 76 76
f0_138 f1h_345 f1w_276 -0.61 0.61 0.52 0 0 0 76 76
f0_138 f1h_345 f2_61 -0.71 0.71 0.88 0 0 0 76 76
f0_138 f1h_345 f2_377 0.27 -0.27 0.31 0 0 0 76 76
f0_138 f1h_345 f2_977 -0.21 0.21 1.13 0 0 0 76 76
f0_138 f1h_372 f1h_418 -0.01 0.01 0.6 0 0 0 76 76
f0_138 f2_142 f2_291 0.01 -0.01 1.08 0 0 0 76 76
f0_139 f1h_392 f1h_398 -0.25 0.25 1.23 0 0 0 76 76
f0_139 f1h_392 f1w_445 -0.29 0.29 1.07 0 0 0 76 76
f0_139 f1h_392 f2_917 -0.41 0.41 1.08 0 0 0 76 76
f0_140 f0_146 f1h_81 -0.15 0.15 1.26 0 0 0 76 76
f0_141 f0_861 f1w_222 0.27 -0.27 0.82 0 0 0 76 76
f0_142 f0_272 f2_873 0.09 -0.09 1.18 0 0 0 76 76
f0_142 f0_974 f1h_292 0.36 -0.36 1 0 0 0 76 76
f0_142 f1h_69 f1h_292 -0.56 0.56 0.59 0 0 0 76 76
f0_142 f1h_69 f2_409 -1.08 1.08 0.84 0 0 0 76 76
f0_142 f1h_252 f1h_452 0.52 -0.52 1.13 0 0 0 76 76
f0_142 f1h_292 f2_781 -0.21 0.21 1.2 0 0 0 76 76
f0_144 f0_438 f1h_475 0.03 -0.03 -0.2 0 0 1 76 76
f0_144 f0_438 f1h_482 -0.2 0.2 -0.31 0 0 1 76 76
f0_147 f1h_273 f2_18 -0.82 0.82 1.06 0 0 0 76 76
f0_147 f1h_273 f2_234 -0.98 0.98 0.49 0 0 0 76 76
f0_147 f1h_273 f2_724 -0.07 0.07 1.01 0 0 0 76 76
f0_151 f1h_329 f1h_354 -0.09 0.09 0.4 0 0 1 76 76
f0_151 f1h_354 f1h_466 0.57 -0.57 -0.4 0 0 1 76 76
f0_152 f0_154 f0_312 0.62 -0.62 0.58 0 0 0 76 76
f0_152 f0_208 f0_714 0.57 -0.57 0.71 0 0 0 76 76
f0_152 f0_312 f1h_320 -0.26 0.26 0.49 0 0 0 76 76
f0_152 f0_341 f2_2 -0.25 0.25 1.48 0 0 0 76 76
f0_152 f0_407 f1h_136 0.18 -0.18 1.33 0 0 0 76 76
f0_152 f0_407 f2_564 -0.66 0.66 0.72 0 0 0 76 76
f0_152 f0_407 f2_951 -0.53 0.53 0.77 0 0 0 76 76
f0_152 f0_714 f1h_136 -0.38 0.38 0.6 0 0 0 76 76
f0_152 f0_714 f1w_21 -0.56 0.56 0.57 0 0 0 76 76
f0_152 f0_897 f2_730 -0.09 0.09 0.52 0 0 0 76 76
f0_152 f2_359 f2_703 0.77 -0.77 0.61 0 0 0 76 76
f0_152 f2_730 f2_997 -0.07 0.07 0.93 0 0 0 76 76
f0_153 f1h_187 f1h_235 -0.26 0.26 2.24 0 0 0 76 76
f0_153 f1h_187 f2_734 0.07 -0.07 -0.44 0 0 1 76 76
f0_154 f0_966 f1h_232 -0.43 0.43 1.03 0 0 0 76 76
f0_154 f0_966 f1w_455 -0.58 0.58 0.55 0 0 0 76 76
f0_154 f1h_232 f1w_147 -0.31 0.31 0.67 0 0 0 76 76
f0_154 f1w_147 f1w_455 -0.07 0.07 0.66 0 0 0 76 76
f0_157 f0_6 f1h_492 0.54 -0.54 1.29 0 0 0 76 76
f0_157 f0_200 f1h_492 0.24 -0.24 1.72 0 0 0 76 76
f0_157 f1h_140 f1h_492 -0.02 0.02 1.97 0 0 0 76 76
f0_158 f1h_33 f1h_493 -0.13 0.13 1.51 0 0 0 76 76
f0_158 f1h_33 f1w_258 -0.35 0.35 1.41 0 0 0 76 76
f0_158 f1h_493 f2_359 -0.33 0.33 1.09 0 0 0 76 76
f0_159 f0_71 f1h_17 0.39 -0.39 1.33 0 0 0 76 76
f0_162 f0_369 f1h_161 1 -1 0.3 0 0 0 76 76
f0_162 f0_765 f1h_403 0.63 -0.63 0.71 0 0 0 76 76
f0_162 f1h_161 f2_24 -0.81 0.81 0.93 0 0 0 76 76
f0_162 f1h_161 f2_910 -0.83 0.83 0.69 0 0 0 76 76
f0_162 f1h_469 f2_811 0.12 -0.12 1.19 0 0 0 76 76
f0_163 f0_15 f1h_234 1.07 -1.07 0.96 0 0 0 76 76
f0_163 f0_45 f1h_234 0.94 -0.94 1.09 0 0 0 76 76
f0_163 f1h_22 f1w_310 -0.39 0.39 0.96 0 0 0 76 76
f0_163 f1h_234 f2_700 -0.82 0.82 1.13 0 0 0 76 76
f0_163 f2_112 f2_986 0.53 -0.53 0.94 0 0 0 76 76
f0_163 f2_127 f2_792 0.68 -0.68 0.85 0 0 0 76 76
f0_163 f2_127 f2_986 0.99 -0.99 0.72 0 0 0 76 76
f0_163 f2_395 f2_986 0.77 -0.77 0.53 0 0 0 76 76
f0_163 f2_461 f2_986 1.23 -1.23 0.54 0 0 0 76 76
f0_166 f0_497 f2_602 0.93 -0.93 -0.22 0 0 0 76 76
f0_166 f0_704 f1h_63 1.43 -1.43 0.55 0 0 0 76 76
f0_166 f0_704 f2_602 0.36 -0.36 1.04 0 0 0 76 76
f0_166 f1h_63 f1h_361 -1.07 1.07 0.91 0 0 0 76 76
f0_166 f1h_63 f1h_403 -0.43 0.43 0.47 0 0 0 76 76
f0_166 f1h_361 f2_602 0.18 -0.18 1.1 0 0 0 76 76
f0_166 f1h_403 f1h_493 -0.87 0.87 0.85 0 0 0 76 76
f0_166 f1h_403 f2_602 -0.58 0.58 0.84 0 0 0 76 76
f0_168 f0_37 f0_166 0.49 -0.49 0.52 0 0 0 76 76
f0_168 f0_37 f2_631 0.18 -0.18 0.8 0 0 0 76 76
f0_168 f0_166 f1h_142 1.15 -1.15 0.53 0 0 0 76 76
f0_168 f0_166 f1h_328 0.02 -0.02 1.21 0 0 0 76 76
f0_168 f0_166 f2_540 -0.56 0.56 0.79 0 0 0 76 76
f0_168 f0_166 f2_870 0.05 -0.05 0.8 0 0 0 76 76
f0_168 f0_541 f1h_142 1.17 -1.17 0.48 0 0 0 76 76
f0_168 f0_541 f1h_426 0.85 -0.85 0.64 0 0 0 76 76
f0_168 f0_541 f2_870 0.57 -0.57 0.51 0 0 0 76 76
f0_168 f0_748 f1h_142 0.76 -0.76 0.19 0 0 0 76 76
f0_168 f1h_25 f1h_426 0.09 -0.09 1.5 0 0 0 76 76
f0_168 f1h_25 f2_870 -0.25 0.25 1.01 0 0 0 76 76
f0_168 f1h_142 f1w_86 -0.74 0.74 0.67 0 0 0 76 76
f0_168 f1h_142 f2_870 -1.05 1.05 0.35 0 0 0 76 76
f0_168 f1h_309 f2_870 0.51 -0.51 0.84 0 0 0 76 76
f0_168 f1h_426 f1w_86 -0.26 0.26 1.15 0 0 0 76 76
f0_168 f1h_426 f2_145 -0.19 0.19 0.79 0 0 0 76 76
f0_168 f1w_86 f2_870 0.02 -0.02 1.11 0 0 0 76 76
f0_168 f2_631 f2_870 -0.17 0.17 1.06 0 0 0 76 76
f0_170 f0_747 f2_965 0.93 -0.93 0.93 0 0 0 76 76
f0_172 f0_131 f1h_489 0.48 -0.48 1.49 0 0 0 76 76
f0_172 f0_993 f1h_150 0.05 -0.05 0.61 0 0 0 76 76
f0_172 f0_993 f2_359 0.08 -0.08 0.42 0 0 0 76 76
f0_172 f1w_159 f2_359 -0.56 0.56 0.87 0 0 0 76 76
f0_175 f0_225 f1h_282 0.2 -0.2 1.44 0 0 0 76 76
f0_175 f0_225 f2_980 -0.17 0.17 1.03 0 0 0 76 76
f0_175 f0_608 f1h_282 0.54 -0.54 1.03 0 0 0 76 76
f0_175 f1h_282 f2_479 -0.1 0.1 1.25 0 0 0 76 76
f0_175 f1h_282 f2_804 -0.75 0.75 1.19 0 0 0 76 76
f0_176 f0_13 f2_959 0.18 -0.18 0.77 0 0 0 76 76
f0_176 f0_716 f1h_379 1.01 -1.01 0.29 0 0 0 76 76
f0_176 f1h_40 f2_922 -0.17 0.17 1.36 0 0 0 76 76
f0_176 f1h_104 f2_468 -0.14 0.14 1.2 0 0 0 76 76
f0_176 f1h_328 f2_959 0.25 -0.25 1 0 0 0 76 76
f0_176 f2_468 f2_959 0.23 -0.23 0.58 0 0 0 76 76
f0_182 f1h_395 f2_363 -0.2 0.2 -0.26 0 0 1 76 76
f0_183 f0_253 f0_345 -0.08 0.08 1.2 0 0 0 76 76
f0_183 f0_253 f2_937 -0.37 0.37 0.87 0 0 0 76 76
f0_183 f0_347 f0_938 0.1 -0.1 0.88 0 0 0 76 76
f0_183 f0_347 f1w_259 0.38 -0.38 0.86 0 0 0 76 76
f0_183 f0_347 f1w_495 0.13 -0.13 0.54 0 0 0 76 76
f0_183 f0_347 f2_359 0.17 -0.17 0.56 0 0 0 76 76
f0_183 f0_936 f2_737 -0.02 0.02 1.24 0 0 0 76 76
f0_183 f1w_495 f2_737 -0.3 0.3 1.24 0 0 0 76 76
f0_183 f2_156 f2_415 0.54 -0.54 0.59 0 0 0 76 76
f0_186 f1h_7 f1h_186 -0.52 0.52 1.17 0 0 0 76 76
f0_187 f1h_123 f1w_477 -1.3 1.3 1.11 0 0 0 76 76
f0_187 f1h_123 f2_515 -0.99 0.99 1.19 0 0 0 76 76
f0_187 f1h_212 f1h_236 -0.01 0.01 1.37 0 0 0 76 76
f0_192 f0_68 f0_132 -0.14 0.14 0.3 0 0 0 76 76
f0_192 f0_68 f0_436 0.31 -0.31 0.67 0 0 0 76 76
f0_192 f0_68 f0_625 -0.02 0.02 0.76 0 0 0 76 76
f0_192 f0_68 f0_711 0.12 -0.12 0.46 0 0 0 76 76
f0_192 f0_68 f0_948 0.19 -0.19 0.82 0 0 0 76 76
f0_192 f0_68 f1w_3 -0.17 0.17 0.55 0 0 0 76 76
f0_192 f0_68 f1w_55 0.13 -0.13 0.94 0 0 0 76 76
f0_192 f0_68 f1w_260 0.26 -0.26 0.65 0 0 0 76 76
f0_192 f0_95 f0_927 0.19 -0.19 0.86 0 0 0 76 76
f0_192 f0_95 f1h_37 -0.11 0.11 0.77 0 0 0 76 76
f0_192 f0_95 f1w_3 -0.12 0.12 0.19 0 0 0 76 76
f0_192 f0_95 f1w_206 -0.27 0.27 0.49 0 0 0 76 76
f0_192 f0_95 f1w_224 0.17 -0.17 0.91 0 0 0 76 76
f0_192 f0_95 f1w_260 0.33 -0.33 0.61 0 0 0 76 76
f0_192 f0_95 f2_25 -0.12 0.12 0.95 0 0 0 76 76
f0_192 f0_132 f0_738 0.49 -0.49 0.3 0 0 0 76 76
f0_192 f0_132 f0_809 -0.03 0.03 0.5 0 0 0 76 76
f0_192 f0_132 f0_945 0.29 -0.29 0.38 0 0 0 76 76
f0_192 f0_132 f0_987 -0.03 0.03 0.02 0 0 0 76 76
f0_192 f0_132 f1h_339 -0.05 0.05 0.7 0 0 0 76 76
f0_192 f0_132 f1h_494 0.11 -0.11 0.29 0 0 0 76 76
f0_192 f0_132 f1w_206 -0.19 0.19 0.43 0 0 0 76 76
f0_192 f0_132 f1w_425 0.22 -0.22 0.56 0 0 0 76 76
f0_192 f0_132 f2_70 0.51 -0.51 0.48 0 0 0 76 76
f0_192 f0_436 f0_898 -0.1 0.1 0.37 0 0 0 76 76
f0_192 f0_436 f1h_494 0.18 -0.18 0.45 0 0 0 76 76
f0_192 f0_436 f2_81 -0.46 0.46 0.51 0 0 0 76 76
f0_192 f0_625 f2_70 0.34 -0.34 1.2 0 0 0 76 76
f0_192 f0_634 f2_92 0.03 -0.03 0.83 0 0 0 76 76
f0_192 f0_791 f1h_198 -0.42 0.42 0.57 0 0 0 76 76
f0_192 f0_791 f2_61 -0.46 0.46 0.93 0 0 0 76 76
f0_192 f0_809 f2_61 -0.02 0.02 0.73 0 0 0 76 76
f0_192 f0_898 f1w_260 0.34 -0.34 0.82 0 0 0 76 76
f0_192 f0_898 f1w_425 0.17 -0.17 0.7 0 0 0 76 76
f0_192 f0_945 f1w_260 0.11 -0.11 0.86 0 0 0 76 76
f0_192 f0_945 f2_61 0.12 -0.12 0.34 0 0 0 76 76
f0_192 f0_948 f0_987 -0.45 0.45 0.59 0 0 0 76 76
f0_192 f0_948 f2_81 0.06 -0.06 0.32 0 0 0 76 76
f0_192 f0_948 f2_92 -0.3 0.3 0.71 0 0 0 76 76
f0_192 f0_987 f1w_425 -0.06 0.06 0.28 0 0 0 76 76
f0_192 f1h_37 f1h_261 0.28 -0.28 0.92 0 0 0 76 76
f0_192 f1h_120 f2_70 0.65 -0.65 0.85 0 0 0 76 76
f0_192 f1h_120 f2_92 0.36 -0.36 0.08 0 0 0 76 76
f0_192 f1h_198 f1w_30 0.19 -0.19 0.83 0 0 0 76 76
f0_192 f1h_198 f2_81 -0.05 0.05 0.65 0 0 0 76 76
f0_192 f1h_261 f1w_206 -0.49 0.49 0.74 0 0 0 76 76
f0_192 f1h_261 f2_4 -0.03 0.03 0.78 0 0 0 76 76
f0_192 f1h_309 f1w_3 0.07 -0.07 0.86 0 0 0 76 76
f0_192 f1h_339 f1w_55 0.29 -0.29 1.09 0 0 0 76 76
f0_192 f1w_3 f2_4 0.27 -0.27 0.41 0 0 0 76 76
f0_192 f1w_3 f2_92 0.09 -0.09 0.54 0 0 0 76 76
f0_192 f1w_30 f2_4 0.12 -0.12 0.83 0 0 0 76 76
f0_192 f1w_55 f1w_206 -0.45 0.45 0.69 0 0 0 76 76
f0_192 f1w_55 f2_81 -0.3 0.3 0.77 0 0 0 76 76
f0_192 f1w_425 f2_92 -0.08 0.08 0.74 0 0 0 76 76
f0_192 f2_4 f2_81 -0.44 0.44 0.44 0 0 0 76 76
f0_192 f2_61 f2_81 0.01 -0.01 0.51 0 0 0 76 76
f0_195 f0_156 f2_578 0.99 -0.99 1.05 0 0 0 76 76
f0_197 f1h_255 f1h_494 0.22 -0.22 1.57 0 0 0 76 76
f0_198 f1h_15 f1h_193 0.99 -0.99 1.65 0 0 0 76 76
f0_200 f0_6 f0_188 -0.33 0.33 0.87 0 0 0 76 76
f0_200 f0_6 f1h_289 0.13 -0.13 0.82 0 0 0 76 76
f0_200 f0_15 f0_520 -0.25 0.25 0.83 0 0 0 76 76
f0_200 f0_15 f0_713 -0.1 0.1 0.07 0 0 0 76 76
f0_200 f0_101 f1h_273 0.14 -0.14 0.92 0 0 0 76 76
f0_200 f0_101 f2_635 0.37 -0.37 0.77 0 0 0 76 76
f0_200 f0_131 f1h_273 0.1 -0.1 0.51 0 0 0 76 76
f0_200 f0_131 f2_351 -0.33 0.33 0.58 0 0 0 76 76
f0_200 f0_147 f0_188 0 0 0.38 0 0 0 76 76
f0_200 f0_147 f1h_227 -0.01 0.01 1.22 0 0 0 76 76
f0_200 f0_147 f1h_289 -0.22 0.22 0.72 0 0 0 76 76
f0_200 f0_147 f2_355 -0.13 0.13 0.98 0 0 0 76 76
f0_200 f0_157 f0_188 -0.58 0.58 0.7 0 0 0 76 76
f0_200 f0_157 f1h_273 0.03 -0.03 0.45 0 0 0 76 76
f0_200 f0_157 f1h_289 -0.23 0.23 1.06 0 0 0 76 76
f0_200 f0_157 f1w_192 -0.6 0.6 0.68 0 0 0 76 76
f0_200 f0_157 f1w_207 -0.56 0.56 0.82 0 0 0 76 76
f0_200 f0_188 f0_520 0.05 -0.05 0.59 0 0 0 76 76
f0_200 f0_188 f0_713 -0.18 0.18 0.01 0 0 0 76 76
f0_200 f0_188 f1h_459 0.26 -0.26 0.84 0 0 0 76 76
f0_200 f0_244 f2_635 0.29 -0.29 0.78 0 0 0 76 76
f0_200 f0_269 f0_713 -0.28 0.28 0.42 0 0 0 76 76
f0_200 f0_403 f0_713 -0.53 0.53 0.19 0 0 0 76 76
f0_200 f0_520 f1h_289 0.27 -0.27 0.54 0 0 0 76 76
f0_200 f0_713 f1h_140 0.79 -0.79 0.13 0 0 0 76 76
f0_200 f0_713 f1h_273 0.41 -0.41 0.08 0 0 0 76 76
f0_200 f0_713 f1h_417 0.34 -0.34 0.4 0 0 0 76 76
f0_200 f0_713 f2_143 0.34 -0.34 0.18 0 0 0 76 76
f0_200 f0_713 f2_153 0.25 -0.25 0.4 0 0 0 76 76
f0_200 f0_713 f2_305 -0.02 0.02 0.15 0 0 0 76 76
f0_200 f0_713 f2_373 0.26 -0.26 0.66 0 0 0 76 76
f0_200 f0_767 f1h_289 0.25 -0.25 0.59 0 0 0 76 76
f0_200 f0_767 f2_355 0.32 -0.32 0.78 0 0 0 76 76
f0_200 f0_769 f1h_273 0.2 -0.2 0.55 0 0 0 76 76
f0_200 f0_769 f2_554 0.64 -0.64 0.9 0 0 0 76 76
f0_200 f1h_140 f1h_289 -0.19 0.19 0.92 0 0 0 76 76
f0_200 f1h_140 f2_554 0.13 -0.13 0.81 0 0 0 76 76
f0_200 f1h_227 f2_635 -0.16 0.16 0.8 0 0 0 76 76
f0_200 f1h_273 f1h_289 -0.01 0.01 0.44 0 0 0 76 76
f0_200 f1h_273 f1h_424 0.06 -0.06 0.6 0 0 0 76 76
f0_200 f1h_273 f1w_401 -0.29 0.29 0.69 0 0 0 76 76
f0_200 f1h_273 f1w_480 0.31 -0.31 0.72 0 0 0 76 76
f0_200 f1h_273 f2_554 0.45 -0.45 0.44 0 0 0 76 76
f0_200 f1h_289 f1h_459 0.06 -0.06 0.7 0 0 0 76 76
f0_200 f1h_289 f2_143 -0.28 0.28 0.82 0 0 0 76 76
f0_200 f1h_289 f2_454 0.39 -0.39 0.38 0 0 0 76 76
f0_200 f1h_289 f2_527 0.13 -0.13 0.87 0 0 0 76 76
f0_200 f1h_424 f2_454 0.16 -0.16 0.52 0 0 0 76 76
f0_200 f1h_424 f2_635 0.15 -0.15 0.85 0 0 0 76 76
f0_200 f1w_89 f2_635 0.55 -0.55 0.6 0 0 0 76 76
f0_200 f1w_192 f2_454 0.42 -0.42 0.6 0 0 0 76 76
f0_200 f1w_217 f2_635 0.44 -0.44 0.54 0 0 0 76 76
f0_200 f2_527 f2_554 0.26 -0.26 0.93 0 0 0 76 76
f0_200 f2_554 f2_635 -0.15 0.15 0.92 0 0 0 76 76
f0_201 f1h_210 f2_888 -0.06 0.06 0.84 0 0 0 76 76
f0_201 f1h_428 f2_910 -1.12 1.12 0.49 0 0 0 76 76
f0_203 f0_64 f2_721 0.21 -0.21 0.67 0 0 0 76 76
f0_203 f0_111 f0_166 -0.32 0.32 0.5 0 0 0 76 76
f0_203 f0_111 f2_180 0.07 -0.07 0.94 0 0 0 76 76
f0_203 f0_111 f2_424 0.06 -0.06 0.59 0 0 0 76 76
f0_203 f0_111 f2_503 0.12 -0.12 0.72 0 0 0 76 76
f0_203 f0_111 f2_546 -0.29 0.29 0.7 0 0 0 76 76
f0_203 f0_159 f0_176 0.31 -0.31 0.61 0 0 0 76 76
f0_203 f0_159 f0_607 0.14 -0.14 0.45 0 0 0 76 76
f0_203 f0_166 f0_255 0.29 -0.29 0.7 0 0 0 76 76
f0_203 f0_166 f1h_96 0.17 -0.17 0.43 0 0 0 76 76
f0_203 f0_176 f1h_96 -0.17 0.17 0.79 0 0 0 76 76
f0_203 f0_176 f1w_200 -0.11 0.11 0.92 0 0 0 76 76
f0_203 f0_192 f2_503 0.1 -0.1 1.27 0 0 0 76 76
f0_203 f0_555 f2_20 -0.11 0.11 0.82 0 0 0 76 76
f0_203 f0_607 f0_859 0.11 -0.11 0.73 0 0 0 76 76
f0_203 f0_607 f0_866 0.4 -0.4 0.62 0 0 0 76 76
f0_203 f0_607 f1h_96 0 0 0.5 0 0 0 76 76
f0_203 f0_607 f1w_200 0.06 -0.06 0.7 0 0 0 76 76
f0_203 f0_607 f2_540 -0.07 0.07 0.58 0 0 0 76 76
f0_203 f0_607 f2_546 -0.02 0.02 0.53 0 0 0 76 76
f0_203 f0_740 f2_721 -0.28 0.28 0.42 0 0 0 76 76
f0_203 f0_768 f1w_2 -0.71 0.71 0.88 0 0 0 76 76
f0_203 f0_768 f2_721 -0.07 0.07 1.17 0 0 0 76 76
f0_203 f0_866 f0_945 -0.48 0.48 0.64 0 0 0 76 76
f0_203 f0_945 f2_20 -0.26 0.26 0.73 0 0 0 76 76
f0_203 f1w_102 f2_721 0.43 -0.43 0.55 0 0 0 76 76
f0_203 f1w_200 f2_20 0 0 0.59 0 0 0 76 76
f0_203 f1w_240 f2_20 -0.1 0.1 0.01 0 0 0 76 76
f0_203 f2_20 f2_424 0.43 -0.43 0 0 0 0 76 76
f0_203 f2_20 f2_721 0.17 -0.17 0.55 0 0 0 76 76
f0_203 f2_251 f2_721 0.49 -0.49 0.82 0 0 0 76 76
f0_203 f2_353 f2_721 0.72 -0.72 0.5 0 0 0 76 76
f0_203 f2_503 f2_721 0.1 -0.1 0.75 0 0 0 76 76
f0_204 f0_66 f2_264 0.41 -0.41 -0.23 0 0 1 76 76
f0_204 f1w_133 f2_264 0.25 -0.25 0.87 0 0 0 76 76
f0_207 f1w_368 f2_980 -0.62 0.62 0.93 0 0 0 76 76
f0_208 f0_76 f1h_299 0.06 -0.06 0.97 0 0 0 76 76
f0_208 f0_206 f0_503 -0.54 0.54 0.45 0 0 0 76 76
f0_208 f0_206 f2_390 -0.29 0.29 0.53 0 0 0 76 76
f0_208 f0_503 f1h_398 0.72 -0.72 0.8 0 0 0 76 76
f0_208 f1h_4 f1h_206 0.14 -0.14 0.68 0 0 0 76 76
f0_208 f1h_4 f1h_389 -0.04 0.04 0.91 0 0 0 76 76
f0_208 f2_390 f2_764 -0.06 0.06 0.94 0 0 0 76 76
f0_219 f1w_287 f1w_432 -0.08 0.08 1.12 0 0 0 76 76
f0_221 f0_729 f1w_333 0.66 -0.66 0.77 0 0 0 76 76
f0_225 f0_126 f0_934 0.27 -0.27 1.01 0 0 0 76 76
f0_230 f0_188 f1w_285 0.66 -0.66 0.9 0 0 0 76 76
f0_230 f0_441 f1h_289 0.61 -0.61 0.59 0 0 0 76 76
f0_230 f0_743 f1h_42 0.47 -0.47 0.57 0 0 0 76 76
f0_230 f1h_289 f2_517 -0.04 0.04 0.53 0 0 0 76 76
f0_233 f0_370 f2_27 0.22 -0.22 0.71 0 0 0 76 76
f0_233 f0_661 f2_580 -0.21 0.21 0.87 0 0 0 76 76
f0_233 f1w_120 f1w_411 -0.21 0.21 1.2 0 0 0 76 76
f0_233 f2_267 f2_690 -1.03 1.03 0.78 0 0 0 76 76
f0_238 f0_471 f1w_201 0.22 -0.22 0.98 0 0 0 76 76
f0_238 f0_820 f1w_201 0.3 -0.3 0.99 0 0 0 76 76
f0_238 f1h_459 f1w_201 0.14 -0.14 0.8 0 0 0 76 76
f0_238 f1w_201 f1w_408 -0.19 0.19 0.7 0 0 0 76 76
f0_238 f1w_201 f2_373 -0.47 0.47 1.18 0 0 0 76 76
f0_238 f1w_201 f2_821 0.02 -0.02 1.17 0 0 0 76 76
f0_240 f0_181 f1h_223 0.41 -0.41 0.79 0 0 0 76 76
f0_240 f0_614 f1w_23 0.67 -0.67 0.71 0 0 0 76 76
f0_240 f1h_223 f1w_23 0.04 -0.04 0.67 0 0 0 76 76
f0_240 f1h_223 f2_345 -0.21 0.21 0.91 0 0 0 76 76
f0_240 f1h_223 f2_822 -0.17 0.17 0.86 0 0 0 76 76
f0_244 f0_134 f0_1000 0.12 -0.12 0.82 0 0 0 76 76
f0_244 f0_1000 f1h_7 0.1 -0.1 0.79 0 0 0 76 76
f0_244 f0_1000 f2_61 0.17 -0.17 0.92 0 0 0 76 76
f0_244 f0_1000 f2_490 0.34 -0.34 1.02 0 0 0 76 76
f0_244 f1h_7 f1w_323 0.49 -0.49 0.63 0 0 0 76 76
f0_244 f1h_7 f2_338 -0.24 0.24 0.78 0 0 0 76 76
f0_254 f0_140 f0_814 -0.26 0.26 0.93 0 0 0 76 76
f0_254 f0_140 f1w_2 -0.4 0.4 0.87 0 0 0 76 76
f0_255 f0_474 f1w_463 0.13 -0.13 0.98 0 0 0 76 76
f0_255 f0_474 f2_304 0.1 -0.1 0.56 0 0 0 76 76
f0_255 f0_829 f1w_449 0.23 -0.23 0.79 0 0 0 76 76
f0_255 f1h_96 f1w_449 0.07 -0.07 0.08 0 0 0 76 76
f0_255 f1h_96 f1w_463 0.17 -0.17 0.37 0 0 0 76 76
f0_255 f1h_450 f2_304 -0.44 0.44 0.72 0 0 0 76 76
f0_255 f1w_80 f1w_326 0.3 -0.3 0.93 0 0 0 76 76
f0_255 f1w_326 f1w_471 -0.15 0.15 0.78 0 0 0 76 76
f0_255 f1w_326 f2_327 -0.01 0.01 0.71 0 0 0 76 76
f0_255 f1w_335 f2_304 0.42 -0.42 0.09 0 0 0 76 76
f0_255 f1w_449 f1w_463 0.21 -0.21 0.72 0 0 0 76 76
f0_255 f1w_449 f2_304 0.19 -0.19 0.3 0 0 0 76 76
f0_255 f1w_449 f2_327 0.07 -0.07 0.15 0 0 0 76 76
f0_255 f1w_449 f2_627 -0.07 0.07 0.95 0 0 0 76 76
f0_255 f1w_463 f2_142 -0.37 0.37 0.46 0 0 0 76 76
f0_255 f1w_484 f2_304 0.07 -0.07 1.18 0 0 0 76 76
f0_258 f0_154 f1w_276 0.46 -0.46 1.19 0 0 0 76 76
f0_258 f1w_276 f1w_298 -0.43 0.43 0.84 0 0 0 76 76
f0_259 f0_161 f1h_479 0.71 -0.71 0.56 0 0 0 76 76
f0_259 f1h_130 f1h_479 -0.23 0.23 1.13 0 0 0 76 76
f0_259 f1h_479 f2_307 -0.21 0.21 0.47 0 0 0 76 76
f0_259 f1h_479 f2_338 0.27 -0.27 0.64 0 0 0 76 76
f0_264 f0_421 f1w_1 0.06 -0.06 0.63 0 0 0 76 76
f0_264 f0_544 f1w_134 0.61 -0.61 1.29 0 0 0 76 76
f0_264 f1h_252 f1w_134 0.42 -0.42 0.95 0 0 0 76 76
f0_264 f1w_1 f1w_134 1.08 -1.08 0.72 0 0 0 76 76
f0_264 f1w_134 f2_543 -0.27 0.27 0.52 0 0 0 76 76
f0_264 f1w_134 f2_763 -0.75 0.75 0.5 0 0 0 76 76
f0_272 f0_178 f1h_42 1.18 -1.18 0.45 0 0 0 76 76
f0_284 f0_930 f2_369 0.39 -0.39 0.73 0 0 0 76 76
f0_284 f2_369 f2_488 -0.08 0.08 0.98 0 0 0 76 76
f0_288 f0_77 f1h_489 0.21 -0.21 1.13 0 0 0 76 76
f0_288 f0_148 f1h_356 0.42 -0.42 0.1 0 0 0 76 76
f0_288 f0_238 f1h_345 -0.19 0.19 1.05 0 0 0 76 76
f0_288 f0_608 f1h_489 0.38 -0.38 0.95 0 0 0 76 76
f0_288 f1h_333 f1w_23 -0.19 0.19 1.14 0 0 0 76 76
f0_290 f1w_326 f2_257 -0.38 0.38 0.86 0 0 0 76 76
f0_290 f1w_326 f2_330 0.09 -0.09 0.4 0 0 0 76 76
f0_290 f2_330 f2_547 0 0 0.97 0 0 0 76 76
f0_300 f0_103 f1w_434 0.23 -0.23 0.56 0 0 0 76 76
f0_300 f0_907 f1w_434 0.64 -0.64 0.61 0 0 0 76 76
f0_303 f1h_129 f1h_367 -0.32 0.32 1.15 0 0 0 76 76
f0_303 f1h_494 f2_937 -0.45 0.45 1.36 0 0 0 76 76
f0_304 f0_401 f1w_405 1.28 -1.28 0.97 0 0 0 76 76
f0_304 f1h_484 f1w_405 1.37 -1.37 0.72 0 0 0 76 76
f0_304 f1w_100 f1w_405 1.14 -1.14 0.79 0 0 0 76 76
f0_304 f1w_405 f2_937 -0.75 0.55 0.8 0 0 0 76 76
f0_325 f0_132 f1w_174 0.36 -0.36 1.03 0 0 0 76 76
f0_325 f1h_483 f2_127 0.15 -0.15 1.42 0 0 0 76 76
f0_330 f1w_91 f1w_477 0.17 -0.17 1.01 0 0 0 76 76
f0_341 f1w_152 f2_103 -0.56 0.56 0.99 0 0 0 76 76
f0_345 f0_987 f1h_297 -0.64 0.64 1.15 0 0 0 76 76
f0_345 f1h_280 f1w_158 0.34 -0.34 0.9 0 0 0 76 76
f0_350 f0_383 f1h_336 0.09 -0.09 1 0 0 0 76 76
f0_350 f0_383 f2_717 -0.16 0.16 0.77 0 0 0 76 76
f0_350 f0_607 f1w_304 0.93 -0.93 0.39 0 0 0 76 76
f0_350 f0_715 f0_808 0.27 -0.27 0.99 0 0 0 76 76
f0_350 f0_715 f2_832 -0.14 0.14 0.2 0 0 0 76 76
f0_350 f0_818 f2_832 0.01 -0.01 0.87 0 0 0 76 76
f0_350 f1h_174 f2_667 -0.14 0.14 0.48 0 0 0 76 76
f0_350 f1h_187 f1w_68 0.21 -0.21 0.53 0 0 0 76 76
f0_350 f1h_187 f1w_304 0.88 -0.88 0.3 0 0 0 76 76
f0_350 f1h_187 f1w_448 0.02 -0.02 0.68 0 0 0 76 76
f0_350 f1h_187 f2_20 -0.01 0.01 0.4 0 0 0 76 76
f0_350 f1h_187 f2_432 0.2 -0.2 0.88 0 0 0 76 76
f0_350 f1h_217 f2_20 0.24 -0.24 0.68 0 0 0 76 76
f0_350 f1h_336 f1w_408 0.03 -0.03 0.32 0 0 0 76 76
f0_350 f1w_86 f1w_409 -0.03 0.03 0.93 0 0 0 76 76
f0_350 f1w_304 f2_667 0.21 -0.21 0.44 0 0 0 76 76
f0_350 f1w_408 f2_20 -0.39 0.39 0.55 0 0 0 76 76
f0_350 f2_339 f2_832 0.16 -0.16 0.84 0 0 0 76 76
f0_350 f2_667 f2_832 0.24 -0.24 0.42 0 0 0 76 76
f0_351 f0_190 f1w_325 0.17 -0.17 1.34 0 0 0 76 76
f0_351 f0_288 f1w_325 1.55 -1.55 0.21 0 0 0 76 76
f0_351 f0_416 f1w_325 1.41 -1.41 -0.38 0 0 0 76 76
f0_351 f0_486 f1w_325 1.26 -1.26 -0.4 0 0 0 76 76
f0_351 f0_950 f1w_325 0.66 -0.66 0.07 0 0 0 76 76
f0_351 f1h_276 f1w_325 0.38 -0.38 0.65 0 0 0 76 76
f0_351 f1w_177 f1w_325 0.8 -0.8 0.09 0 0 0 76 76
f0_351 f1w_257 f1w_325 0.56 -0.56 0.81 0 0 0 76 76
f0_351 f1w_325 f1w_422 -0.49 0.49 0.39 0 0 0 76 76
f0_351 f1w_325 f1w_444 -1.22 0.67 0.61 0 0 0 76 76
f0_351 f1w_325 f2_516 -0.71 0.71 -0.47 0 0 0 76 76
f0_351 f1w_325 f2_821 -0.5 0.5 0.19 0 0 0 76 76
f0_351 f1w_325 f2_959 -1.46 1.02 0.07 0 0 0 76 76
f0_351 f1w_336 f2_959 -0.55 0.55 0.81 0 0 0 76 76
f0_357 f0_71 f1w_37 0.19 -0.19 0.43 0 0 0 76 76
f0_357 f1w_37 f2_223 -0.35 0.35 1.05 0 0 0 76 76
f0_357 f1w_37 f2_873 -0.26 0.26 0.99 0 0 0 76 76
f0_363 f0_347 f1h_265 0.82 -0.82 0.95 0 0 0 76 76
f0_368 f0_802 f1w_86 0.56 -0.56 0.82 0 0 0 76 76
f0_372 f0_832 f2_196 -0.42 0.42 -0.29 0 0 0 76 76
f0_372 f0_832 f2_491 -0.01 0.01 1.04 0 0 0 76 76
f0_372 f0_832 f2_788 -0.09 0.09 0.45 0 0 0 76 76
f0_374 f1h_280 f2_127 0.09 -0.09 1.02 0 0 0 76 76
f0_385 f1h_161 f2_18 -0.5 0.5 0.52 0 0 0 76 76
f0_385 f1h_161 f2_200 -0.47 0.47 0.42 0 0 0 76 76
f0_385 f1h_161 f2_461 -0.26 0.26 0.53 0 0 0 76 76
f0_396 f0_44 f2_975 -0.37 0.37 0.72 0 0 0 76 76
f0_396 f1w_282 f2_975 -0.4 0.4 1.03 0 0 0 76 76
f0_396 f2_223 f2_975 -0.62 0.62 0.64 0 0 0 76 76
f0_396 f2_975 f2_980 0.07 -0.07 0.5 0 0 0 76 76
f0_407 f0_133 f0_347 -0.12 0.12 1.13 0 0 0 76 76
f0_407 f0_133 f1w_218 1.03 -1.03 1.03 0 0 0 76 76
f0_407 f0_152 f1w_218 0.17 -0.17 1.11 0 0 0 76 76
f0_407 f1w_255 f2_507 0.27 -0.27 0.94 0 0 0 76 76
f0_418 f0_238 f2_558 0.01 -0.01 1.17 0 0 0 76 76
f0_420 f0_101 f2_435 0.34 -0.34 0.61 0 0 0 76 76
f0_420 f2_435 f2_929 -0.91 0.91 0.41 0 0 0 76 76
f0_420 f2_435 f2_970 -0.28 0.28 0.5 0 0 0 76 76
f0_436 f1w_55 f2_873 -0.39 0.39 1.15 0 0 0 76 76
f0_436 f1w_55 f2_968 -0.94 0.94 0.58 0 0 0 76 76
f0_437 f0_781 f1w_161 0.5 -0.5 1.31 0 0 0 76 76
f0_437 f1h_207 f1w_161 1.27 -1.27 0.36 0 0 0 76 76
f0_437 f1w_161 f2_355 -0.44 0.44 1.02 0 0 0 76 76
f0_437 f1w_479 f2_986 -0.23 0.23 0.62 0 0 0 76 76
f0_447 f0_897 f1w_326 1.38 -1.38 0.69 0 0 0 76 76
f0_447 f1w_326 f1w_333 -0.5 0.5 0.87 0 0 0 76 76
f0_447 f1w_326 f2_69 -0.94 0.94 0.49 0 0 0 76 76
f0_448 f0_110 f2_558 0.75 -0.75 0.73 0 0 0 76 76
f0_448 f1h_233 f1w_53 0.4 -0.4 1.1 0 0 0 76 76
f0_448 f1h_233 f1w_109 -0.42 0.42 1.04 0 0 0 76 76
f0_448 f1w_39 f1w_53 -0.11 0.11 1.39 0 0 0 76 76
f0_448 f1w_39 f2_338 -0.3 0.3 0.82 0 0 0 76 76
f0_448 f1w_53 f2_558 -0.52 0.52 1.07 0 0 0 76 76
f0_453 f1h_83 f2_502 -0.2 0.2 0.56 0 0 0 76 76
f0_453 f1h_292 f2_667 -0.05 0.05 0.9 0 0 0 76 76
f0_459 f0_960 f2_664 -0.43 0.43 1.26 0 0 0 76 76
f0_462 f1h_91 f1w_68 0.25 -0.25 -0.14 0 0 1 76 76
f0_470 f1h_269 f1w_39 0.78 -0.78 0.63 0 0 0 76 76
f0_470 f1h_492 f1w_139 0.49 -0.49 1.06 0 0 0 76 76
f0_470 f1w_39 f1w_139 0.08 -0.08 1.22 0 0 0 76 76
f0_474 f0_132 f2_546 0.36 -0.36 0.94 0 0 0 76 76
f0_481 f0_203 f0_438 -0.08 0.08 1.02 0 0 0 76 76
f0_481 f0_203 f2_244 -0.2 0.2 0.82 0 0 0 76 76
f0_481 f0_438 f0_555 0.46 -0.46 0.69 0 0 0 76 76
f0_481 f0_438 f0_974 0.29 -0.29 0.62 0 0 0 76 76
f0_481 f0_438 f1w_55 -0.13 0.13 0.69 0 0 0 76 76
f0_481 f0_438 f2_244 -0.32 0.32 -0.01 0 0 0 76 76
f0_481 f0_554 f0_974 0 0 1.64 0 0 0 76 76
f0_481 f0_554 f1w_49 -0.39 0.39 0.73 0 0 0 76 76
f0_481 f0_554 f2_648 -0.36 0.36 0.73 0 0 0 76 76
f0_481 f0_555 f1w_49 -0.64 0.64 0.59 0 0 0 76 76
f0_481 f0_555 f2_244 -0.39 0.39 0.15 0 0 0 76 76
f0_481 f0_860 f1h_83 0.06 -0.06 0.98 0 0 0 76 76
f0_481 f0_860 f2_244 0.02 -0.02 0.7 0 0 0 76 76
f0_481 f1w_240 f2_244 -0.09 0.09 0.94 0 0 0 76 76
f0_481 f2_244 f2_560 -0.05 0.05 0.72 0 0 0 76 76
f0_490 f0_74 f1w_117 0.56 -0.56 1.04 0 0 0 76 76
f0_505 f0_748 f2_41 -0.04 0.04 1.02 0 0 0 76 76
f0_510 f0_10 f2_832 0.06 -0.06 1.12 0 0 0 76 76
f0_510 f0_182 f2_832 0.26 -0.26 0.79 0 0 0 76 76
f0_510 f0_204 f1h_479 -0.19 0.19 0.91 0 0 0 76 76
f0_510 f0_204 f2_234 -0.14 0.14 0.49 0 0 0 76 76
f0_510 f0_628 f2_832 0.25 -0.25 0.68 0 0 0 76 76
f0_510 f1w_417 f2_234 -0.39 0.39 0.47 0 0 0 76 76
f0_510 f1w_417 f2_832 -0.03 0.03 0.72 0 0 0 76 76
f0_510 f2_234 f2_832 0.37 -0.37 0.34 0 0 0 76 76
f0_515 f0_154 f2_651 0.41 -0.41 0.3 0 0 1 76 76
f0_515 f1w_246 f2_613 0.32 -0.32 0.03 0 0 1 76 76
f0_515 f2_17 f2_613 0.18 -0.18 -0.11 0 0 1 76 76
f0_529 f0_754 f1w_121 0.75 -0.75 0.47 0 0 0 76 76
f0_529 f1h_292 f1w_121 0.41 -0.41 0.24 0 0 0 76 76
f0_529 f1w_121 f1w_170 -0.67 0.67 0.62 0 0 0 76 76
f0_534 f1h_81 f1w_71 0.31 -0.31 1.52 0 0 0 76 76
f0_536 f0_86 f2_919 -0.07 0.07 1.1 0 0 0 76 76
f0_536 f1h_34 f2_305 -0.18 0.18 1.2 0 0 0 76 76
f0_544 f0_144 f0_896 -0.38 0.38 0.42 0 0 0 76 76
f0_544 f0_144 f1h_234 -0.15 0.15 0.7 0 0 0 76 76
f0_544 f0_144 f1h_289 -0.06 0.06 0.67 0 0 0 76 76
f0_544 f0_144 f1w_207 -0.24 0.24 0.58 0 0 0 76 76
f0_544 f0_144 f1w_432 0.02 -0.02 0.39 0 0 0 76 76
f0_544 f0_144 f2_371 -0.2 0.2 0.59 0 0 0 76 76
f0_544 f0_234 f1h_356 0.63 -0.63 0.44 0 0 0 76 76
f0_544 f0_234 f1w_432 0.18 -0.18 0.69 0 0 0 76 76
f0_544 f0_234 f1w_437 0.1 -0.1 0.59 0 0 0 76 76
f0_544 f0_257 f0_801 0.58 -0.58 0.53 0 0 0 76 76
f0_544 f0_257 f1h_356 0.73 -0.73 0.19 0 0 0 76 76
f0_544 f0_257 f1w_269 0.15 -0.15 0.29 0 0 0 76 76
f0_544 f0_257 f1w_340 0.54 -0.54 0.67 0 0 0 76 76
f0_544 f0_257 f1w_437 0.25 -0.25 0.48 0 0 0 76 76
f0_544 f0_257 f2_336 0.01 -0.01 0.71 0 0 0 76 76
f0_544 f0_257 f2_968 -0.07 0.07 0.41 0 0 0 76 76
f0_544 f0_264 f0_896 -0.26 0.26 0.5 0 0 0 76 76
f0_544 f0_264 f1h_356 0.39 -0.39 0.44 0 0 0 76 76
f0_544 f0_264 f1w_58 -0.1 0.1 1.03 0 0 0 76 76
f0_544 f0_264 f1w_437 -0.09 0.09 0.59 0 0 0 76 76
f0_544 f0_264 f2_133 -0.28 0.28 0.64 0 0 0 76 76
f0_544 f0_630 f1h_289 0.23 -0.23 0.37 0 0 0 76 76
f0_544 f0_630 f1w_58 0.15 -0.15 0.52 0 0 0 76 76
f0_544 f0_630 f1w_269 0.07 -0.07 0.62 0 0 0 76 76
f0_544 f0_630 f2_133 -0.06 0.06 0.04 0 0 0 76 76
f0_544 f0_630 f2_336 0.06 -0.06 0.25 0 0 0 76 76
f0_544 f0_630 f2_904 0 0 0.59 0 0 0 76 76
f0_544 f0_655 f1w_1 0.37 -0.37 0.58 0 0 0 76 76
f0_544 f0_801 f1h_234 -0.4 0.4 0.86 0 0 0 76 76
f0_544 f0_801 f1h_289 -0.27 0.27 0.76 0 0 0 76 76
f0_544 f0_878 f0_896 -0.12 0.12 0.42 0 0 0 76 76
f0_544 f0_878 f1h_356 0.66 -0.66 0.16 0 0 0 76 76
f0_544 f0_896 f1h_475 0.2 -0.2 0.48 0 0 0 76 76
f0_544 f0_896 f2_2 0.13 -0.13 0 0 0 0 76 76
f0_544 f1h_234 f1h_475 0.09 -0.09 0.95 0 0 0 76 76
f0_544 f1h_234 f1h_487 0.59 -0.59 0.71 0 0 0 76 76
f0_544 f1h_234 f2_72 0.07 -0.07 0.87 0 0 0 76 76
f0_544 f1h_289 f1h_356 0.34 -0.34 0.53 0 0 0 76 76
f0_544 f1h_289 f1h_487 0.05 -0.05 0.58 0 0 0 76 76
f0_544 f1h_289 f1w_1 0.13 -0.13 0.34 0 0 0 76 76
f0_544 f1h_289 f2_72 -0.07 0.07 0.69 0 0 0 76 76
f0_544 f1h_289 f2_968 -0.32 0.32 0.21 0 0 0 76 76
f0_544 f1h_308 f1h_356 0.23 -0.23 0.27 0 0 0 76 76
f0_544 f1h_308 f1w_1 0.13 -0.13 0.45 0 0 0 76 76
f0_544 f1h_356 f1h_450 0.19 -0.19 0.79 0 0 0 76 76
f0_544 f1h_356 f1h_487 0.1 -0.36 0.86 0 0 0 76 76
f0_544 f1h_356 f1w_58 -0.51 0.51 0.46 0 0 0 76 76
f0_544 f1h_356 f1w_269 -0.59 0.44 0.14 0 0 0 76 76
f0_544 f1h_356 f1w_432 -0.45 0.45 0.14 0 0 0 76 76
f0_544 f1h_356 f1w_491 -0.67 0.55 0.34 0 0 0 76 76
f0_544 f1h_356 f2_169 -0.59 0.59 0.46 0 0 0 76 76
f0_544 f1h_356 f2_256 -0.03 0.03 0.44 0 0 0 76 76
f0_544 f1h_356 f2_799 0.26 -0.26 0.19 0 0 0 76 76
f0_544 f1h_417 f1w_1 -0.11 0.11 0.28 0 0 0 76 76
f0_544 f1h_475 f1w_1 0.06 -0.06 0.61 0 0 0 76 76
f0_544 f1h_475 f2_256 0.12 -0.12 0.97 0 0 0 76 76
f0_544 f1h_487 f1w_207 -0.36 0.36 0.54 0 0 0 76 76
f0_544 f1h_487 f1w_432 -0.39 0.39 0.57 0 0 0 76 76
f0_544 f1h_487 f2_371 -0.64 0.64 0.61 0 0 0 76 76
f0_544 f1h_487 f2_904 -0.54 0.54 0.53 0 0 0 76 76
f0_544 f1w_1 f1w_58 -0.02 0.02 0.66 0 0 0 76 76
f0_544 f1w_1 f1w_207 -0.22 0.22 0.33 0 0 0 76 76
f0_544 f1w_1 f1w_269 -0.16 0.16 0.28 0 0 0 76 76
f0_544 f1w_1 f1w_432 0.09 -0.09 0.23 0 0 0 76 76
f0_544 f1w_1 f1w_437 -0.05 0.05 0.34 0 0 0 76 76
f0_544 f1w_1 f2_72 0.06 -0.06 0.51 0 0 0 76 76
f0_544 f1w_1 f2_169 -0.11 0.11 0.56 0 0 0 76 76
f0_544 f1w_1 f2_226 -0.16 0.16 0.6 0 0 0 76 76
f0_544 f1w_1 f2_283 0.24 -0.24 0.53 0 0 0 76 76
f0_544 f1w_1 f2_371 -0.17 0.17 0.34 0 0 0 76 76
f0_544 f1w_1 f2_904 -0.19 0.19 0.2 0 0 0 76 76
f0_544 f1w_58 f2_968 -0.13 0.13 0.26 0 0 0 76 76
f0_544 f1w_340 f1w_432 -0.21 0.21 0.54 0 0 0 76 76
f0_544 f1w_432 f1w_491 -0.35 0.35 0.28 0 0 0 76 76
f0_544 f1w_432 f2_256 0.01 -0.01 0.27 0 0 0 76 76
f0_544 f1w_432 f2_283 0.34 -0.34 0.27 0 0 0 76 76
f0_544 f1w_437 f2_283 0.06 -0.06 0.39 0 0 0 76 76
f0_544 f1w_491 f2_968 -0.05 0.05 0.38 0 0 0 76 76
f0_544 f2_72 f2_256 0.11 -0.11 0.65 0 0 0 76 76
f0_544 f2_169 f2_968 -0.08 0.08 0.39 0 0 0 76 76
f0_544 f2_283 f2_968 -0.57 0.57 0.29 0 0 0 76 76
f0_545 f0_40 f1h_339 0.16 -0.16 -0.18 0 0 1 76 76
f0_545 f0_374 f1w_207 1.19 -1.19 0.95 0 0 0 76 76
f0_545 f1h_339 f1w_207 0.52 -0.52 1.31 0 0 0 76 76
f0_545 f1w_207 f2_285 -0.34 0.34 1.34 0 0 0 76 76
f0_545 f1w_207 f2_639 -0.94 0.94 0.67 0 0 0 76 76
f0_552 f0_67 f2_303 -0.2 0.2 0.61 0 0 0 76 76
f0_552 f0_103 f1w_353 0 0 0.91 0 0 0 76 76
f0_552 f0_103 f2_363 0.11 -0.11 0.73 0 0 0 76 76
f0_552 f0_103 f2_543 0.13 -0.13 0.38 0 0 0 76 76
f0_552 f0_103 f2_781 0.38 -0.38 0.84 0 0 0 76 76
f0_552 f0_279 f1w_317 0.61 -0.61 0.26 0 0 0 76 76
f0_552 f0_279 f2_303 0 0 0.61 0 0 0 76 76
f0_552 f0_480 f0_630 -0.22 0.22 0.58 0 0 0 76 76
f0_552 f0_480 f1w_317 0.19 -0.19 0.87 0 0 0 76 76
f0_552 f0_582 f1w_317 0.46 -0.46 0.85 0 0 0 76 76
f0_552 f0_630 f0_876 0.08 -0.08 0.72 0 0 0 76 76
f0_552 f0_630 f2_303 -0.29 0.29 0.03 0 0 0 76 76
f0_552 f0_630 f2_327 0.27 -0.27 0.68 0 0 0 76 76
f0_552 f0_630 f2_870 -0.3 0.3 0.44 0 0 0 76 76
f0_552 f0_876 f0_953 0.35 -0.35 0.79 0 0 0 76 76
f0_552 f0_876 f2_157 -0.32 0.32 0.75 0 0 0 76 76
f0_552 f0_876 f2_363 -0.04 0.04 0.96 0 0 0 76 76
f0_552 f0_876 f2_543 -0.05 0.05 0.93 0 0 0 76 76
f0_552 f0_945 f2_327 0.5 -0.5 0.76 0 0 0 76 76
f0_552 f0_953 f2_303 -0.88 0.88 0.3 0 0 0 76 76
f0_552 f1w_317 f2_157 -0.55 0.55 0.4 0 0 0 76 76
f0_552 f1w_317 f2_643 -0.71 0.71 0.47 0 0 0 76 76
f0_552 f2_120 f2_870 0.06 -0.06 0.72 0 0 0 76 76
f0_552 f2_303 f2_327 0.52 -0.52 0.51 0 0 0 76 76
f0_552 f2_778 f2_870 -0.02 0.02 0.73 0 0 0 76 76
f0_554 f0_939 f1w_310 -0.07 0.07 1.07 0 0 0 76 76
f0_555 f0_82 f0_558 -0.37 0.37 0.5 0 0 0 76 76
f0_555 f0_104 f1h_425 -0.69 0.69 0.85 0 0 0 76 76
f0_555 f0_255 f1h_269 0.31 -0.31 0.95 0 0 0 76 76
f0_555 f0_558 f2_119 0.03 -0.03 0.82 0 0 0 76 76
f0_555 f0_974 f1h_269 0.08 -0.08 1.12 0 0 0 76 76
f0_555 f1h_269 f1w_253 -0.39 0.39 0.58 0 0 0 76 76
f0_555 f1w_2 f1w_12 -0.23 0.23 0.64 0 0 0 76 76
f0_555 f1w_2 f2_781 -0.45 0.45 1.08 0 0 0 76 76
f0_555 f1w_12 f2_119 0.02 -0.02 0.57 0 0 0 76 76
f0_555 f1w_12 f2_721 -0.14 0.14 0.75 0 0 0 76 76
f0_555 f1w_253 f2_119 0.39 -0.39 0.5 0 0 0 76 76
f0_555 f1w_366 f2_627 -0.52 0.52 0.99 0 0 0 76 76
f0_555 f2_119 f2_781 -0.22 0.22 1.14 0 0 0 76 76
f0_558 f0_78 f1h_57 0.73 -0.73 1.23 0 0 0 76 76
f0_558 f0_215 f1h_151 -0.32 0.32 0.37 0 0 0 76 76
f0_558 f0_215 f2_196 0.02 -0.02 0.36 0 0 0 76 76
f0_558 f0_238 f1w_12 0.81 -0.81 0.72 0 0 0 76 76
f0_558 f0_680 f1w_434 -0.37 0.37 0.96 0 0 0 76 76
f0_558 f1h_269 f1w_12 0.28 -0.28 0.06 0 0 0 76 76
f0_558 f1w_12 f1w_434 -0.98 0.98 0.24 0 0 0 76 76
f0_558 f1w_12 f1w_435 -0.81 0.81 0.63 0 0 0 76 76
f0_558 f1w_136 f2_196 -0.06 0.06 0.44 0 0 0 76 76
f0_559 f0_957 f2_119 0.69 -0.69 1.75 0 0 0 76 76
f0_559 f1w_443 f2_119 0.73 -0.73 1.31 0 0 0 76 76
f0_575 f1w_388 f1w_412 0.18 -0.18 0.66 0 0 0 76 76
f0_575 f1w_412 f2_48 -0.49 0.49 0.72 0 0 0 76 76
f0_578 f0_607 f1w_11 0.12 -0.12 -0.34 0 0 1 76 76
f0_581 f0_625 f1h_3 -1.01 1.01 0.38 0 0 0 76 76
f0_581 f0_625 f1h_107 -0.51 0.51 1.23 0 0 0 76 76
f0_581 f0_625 f2_539 -0.76 0.76 0.57 0 0 0 76 76
f0_581 f2_424 f2_651 0.59 -0.59 1.04 0 0 0 76 76
f0_581 f2_539 f2_651 0.61 -0.61 0.12 0 0 0 76 76
f0_582 f1w_172 f1w_285 -0.45 0.45 1.04 0 0 0 76 76
f0_582 f1w_172 f1w_335 -0.5 0.5 0.66 0 0 0 76 76
f0_582 f1w_172 f2_136 -0.32 0.32 0.43 0 0 0 76 76
f0_582 f2_103 f2_136 -0.19 0.19 1.18 0 0 0 76 76
f0_590 f2_543 f2_888 -0.52 0.52 1.01 0 0 0 76 76
f0_594 f0_881 f1w_176 0.22 -0.22 1.01 0 0 0 76 76
f0_594 f1h_265 f1w_434 0.64 -0.64 0.92 0 0 0 76 76
f0_594 f1w_176 f1w_434 -0.13 0.13 0.31 0 0 0 76 76
f0_594 f1w_434 f2_14 -0.78 0.78 0.5 0 0 0 76 76
f0_594 f1w_434 f2_873 -0.16 0.16 0.69 0 0 0 76 76
f0_595 f1h_7 f1w_152 0.94 -0.94 1.35 0 0 0 76 76
f0_596 f0_263 f0_421 0.22 -0.22 0.81 0 0 0 76 76
f0_596 f0_263 f0_936 0.28 -0.28 1.07 0 0 0 76 76
f0_601 f1h_350 f1w_274 0.5 -0.5 1.2 0 0 0 76 76
f0_607 f1w_55 f2_516 -0.36 0.36 -0.31 0 0 1 76 76
f0_608 f0_150 f0_612 -0.22 0.22 0.77 0 0 0 76 76
f0_608 f0_188 f1w_434 -0.36 0.36 0.42 0 0 0 76 76
f0_608 f0_288 f2_171 0.09 -0.09 1.08 0 0 0 76 76
f0_608 f0_548 f0_612 -0.44 0.44 -0.21 0 0 0 76 76
f0_608 f0_548 f0_896 0.01 -0.01 0.55 0 0 0 76 76
f0_608 f0_548 f1h_37 0.45 -0.45 0.97 0 0 0 76 76
f0_608 f0_548 f1w_287 -0.32 0.32 0.28 0 0 0 76 76
f0_608 f0_548 f1w_318 -0.19 0.19 0.42 0 0 0 76 76
f0_608 f0_548 f1w_434 -0.79 0.79 -0.22 0 0 0 76 76
f0_608 f0_548 f2_515 -0.27 0.27 0.47 0 0 0 76 76
f0_608 f0_548 f2_804 0.37 -0.37 0.64 0 0 0 76 76
f0_608 f0_896 f1w_434 -0.6 0.6 0.4 0 0 0 76 76
f0_608 f1h_429 f2_558 -0.09 0.09 1.11 0 0 0 76 76
f0_608 f2_246 f2_968 0.11 -0.11 1.02 0 0 0 76 76
f0_614 f0_27 f0_923 0.16 -0.16 0.87 0 0 0 76 76
f0_614 f0_170 f0_923 -0.24 0.24 0.84 0 0 0 76 76
f0_614 f0_229 f0_923 0.24 -0.24 0.59 0 0 0 76 76
f0_614 f0_748 f0_923 -0.01 0.01 0.73 0 0 0 76 76
f0_614 f0_923 f1h_296 0 0 0.59 0 0 0 76 76
f0_614 f0_923 f2_16 0.01 -0.01 1.2 0 0 0 76 76
f0_614 f1h_280 f1h_296 0.09 -0.09 0.51 0 0 0 76 76
f0_614 f1h_372 f1w_445 0.43 -0.43 0.35 0 0 0 76 76
f0_614 f1h_372 f2_900 0.31 -0.31 0.55 0 0 0 76 76
f0_614 f1w_107 f2_468 0.01 -0.01 1.4 0 0 0 76 76
f0_617 f0_166 f2_598 0.03 -0.03 1.04 0 0 0 76 76
f0_625 f0_581 f1w_120 -0.43 0.43 1.06 0 0 0 76 76
f0_627 f1h_133 f1w_235 -0.53 0.53 0.7 0 0 0 76 76
f0_627 f1h_389 f1w_69 0.7 -0.7 0.93 0 0 0 76 76
f0_628 f0_10 f0_138 0.55 -0.55 0.94 0 0 0 76 76
f0_628 f0_67 f0_497 0.19 -0.19 0.68 0 0 0 76 76
f0_628 f0_67 f1w_39 0.48 -0.48 0.39 0 0 0 76 76
f0_628 f0_98 f0_497 0.14 -0.14 0.42 0 0 0 76 76
f0_628 f0_98 f1h_28 0.47 -0.47 0.56 0 0 0 76 76
f0_628 f0_98 f1w_39 0.2 -0.2 0.07 0 0 0 76 76
f0_628 f0_102 f1h_345 0.2 -0.2 0.57 0 0 0 76 76
f0_628 f0_123 f0_140 0.11 -0.11 0.38 0 0 0 76 76
f0_628 f0_138 f0_208 -0.58 0.58 0.47 0 0 0 76 76
f0_628 f0_138 f0_486 -0.63 0.63 0.25 0 0 0 76 76
f0_628 f0_138 f0_497 -0.65 0.65 -0.01 0 0 0 76 76
f0_628 f0_138 f1w_317 -0.41 0.41 0.57 0 0 0 76 76
f0_628 f0_138 f1w_474 -0.31 0.31 -0.06 0 0 0 76 76
f0_628 f0_138 f2_47 -0.43 0.43 0.75 0 0 0 76 76
f0_628 f0_140 f0_953 0.05 -0.05 0.57 0 0 0 76 76
f0_628 f0_140 f1h_252 -0.13 0.13 0.04 0 0 0 76 76
f0_628 f0_208 f0_678 -0.28 0.23 -0.01 0 0 0 76 76
f0_628 f0_257 f0_448 -0.13 0.13 1 0 0 0 76 76
f0_628 f0_257 f1w_39 0.57 -0.57 0.99 0 0 0 76 76
f0_628 f0_486 f0_741 -0.05 0.05 1.06 0 0 0 76 76
f0_628 f0_486 f1w_48 0.1 -0.1 0.89 0 0 0 76 76
f0_628 f0_497 f0_829 0.6 -0.6 -0.04 0 0 0 76 76
f0_628 f0_497 f1h_298 0.24 -0.24 0.11 0 0 0 76 76
f0_628 f0_510 f1w_39 0.16 -0.16 0.81 0 0 0 76 76
f0_628 f0_581 f1w_474 0.11 -0.11 1.09 0 0 0 76 76
f0_628 f0_678 f0_741 0.2 -0.2 0.32 0 0 0 76 76
f0_628 f0_678 f1w_82 0.21 -0.21 0.37 0 0 0 76 76
f0_628 f0_678 f1w_328 0.67 -0.67 -0.22 0 0 0 76 76
f0_628 f0_678 f1w_353 0.61 -0.61 0.38 0 0 0 76 76
f0_628 f0_678 f2_47 0.43 -0.43 0.22 0 0 0 76 76
f0_628 f0_741 f0_829 0.56 -0.56 1.18 0 0 0 76 76
f0_628 f0_741 f0_953 0.62 -0.62 0.86 0 0 0 76 76
f0_628 f0_767 f1w_39 0.38 -0.38 0.68 0 0 0 76 76
f0_628 f0_807 f1h_345 -0.22 0.22 0.82 0 0 0 76 76
f0_628 f0_829 f1h_73 -0.57 0.57 0.79 0 0 0 76 76
f0_628 f0_953 f0_996 -0.84 0.84 0.8 0 0 0 76 76
f0_628 f0_953 f1w_39 -0.1 0.1 0.1 0 0 0 76 76
f0_628 f0_996 f1w_39 -0.29 0.29 0.33 0 0 0 76 76
f0_628 f0_996 f1w_54 0.36 -0.36 1.18 0 0 0 76 76
f0_628 f1h_73 f1h_252 -0.1 0.1 0.82 0 0 0 76 76
f0_628 f1h_73 f1w_39 0.05 -0.05 0.02 0 0 0 76 76
f0_628 f1h_345 f1w_317 -0.05 0.05 0.64 0 0 0 76 76
f0_628 f1w_39 f2_47 -0.38 0.38 0.98 0 0 0 76 76
f0_628 f1w_39 f2_73 -0.56 0.56 0.59 0 0 0 76 76
f0_630 f0_132 f2_618 0.18 -0.18 0.63 0 0 0 76 76
f0_630 f0_132 f2_635 0.1 -0.1 1.24 0 0 0 76 76
f0_630 f0_370 f0_987 -0.16 0.16 1.23 0 0 0 76 76
f0_632 f0_78 f2_892 0 0 1.08 0 0 0 76 76
f0_632 f0_493 f0_715 -0.46 0.46 0.48 0 0 0 76 76
f0_632 f0_493 f2_745 0.06 -0.06 0.93 0 0 0 76 76
f0_632 f0_493 f2_761 -0.09 0.09 1.21 0 0 0 76 76
f0_632 f0_493 f2_892 -0.45 0.45 0.55 0 0 0 76 76
f0_632 f0_931 f2_970 0.34 -0.34 0.7 0 0 0 76 76
f0_632 f1w_30 f2_970 0.22 -0.22 0.96 0 0 0 76 76
f0_632 f1w_484 f2_970 -0.73 0.73 0.38 0 0 0 76 76
f0_632 f2_745 f2_970 0.19 -0.19 0.63 0 0 0 76 76
f0_632 f2_821 f2_845 -0.28 0.28 1.43 0 0 0 76 76
f0_633 f0_79 f0_832 -0.44 0.44 0.39 0 0 0 76 76
f0_633 f0_79 f1w_470 -0.19 0.19 0.44 0 0 0 76 76
f0_633 f0_79 f2_970 0.03 -0.03 0.95 0 0 0 76 76
f0_633 f0_177 f0_505 0.19 -0.19 1.22 0 0 0 76 76
f0_633 f0_372 f0_832 0.01 -0.01 0.4 0 0 0 76 76
f0_633 f0_372 f1w_248 -0.16 0.16 0.73 0 0 0 76 76
f0_633 f0_372 f1w_437 -0.31 0.31 0.49 0 0 0 76 76
f0_633 f0_372 f1w_470 -0.33 0.33 0.09 0 0 0 76 76
f0_633 f0_372 f1w_488 0.49 -0.49 0.28 0 0 0 76 76
f0_633 f0_372 f2_31 -0.25 0.25 0.43 0 0 0 76 76
f0_633 f0_372 f2_371 0.25 -0.25 0.7 0 0 0 76 76
f0_633 f0_372 f2_756 -0.11 0.11 0.78 0 0 0 76 76
f0_633 f0_480 f2_970 0.5 -0.5 0.76 0 0 0 76 76
f0_633 f0_505 f0_832 -0.16 0.16 0.2 0 0 0 76 76
f0_633 f0_505 f1w_470 0.17 -0.17 0.14 0 0 0 76 76
f0_633 f0_505 f2_31 -0.43 0.43 0.23 0 0 0 76 76
f0_633 f0_505 f2_305 -0.23 0.23 0.71 0 0 0 76 76
f0_633 f0_505 f2_371 0.17 -0.17 0.69 0 0 0 76 76
f0_633 f0_748 f1w_470 -0.06 0.06 0.27 0 0 0 76 76
f0_633 f0_748 f1w_488 0.4 -0.4 0.69 0 0 0 76 76
f0_633 f0_748 f2_305 0.17 -0.17 0.53 0 0 0 76 76
f0_633 f0_832 f1w_51 -0.06 0.06 0.83 0 0 0 76 76
f0_633 f0_832 f1w_106 -0.17 0.17 0.36 0 0 0 76 76
f0_633 f0_832 f1w_248 0.07 -0.07 0.45 0 0 0 76 76
f0_633 f0_832 f1w_365 -0.04 0.04 0.65 0 0 0 76 76
f0_633 f0_832 f2_31 0.13 -0.13 0.44 0 0 0 76 76
f0_633 f0_832 f2_96 0.3 -0.3 0.83 0 0 0 76 76
f0_633 f0_832 f2_292 0.62 -0.62 0.44 0 0 0 76 76
f0_633 f0_832 f2_371 0.54 -0.54 0.48 0 0 0 76 76
f0_633 f0_832 f2_534 -0.24 0.24 0.68 0 0 0 76 76
f0_633 f0_832 f2_543 -0.02 0.02 0.6 0 0 0 76 76
f0_633 f0_832 f2_970 0.38 -0.38 0.4 0 0 0 76 76
f0_633 f1h_115 f1h_259 -0.2 0.2 0.87 0 0 0 76 76
f0_633 f1h_115 f1w_106 -0.23 0.23 0.96 0 0 0 76 76
f0_633 f1h_259 f1w_11 -0.28 0.28 0.33 0 0 0 76 76
f0_633 f1h_259 f1w_365 -0.12 0.12 0.57 0 0 0 76 76
f0_633 f1h_259 f2_292 0.46 -0.46 0.93 0 0 0 76 76
f0_633 f1h_417 f1w_488 0.05 -0.05 1.02 0 0 0 76 76
f0_633 f1h_417 f2_13 -0.4 0.4 0.76 0 0 0 76 76
f0_633 f1w_11 f1w_106 0.02 -0.02 0.79 0 0 0 76 76
f0_633 f1w_11 f2_31 0.36 -0.36 0.31 0 0 0 76 76
f0_633 f1w_11 f2_543 0.21 -0.21 0.62 0 0 0 76 76
f0_633 f1w_11 f2_756 0.14 -0.14 0.76 0 0 0 76 76
f0_633 f1w_106 f2_351 0 0 0.92 0 0 0 76 76
f0_633 f1w_248 f1w_470 -0.21 0.21 -0.06 0 0 0 76 76
f0_633 f1w_248 f2_13 -0.03 0.03 0.53 0 0 0 76 76
f0_633 f1w_248 f2_305 -0.14 0.14 0.58 0 0 0 76 76
f0_633 f1w_248 f2_351 -0.14 0.14 0.78 0 0 0 76 76
f0_633 f1w_365 f1w_437 -0.74 0.74 0.9 0 0 0 76 76
f0_633 f1w_365 f1w_470 0.18 -0.18 0.11 0 0 0 76 76
f0_633 f1w_365 f2_31 -0.12 0.12 0.77 0 0 0 76 76
f0_633 f1w_365 f2_371 0.15 -0.15 0.98 0 0 0 76 76
f0_633 f1w_437 f1w_488 0.35 -0.35 0.67 0 0 0 76 76
f0_633 f1w_470 f2_543 0.21 -0.21 0.3 0 0 0 76 76
f0_633 f1w_488 f2_371 0.14 -0.14 0.7 0 0 0 76 76
f0_633 f2_13 f2_371 0.19 -0.19 0.33 0 0 0 76 76
f0_633 f2_13 f2_970 0.36 -0.36 0.46 0 0 0 76 76
f0_633 f2_31 f2_292 0.45 -0.45 0.59 0 0 0 76 76
f0_633 f2_292 f2_543 -0.27 0.27 1.05 0 0 0 76 76
f0_633 f2_305 f2_371 0.37 -0.37 0.68 0 0 0 76 76
f0_633 f2_351 f2_970 0.35 -0.35 0.53 0 0 0 76 76
f0_633 f2_373 f2_970 -0.2 0.2 1.17 0 0 0 76 76
f0_633 f2_543 f2_970 -0.02 0.02 0.6 0 0 0 76 76
f0_636 f0_765 f2_223 -0.27 0.27 1.13 0 0 0 76 76
f0_636 f1h_62 f1w_106 1.34 -1.34 1.04 0 0 0 76 76
f0_641 f0_559 f2_896 0.13 -0.13 1.07 0 0 0 76 76
f0_642 f0_641 f1w_470 0.51 -0.51 1.41 0 0 0 76 76
f0_642 f1h_207 f1w_470 1.42 -1.42 0.64 0 0 0 76 76
f0_645 f0_818 f2_132 -0.42 0.42 1.08 0 0 0 76 76
f0_650 f0_989 f2_539 0 0 0.59 0 0 0 76 76
f0_655 f0_226 f1h_289 0.07 -0.07 0.66 0 0 0 76 76
f0_655 f0_226 f1h_475 -0.02 0.02 0.88 0 0 0 76 76
f0_655 f0_544 f2_920 0.17 -0.17 1.02 0 0 0 76 76
f0_655 f0_977 f1h_289 0.17 -0.17 0.62 0 0 0 76 76
f0_655 f0_977 f2_920 -0.17 0.17 0.86 0 0 0 76 76
f0_655 f1h_174 f1w_264 -0.5 0.5 0.96 0 0 0 76 76
f0_655 f1h_174 f2_373 -0.4 0.4 0.91 0 0 0 76 76
f0_655 f1h_174 f2_493 -0.58 0.58 0.57 0 0 0 76 76
f0_655 f1h_174 f2_920 0 0 1.36 0 0 0 76 76
f0_655 f1h_289 f1h_475 -0.08 0.08 0.62 0 0 0 76 76
f0_655 f1h_289 f1w_264 0 0 0.94 0 0 0 76 76
f0_655 f1h_289 f1w_427 0.16 -0.16 0.47 0 0 0 76 76
f0_655 f1h_289 f2_96 0.22 -0.22 0.85 0 0 0 76 76
f0_655 f1h_289 f2_373 0.16 -0.16 0.84 0 0 0 76 76
f0_655 f1h_289 f2_493 -0.01 0.01 0.87 0 0 0 76 76
f0_655 f1h_289 f2_920 0.66 -0.66 0.4 0 0 0 76 76
f0_655 f1h_475 f2_920 0.56 -0.56 0.85 0 0 0 76 76
f0_655 f1w_183 f2_920 0.57 -0.57 0.81 0 0 0 76 76
f0_655 f2_373 f2_920 0.39 -0.39 0.96 0 0 0 76 76
f0_655 f2_493 f2_920 0.27 -0.27 1.08 0 0 0 76 76
f0_656 f0_956 f2_777 0.61 -0.61 0.89 0 0 0 76 76
f0_660 f0_162 f1w_201 0.04 -0.04 0.77 0 0 0 76 76
f0_660 f0_162 f2_364 0.05 -0.05 0.82 0 0 0 76 76
f0_660 f0_608 f2_364 0.3 -0.3 0.28 0 0 0 76 76
f0_660 f0_612 f2_364 -0.13 0.13 0.61 0 0 0 76 76
f0_660 f0_848 f1w_201 0.22 -0.22 1.02 0 0 0 76 76
f0_660 f1h_50 f1w_201 0.15 -0.15 0.73 0 0 0 76 76
f0_660 f1h_50 f2_364 0.01 -0.01 0.88 0 0 0 76 76
f0_660 f1h_289 f1w_201 0.03 -0.03 0.8 0 0 0 76 76
f0_660 f1h_289 f2_364 0.06 -0.14 0.66 0 0 0 76 76
f0_660 f1h_309 f2_171 0.63 -0.63 0.77 0 0 0 76 76
f0_660 f1w_201 f1w_206 -0.03 0.03 0.92 0 0 0 76 76
f0_660 f1w_201 f2_171 0.3 -0.3 0.12 0 0 0 76 76
f0_660 f1w_201 f2_223 0.04 -0.04 0.34 0 0 0 76 76
f0_660 f1w_201 f2_811 0.47 -0.47 0.66 0 0 0 76 76
f0_660 f1w_201 f2_892 0.04 -0.04 0.5 0 0 0 76 76
f0_660 f1w_206 f2_364 0.1 -0.1 0.83 0 0 0 76 76
f0_660 f2_48 f2_364 0.44 -0.44 0.49 0 0 0 76 76
f0_660 f2_171 f2_364 -0.08 -0.36 0.27 0 0 0 76 76
f0_660 f2_171 f2_811 0.41 -0.41 0.77 0 0 0 76 76
f0_660 f2_223 f2_364 0.42 -0.42 0.75 0 0 0 76 76
f0_660 f2_364 f2_811 0.6 -0.6 0.62 0 0 0 76 76
f0_662 f1w_248 f2_631 -0.02 0.02 0.84 0 0 0 76 76
f0_674 f1w_12 f1w_83 0.7 -0.7 1.13 0 0 0 76 76
f0_680 f0_276 f1h_389 -0.31 0.31 0.7 0 0 0 76 76
f0_680 f1h_389 f1w_227 1.09 -1.09 0.65 0 0 0 76 76
f0_681 f0_181 f1h_297 0.48 -0.48 0.96 0 0 0 76 76
f0_681 f0_181 f2_310 -0.21 0.21 0.59 0 0 0 76 76
f0_681 f0_964 f1w_497 0.84 -0.84 0.82 0 0 0 76 76
f0_681 f1h_369 f2_717 -0.04 0.04 1.06 0 0 0 76 76
f0_681 f1w_59 f2_310 -0.47 0.47 0.66 0 0 0 76 76
f0_687 f0_552 f1w_291 0.57 -0.57 1.07 0 0 0 76 76
f0_687 f0_628 f1w_291 0.38 -0.38 0.9 0 0 0 76 76
f0_687 f0_628 f1w_450 0.56 -0.56 0.66 0 0 0 76 76
f0_687 f0_628 f1w_475 0.45 -0.45 0.63 0 0 0 76 76
f0_687 f0_628 f2_660 -0.13 0.13 0.76 0 0 0 76 76
f0_687 f1h_259 f1w_450 0.32 -0.32 0.98 0 0 0 76 76
f0_687 f1w_291 f1w_450 0.29 -0.29 1.17 0 0 0 76 76
f0_687 f1w_291 f1w_475 0.06 -0.06 1.33 0 0 0 76 76
f0_687 f1w_291 f2_660 -0.35 0.35 0.79 0 0 0 76 76
f0_687 f1w_291 f2_964 -0.32 0.32 1.08 0 0 0 76 76
f0_687 f1w_450 f1w_475 -0.18 0.18 1.19 0 0 0 76 76
f0_687 f1w_450 f2_660 -0.55 0.55 1.02 0 0 0 76 76
f0_687 f1w_450 f2_964 -0.46 0.46 1.04 0 0 0 76 76
f0_689 f1h_83 f1h_237 0.27 -0.27 1.03 0 0 0 76 76
f0_689 f1h_237 f1h_313 -0.65 0.65 0.76 0 0 0 76 76
f0_690 f0_269 f1w_316 -0.29 0.29 0.82 0 0 0 76 76
f0_690 f0_558 f1w_11 -0.52 0.52 0.67 0 0 0 76 76
f0_690 f0_558 f1w_316 -0.5 0.5 0.36 0 0 0 76 76
f0_690 f1w_11 f2_558 0.25 -0.25 0.62 0 0 0 76 76
f0_691 f1h_406 f2_890 0.17 -0.17 1.77 0 0 0 76 76
f0_704 f0_769 f1w_117 0.06 -0.06 1.59 0 0 0 76 76
f0_704 f1w_117 f2_371 0.12 -0.12 1.02 0 0 0 76 76
f0_714 f0_152 f2_502 -0.26 0.26 0.52 0 0 0 76 76
f0_714 f0_515 f2_502 0.44 -0.44 0.85 0 0 0 76 76
f0_714 f1h_161 f1h_295 -0.46 0.46 1.14 0 0 0 76 76
f0_714 f1w_445 f2_502 0.6 -0.6 0.58 0 0 0 76 76
f0_715 f0_347 f1w_184 0.42 -0.42 0.57 0 0 0 76 76
f0_715 f0_966 f1h_429 0.32 -0.32 1.27 0 0 0 76 76
f0_715 f1w_471 f2_326 -0.57 0.57 1.12 0 0 0 76 76
f0_729 f0_908 f2_822 -0.07 0.07 -0.3 0 0 1 76 76
f0_730 f1h_394 f1w_474 0.09 -0.09 0.86 0 0 0 76 76
f0_730 f1w_59 f1w_143 0.46 -0.46 0.81 0 0 0 76 76
f0_730 f1w_143 f1w_474 0.16 -0.16 0.62 0 0 0 76 76
f0_730 f1w_143 f2_702 -0.14 0.14 0.26 0 0 0 76 76
f0_730 f1w_459 f1w_474 0.6 -0.6 0.64 0 0 0 76 76
f0_730 f1w_474 f2_61 -0.85 0.85 0.9 0 0 0 76 76
f0_730 f1w_474 f2_855 -0.75 0.75 1.05 0 0 0 76 76
f0_730 f2_61 f2_702 -0.4 0.4 0.58 0 0 0 76 76
f0_738 f0_19 f0_640 0.25 -0.25 1.23 0 0 0 76 76
f0_738 f0_19 f1w_495 0.25 -0.25 0.98 0 0 0 76 76
f0_738 f0_192 f2_333 -0.52 0.52 1.12 0 0 0 76 76
f0_738 f0_497 f0_937 0.16 -0.16 0.69 0 0 0 76 76
f0_738 f0_497 f1w_377 -0.36 0.36 0.76 0 0 0 76 76
f0_738 f0_497 f1w_495 0.17 -0.17 0.97 0 0 0 76 76
f0_738 f0_497 f2_24 -0.51 0.51 0.47 0 0 0 76 76
f0_738 f0_497 f2_79 -0.36 0.36 0.54 0 0 0 76 76
f0_738 f0_497 f2_344 0.29 -0.29 0.78 0 0 0 76 76
f0_738 f0_816 f1w_495 0.54 -0.54 0.61 0 0 0 76 76
f0_738 f0_816 f2_333 0.23 -0.23 0.7 0 0 0 76 76
f0_738 f0_816 f2_344 0.62 -0.62 0.58 0 0 0 76 76
f0_738 f0_898 f0_937 0.17 -0.17 0.83 0 0 0 76 76
f0_738 f0_937 f1w_143 -0.43 0.43 0.56 0 0 0 76 76
f0_738 f0_987 f2_333 0.39 -0.39 0.65 0 0 0 76 76
f0_738 f1w_143 f2_79 0.16 -0.16 0.6 0 0 0 76 76
f0_738 f1w_143 f2_344 0.79 -0.79 0.48 0 0 0 76 76
f0_741 f1h_73 f1w_405 -0.16 0.16 0.72 0 0 0 76 76
f0_741 f1h_73 f2_615 -0.37 0.37 0.87 0 0 0 76 76
f0_741 f1w_185 f1w_328 0.62 -0.62 1.03 0 0 0 76 76
f0_741 f1w_328 f2_615 -0.46 0.46 1.03 0 0 0 76 76
f0_745 f1w_91 f2_234 -0.22 0.22 0.82 0 0 0 76 76
f0_745 f1w_479 f2_361 -0.52 0.52 1.19 0 0 0 76 76
f0_748 f0_505 f2_503 0.13 -0.13 -0.35 0 0 1 76 76
f0_748 f0_614 f1w_304 -0.09 0.09 -0.32 0 0 1 76 76
f0_749 f0_132 f0_453 -0.56 0.56 0.96 0 0 0 76 76
f0_749 f0_132 f2_144 0.31 -0.31 0.33 0 0 0 76 76
f0_749 f0_132 f2_947 -0.26 0.26 0.9 0 0 0 76 76
f0_749 f0_851 f1w_10 0.35 -0.35 -0.24 0 0 1 76 76
f0_749 f1w_10 f1w_304 -0.4 0.4 -0.37 0 0 1 76 76
f0_759 f0_182 f1h_6 -0.3 0.3 0.97 0 0 0 76 76
f0_759 f0_182 f2_234 -0.21 0.21 0.24 0 0 0 76 76
f0_762 f1h_207 f2_234 0.03 -0.03 1.11 0 0 0 76 76
f0_768 f0_44 f1h_73 -0.19 0.19 0.23 0 0 0 76 76
f0_768 f0_44 f2_977 0.43 -0.43 0.87 0 0 0 76 76
f0_768 f0_50 f1w_102 0.16 -0.16 1.17 0 0 0 76 76
f0_768 f0_64 f0_94 -0.11 0.11 0.88 0 0 0 76 76
f0_768 f0_64 f0_628 -0.27 0.27 0.61 0 0 0 76 76
f0_768 f0_154 f0_176 -0.43 0.43 0.67 0 0 0 76 76
f0_768 f0_154 f0_203 0.17 -0.17 1.07 0 0 0 76 76
f0_768 f0_154 f0_497 -0.5 0.5 0.33 0 0 0 76 76
f0_768 f0_154 f0_704 -0.6 0.6 0.58 0 0 0 76 76
f0_768 f0_154 f1h_309 -0.07 0.07 0.64 0 0 0 76 76
f0_768 f0_154 f1w_450 -0.47 0.47 0.83 0 0 0 76 76
f0_768 f0_154 f2_257 -0.23 0.23 0.62 0 0 0 76 76
f0_768 f0_154 f2_323 -0.04 0.04 0.65 0 0 0 76 76
f0_768 f0_154 f2_541 -0.3 0.3 1.03 0 0 0 76 76
f0_768 f0_154 f2_547 -0.28 0.28 0.79 0 0 0 76 76
f0_768 f0_154 f2_745 -0.5 0.5 0.66 0 0 0 76 76
f0_768 f0_154 f2_977 0.41 -0.41 0.6 0 0 0 76 76
f0_768 f0_203 f1h_369 -0.73 0.73 0.69 0 0 0 76 76
f0_768 f0_208 f0_497 -0.05 0.05 0.5 0 0 0 76 76
f0_768 f0_208 f1w_280 -0.02 0.02 0.64 0 0 0 76 76
f0_768 f0_497 f0_595 0.2 -0.2 0.4 0 0 0 76 76
f0_768 f0_497 f1h_369 -0.03 0.03 0.59 0 0 0 76 76
f0_768 f0_628 f1h_7 -0.04 0.04 0.66 0 0 0 76 76
f0_768 f0_628 f2_643 0.29 -0.29 0.72 0 0 0 76 76
f0_768 f0_704 f1h_73 0.02 -0.02 0.52 0 0 0 76 76
f0_768 f0_704 f1h_408 0.74 -0.74 0.44 0 0 0 76 76
f0_768 f0_876 f1h_408 0.2 -0.2 1.03 0 0 0 76 76
f0_768 f1h_73 f2_547 0.27 -0.27 0.57 0 0 0 76 76
f0_768 f1h_369 f2_257 0.25 -0.25 0.63 0 0 0 76 76
f0_768 f1h_408 f2_257 -0.3 0.3 0.77 0 0 0 76 76
f0_768 f1h_408 f2_547 -0.27 0.27 0.66 0 0 0 76 76
f0_768 f2_133 f2_977 0.76 -0.76 0.73 0 0 0 76 76
f0_768 f2_547 f2_977 0.46 -0.46 0.67 0 0 0 76 76
f0_768 f2_643 f2_977 0.49 -0.49 0.66 0 0 0 76 76
f0_769 f0_252 f0_713 -0.36 0.36 0.76 0 0 0 76 76
f0_769 f2_448 f2_544 0.65 -0.65 0.91 0 0 0 76 76
f0_773 f0_930 f1w_385 -0.43 0.43 0.83 0 0 0 76 76
f0_781 f0_122 f2_351 0.27 -0.27 1.12 0 0 0 76 76
f0_781 f0_463 f2_78 -0.38 0.38 1.13 0 0 0 76 76
f0_781 f2_351 f2_564 -0.33 0.33 1.16 0 0 0 76 76
f0_791 f0_192 f1w_1 -0.39 0.39 0.88 0 0 0 76 76
f0_791 f0_192 f2_625 -0.16 0.16 1.28 0 0 0 76 76
f0_791 f0_192 f2_804 -0.63 0.63 0.79 0 0 0 76 76
f0_791 f0_809 f1w_1 -0.08 0.08 0.69 0 0 0 76 76
f0_791 f0_945 f1w_1 0.09 -0.09 0.72 0 0 0 76 76
f0_791 f1h_145 f1w_1 0.07 -0.07 0.74 0 0 0 76 76
f0_791 f1w_1 f1w_344 0.44 -0.44 0.73 0 0 0 76 76
f0_791 f1w_1 f2_81 0.31 -0.31 0.69 0 0 0 76 76
f0_791 f1w_1 f2_917 0.31 -0.31 0.52 0 0 0 76 76
f0_791 f1w_33 f2_81 0.32 -0.32 0.44 0 0 0 76 76
f0_791 f1w_130 f2_81 0.2 -0.2 1.04 0 0 0 76 76
f0_791 f2_81 f2_409 -0.33 0.33 0.66 0 0 0 76 76
f0_791 f2_81 f2_804 -0.34 0.34 0.78 0 0 0 76 76
f0_791 f2_625 f2_917 -0.47 0.47 0.81 0 0 0 76 76
f0_791 f2_804 f2_917 0.01 -0.01 0.49 0 0 0 76 76
f0_798 f0_96 f2_132 -0.24 0.24 0.21 0 0 1 76 76
f0_798 f0_499 f1h_404 -0.15 0.15 0.23 0 0 1 76 76
f0_798 f0_499 f2_132 -0.07 0.07 0.33 0 0 1 76 76
f0_798 f0_670 f1h_404 0.3 -0.3 -0.18 0 0 1 76 76
f0_798 f0_670 f1w_304 0.86 -0.86 0.02 0 0 1 76 76
f0_798 f0_670 f2_317 0.21 -0.21 0.19 0 0 1 76 76
f0_798 f0_670 f2_373 0.24 -0.24 -0.02 0 0 1 76 76
f0_798 f1h_404 f1w_304 0.34 -0.34 0.2 0 0 1 76 76
f0_798 f1w_304 f2_132 -0.28 0.28 0.27 0 0 1 76 76
f0_798 f1w_304 f2_639 -0.66 0.66 -0.03 0 0 1 76 76
f0_798 f2_132 f2_317 -0.25 0.25 0.35 0 0 1 76 76
f0_799 f1h_7 f1h_345 0.1 -0.1 1.17 0 0 0 76 76
f0_801 f0_544 f1h_361 -0.71 0.71 0.91 0 0 0 76 76
f0_801 f0_690 f1w_451 -0.28 0.28 0.95 0 0 0 76 76
f0_801 f0_717 f2_804 0.64 -0.64 0.36 0 0 0 76 76
f0_801 f0_945 f2_804 0.04 -0.04 0.88 0 0 0 76 76
f0_801 f1h_29 f2_804 0.52 -0.52 0.8 0 0 0 76 76
f0_801 f1h_361 f2_171 -0.09 0.09 0.46 0 0 0 76 76
f0_801 f1w_280 f2_804 0.69 -0.69 0.52 0 0 0 76 76
f0_801 f1w_282 f1w_451 -0.15 0.15 0.44 0 0 0 76 76
f0_801 f1w_451 f2_804 0.48 -0.48 0.51 0 0 0 76 76
f0_802 f2_615 f2_881 0.24 -0.24 1.31 0 0 0 76 76
f0_807 f0_5 f0_934 0.42 -0.42 0.58 0 0 0 76 76
f0_807 f0_10 f0_28 -0.51 0.51 0.95 0 0 0 76 76
f0_807 f0_10 f0_934 -0.12 0.12 0.86 0 0 0 76 76
f0_807 f0_28 f0_628 0.07 -0.07 0.77 0 0 0 76 76
f0_807 f0_28 f1h_248 0.17 -0.17 0.89 0 0 0 76 76
f0_807 f0_28 f1w_475 -0.11 0.11 0.99 0 0 0 76 76
f0_807 f0_28 f2_61 -0.04 0.04 0.78 0 0 0 76 76
f0_807 f0_28 f2_964 0.04 -0.04 1.25 0 0 0 76 76
f0_807 f0_552 f1h_417 0.17 -0.17 1.35 0 0 0 76 76
f0_807 f0_628 f1h_417 0.56 -0.56 0.52 0 0 0 76 76
f0_807 f0_628 f2_799 -0.1 0.1 0.94 0 0 0 76 76
f0_807 f0_759 f0_934 0.07 -0.07 0.84 0 0 0 76 76
f0_807 f0_759 f1w_415 -0.07 0.07 0.97 0 0 0 76 76
f0_807 f0_855 f0_934 0.15 -0.15 0.54 0 0 0 76 76
f0_807 f0_855 f1h_103 -0.38 0.38 0.61 0 0 0 76 76
f0_807 f0_855 f1w_363 -0.09 0.09 0.97 0 0 0 76 76
f0_807 f0_855 f2_618 -0.56 0.56 0.21 0 0 0 76 76
f0_807 f0_934 f1h_252 -0.23 0.23 0.03 0 0 0 76 76
f0_807 f0_934 f1h_395 -0.52 0.52 0.45 0 0 0 76 76
f0_807 f0_934 f2_31 -0.21 0.21 0.33 0 0 0 76 76
f0_807 f0_934 f2_543 -0.13 0.13 0.56 0 0 0 76 76
f0_807 f0_934 f2_951 -0.41 0.41 0.52 0 0 0 76 76
f0_807 f0_955 f1h_252 0.03 -0.03 0.56 0 0 0 76 76
f0_807 f0_955 f1w_404 -0.18 0.18 0.58 0 0 0 76 76
f0_807 f0_955 f2_31 0.05 -0.05 0.45 0 0 0 76 76
f0_807 f0_955 f2_543 0.07 -0.07 0.84 0 0 0 76 76
f0_807 f1h_9 f2_618 -0.16 0.16 0.42 0 0 0 76 76
f0_807 f1h_103 f2_31 0.42 -0.42 0.79 0 0 0 76 76
f0_807 f1h_150 f1h_404 -0.01 0.01 1.2 0 0 0 76 76
f0_807 f1h_150 f1h_412 0.43 -0.43 0.94 0 0 0 76 76
f0_807 f1h_252 f1h_417 0.62 -0.62 0.76 0 0 0 76 76
f0_807 f1h_252 f2_799 0.14 -0.14 0.98 0 0 0 76 76
f0_807 f1h_412 f1h_417 0.08 -0.08 1.19 0 0 0 76 76
f0_807 f1h_417 f1w_404 -0.51 0.51 0.66 0 0 0 76 76
f0_807 f1h_417 f2_31 -0.35 0.35 0.5 0 0 0 76 76
f0_807 f1h_417 f2_951 -0.57 0.57 0.81 0 0 0 76 76
f0_807 f1w_1 f1w_415 0.63 -0.63 0.67 0 0 0 76 76
f0_807 f1w_404 f1w_415 0.95 -0.95 0.52 0 0 0 76 76
f0_807 f1w_404 f1w_427 0.79 -0.79 0.69 0 0 0 76 76
f0_807 f1w_415 f2_543 0.07 -0.07 0.83 0 0 0 76 76
f0_807 f2_31 f2_799 -0.24 0.24 0.74 0 0 0 76 76
f0_807 f2_73 f2_618 -0.52 0.52 0.44 0 0 0 76 76
f0_807 f2_618 f2_781 0.69 -0.69 0.43 0 0 0 76 76
f0_808 f0_230 f0_604 0.17 -0.17 0.87 0 0 0 76 76
f0_808 f0_272 f2_20 0.43 -0.43 0.6 0 0 0 76 76
f0_808 f0_350 f0_604 -0.08 0.08 0.99 0 0 0 76 76
f0_808 f0_604 f1w_285 0.05 -0.05 1.07 0 0 0 76 76
f0_808 f0_748 f2_20 0.09 -0.09 0.67 0 0 0 76 76
f0_808 f1h_412 f1w_285 0.16 -0.16 0.7 0 0 0 76 76
f0_808 f1h_412 f2_20 -0.12 0.12 0.84 0 0 0 76 76
f0_808 f1h_412 f2_832 -0.05 0.05 0.77 0 0 0 76 76
f0_808 f1w_34 f2_20 -0.32 0.32 0.88 0 0 0 76 76
f0_808 f1w_34 f2_832 -0.36 0.36 0.76 0 0 0 76 76
f0_808 f1w_410 f2_20 0.36 -0.36 0.78 0 0 0 76 76
f0_808 f2_20 f2_937 0.1 -0.1 0.53 0 0 0 76 76
f0_809 f0_938 f1w_315 0.14 -0.14 1.52 0 0 0 76 76
f0_809 f1w_87 f2_913 -0.66 0.66 0.79 0 0 0 76 76
f0_809 f2_315 f2_913 -0.22 0.22 0.83 0 0 0 76 76
f0_814 f0_347 f1h_84 -0.3 0.3 0.72 0 0 0 76 76
f0_814 f0_347 f1h_291 -0.08 0.08 0.98 0 0 0 76 76
f0_814 f1h_336 f2_20 -0.55 0.55 0.83 0 0 0 76 76
f0_814 f1h_355 f2_260 0.05 -0.05 0.86 0 0 0 76 76
f0_814 f1h_489 f2_20 0.08 -0.08 1.2 0 0 0 76 76
f0_814 f1w_2 f1w_344 -0.78 0.78 1.2 0 0 0 76 76
f0_816 f1w_283 f1w_478 -0.86 0.86 0.59 0 0 0 76 76
f0_818 f0_645 f0_965 -0.78 0.78 0.43 0 0 0 76 76
f0_818 f0_645 f2_880 -0.57 0.57 1 0 0 0 76 76
f0_820 f0_357 f1w_111 0.37 -0.37 1.26 0 0 0 76 76
f0_820 f0_357 f2_561 0.46 -0.46 1.38 0 0 0 76 76
f0_820 f1w_111 f1w_448 -0.65 0.65 1.31 0 0 0 76 76
f0_823 f1w_298 f2_169 -0.34 0.34 1.51 0 0 0 76 76
f0_827 f0_49 f0_497 0.24 -0.24 0.45 0 0 0 76 76
f0_827 f0_49 f1h_463 0.34 -0.34 0.64 0 0 0 76 76
f0_827 f0_61 f0_957 0.28 -0.28 0.96 0 0 0 76 76
f0_827 f0_68 f0_497 0.12 -0.12 0.53 0 0 0 76 76
f0_827 f0_234 f2_246 0.14 -0.14 1.14 0 0 0 76 76
f0_827 f0_497 f0_818 0.1 -0.1 0.83 0 0 0 76 76
f0_827 f0_497 f1w_287 -0.35 0.35 0.41 0 0 0 76 76
f0_827 f0_497 f2_980 -0.27 0.27 0.51 0 0 0 76 76
f0_827 f0_738 f2_269 0.62 -0.62 0.87 0 0 0 76 76
f0_827 f0_818 f1h_463 -0.09 0.09 0.95 0 0 0 76 76
f0_827 f0_945 f1h_123 -0.06 0.06 0.85 0 0 0 76 76
f0_827 f0_945 f2_16 0.04 -0.04 1.17 0 0 0 76 76
f0_827 f0_945 f2_269 0.66 -0.66 0.87 0 0 0 76 76
f0_827 f0_957 f1h_82 0.21 -0.21 0.93 0 0 0 76 76
f0_827 f0_957 f1h_463 0.02 -0.02 0.95 0 0 0 76 76
f0_827 f0_957 f2_269 0.29 -0.29 0.65 0 0 0 76 76
f0_827 f1h_123 f1w_228 0.47 -0.47 0.9 0 0 0 76 76
f0_827 f1w_206 f2_269 0.71 -0.71 0.6 0 0 0 76 76
f0_827 f1w_228 f1w_287 -0.65 0.65 0.56 0 0 0 76 76
f0_827 f1w_228 f2_238 -0.48 0.48 0.65 0 0 0 76 76
f0_827 f1w_287 f2_744 0.33 -0.33 0.38 0 0 0 76 76
f0_828 f0_61 f1w_171 0.75 -0.75 0.67 0 0 0 76 76
f0_828 f0_319 f0_824 -0.51 0.51 0.89 0 0 0 76 76
f0_828 f0_824 f1h_42 0.01 -0.01 0.7 0 0 0 76 76
f0_828 f1h_42 f2_778 -0.68 0.68 0.74 0 0 0 76 76
f0_828 f1h_272 f1w_171 0.83 -0.83 0.7 0 0 0 76 76
f0_828 f1h_289 f1w_171 1.1 -1.1 0.64 0 0 0 76 76
f0_828 f1h_487 f1w_171 0.9 -0.9 1.05 0 0 0 76 76
f0_828 f1w_171 f2_127 -0.83 0.83 0.91 0 0 0 76 76
f0_829 f0_628 f2_6 0.32 -0.32 0.92 0 0 0 76 76
f0_830 f1h_390 f2_32 -0.79 0.79 0.71 0 0 0 76 76
f0_834 f2_827 f2_898 -0.36 0.36 1.12 0 0 0 76 76
f0_836 f0_689 f1w_409 -0.02 0.02 1.36 0 0 0 76 76
f0_836 f2_55 f2_802 -0.06 0.06 1.65 0 0 0 76 76
f0_844 f0_930 f1w_439 -0.01 0.01 0.78 0 0 0 76 76
f0_848 f1w_207 f1w_351 1.22 -1.22 0.72 0 0 0 76 76
