id parent1 parent2 LLRparent1 LLRparent2 LLRpair OHparent1 OHparent2 MEpair SNPd.id.parent1 SNPd.id.parent2
f0_1 f0_207 f2_29 0.41 -0.41 0.22 0 0 0 41 40
f0_1 f0_207 f2_442 -0.14 0.14 0.52 0 0 0 41 43
f0_1 f0_428 f0_526 -0.22 0.22 0.47 0 0 0 48 48
f0_1 f0_428 f0_705 -0.41 0.41 0.17 0 0 0 48 43
f0_1 f0_526 f0_793 -0.26 0.26 0.43 0 0 0 48 40
f0_1 f0_526 f1w_323 -0.11 0.11 0.46 0 0 0 48 42
f0_1 f0_526 f2_535 -0.13 0.13 0.51 0 0 0 48 44
f0_1 f0_526 f2_670 0.52 -0.52 0.77 0 0 0 48 47
f0_1 f0_705 f1h_253 0.19 -0.19 0.23 0 0 0 43 48
f0_1 f0_705 f1h_398 0.49 -0.49 0.19 0 0 0 43 49
f0_1 f0_705 f1w_323 -0.09 0.09 0.24 0 0 0 43 42
f0_1 f0_705 f1w_404 0.05 -0.05 0.45 0 0 0 43 44
f0_1 f0_705 f1w_435 0.09 -0.09 0.54 0 0 0 43 48
f0_1 f0_705 f2_27 0.66 -0.66 0.25 0 0 0 43 46
f0_1 f0_705 f2_257 0.17 -0.17 0.38 0 0 0 43 42
f0_1 f0_705 f2_311 0.28 -0.28 0.23 0 0 0 43 44
f0_1 f0_793 f2_498 0.23 -0.23 0.53 0 0 0 40 46
f0_1 f1h_398 f2_29 0.09 -0.09 0.14 0 0 0 49 40
f0_1 f1w_38 f2_257 -0.23 0.23 0.31 0 0 0 45 42
f0_1 f1w_129 f2_311 -0.24 0.24 0.29 0 0 0 46 44
f0_1 f1w_174 f2_29 0.44 -0.44 0.58 0 0 0 47 40
f0_1 f2_29 f2_498 -0.36 0.36 0.53 0 0 0 40 46
f0_1 f2_29 f2_670 0.12 -0.12 1.26 0 0 0 40 47
f0_1 f2_311 f2_442 -0.38 0.38 0.31 0 0 0 44 43
f0_1 f2_311 f2_535 -0.05 0.05 -0.16 0 0 0 44 44
f0_1 f2_498 f2_535 -0.08 0.08 0.53 0 0 0 46 44
f0_2 f0_35 f0_54 0.39 -0.39 0.01 0 0 0 43 41
f0_2 f0_35 f0_428 -0.23 0.23 0.52 0 0 0 43 42
f0_2 f0_35 f0_768 -0.05 0.05 0.45 0 0 0 43 39
f0_2 f0_35 f1h_6 -0.26 0.26 0.49 0 0 0 43 48
f0_2 f0_35 f1h_460 -0.01 0.01 0.62 0 0 0 43 45
f0_2 f0_35 f1h_479 0.22 -0.22 0.71 0 0 0 43 42
f0_2 f0_35 f2_196 0.49 -0.49 -0.12 0 0 0 43 39
f0_2 f0_35 f2_311 0.37 -0.37 0.57 0 0 0 43 42
f0_2 f0_35 f2_383 0.05 -0.05 0.52 0 0 0 43 47
f0_2 f0_35 f2_864 0.33 -0.33 0.03 0 0 0 43 41
f0_2 f0_35 f2_907 0.25 -0.25 0.45 0 0 0 43 43
f0_2 f0_54 f0_630 0.1 -0.1 0.54 0 0 0 41 43
f0_2 f0_54 f1h_139 0.03 -0.03 0.29 0 0 0 41 41
f0_2 f0_54 f1h_304 0.29 -0.29 0.74 0 0 0 41 43
f0_2 f0_54 f1h_483 0.22 -0.22 0.5 0 0 0 41 46
f0_2 f0_54 f2_377 0.26 -0.26 0.34 0 0 0 41 40
f0_2 f0_54 f2_430 0.01 -0.01 0.09 0 0 0 41 46
f0_2 f0_137 f1h_489 -0.05 0.05 0.51 0 0 0 45 44
f0_2 f0_137 f2_383 -0.41 0.41 0.3 0 0 0 45 47
f0_2 f0_137 f2_864 -0.11 0.11 0.28 0 0 0 45 41
f0_2 f0_319 f0_857 -0.48 0.48 0.41 0 0 0 49 44
f0_2 f0_319 f1h_494 -0.18 0.18 0.73 0 0 0 49 41
f0_2 f0_319 f2_703 -0.22 0.22 0.36 0 0 0 49 42
f0_2 f0_339 f0_587 0.27 -0.27 0.12 0 0 0 47 39
f0_2 f0_339 f1h_354 0.01 -0.01 0.77 0 0 0 47 43
f0_2 f0_339 f2_196 0.38 -0.38 0.12 0 0 0 47 39
f0_2 f0_339 f2_703 -0.14 0.14 -0.02 0 0 0 47 42
f0_2 f0_428 f1h_304 0.41 -0.41 0.83 0 0 0 42 43
f0_2 f0_428 f1h_483 0.33 -0.33 0.65 0 0 0 42 46
f0_2 f0_428 f2_430 -0.09 0.09 0.16 0 0 0 42 46
f0_2 f0_526 f1h_304 0.34 -0.34 0.63 0 0 0 46 43
f0_2 f0_526 f1h_494 0.02 -0.02 0.35 0 0 0 46 41
f0_2 f0_526 f1w_190 0.26 -0.26 -0.27 0 0 0 46 42
f0_2 f0_526 f2_907 0.5 -0.5 0.17 0 0 0 46 43
f0_2 f0_587 f0_799 -0.11 0.11 0.3 0 0 0 39 49
f0_2 f0_587 f1h_489 -0.02 0.02 0.15 0 0 0 39 44
f0_2 f0_587 f1h_494 0.42 -0.42 -0.27 0 0 0 39 41
f0_2 f0_587 f1w_190 -0.07 0.07 0.32 0 0 0 39 42
f0_2 f0_587 f2_311 0.6 -0.6 -0.19 0 0 0 39 42
f0_2 f0_587 f2_377 0.5 -0.5 -0.25 0 0 0 39 40
f0_2 f0_587 f2_383 -0.09 0.09 0.22 0 0 0 39 47
f0_2 f0_587 f2_907 0.28 -0.28 0.01 0 0 0 39 43
f0_2 f0_587 f2_944 0.22 -0.22 0.1 0 0 0 39 45
f0_2 f0_604 f0_768 0.15 -0.15 0.38 0 0 0 47 39
f0_2 f0_604 f1h_479 0.34 -0.34 0.62 0 0 0 47 42
f0_2 f0_604 f1h_489 0.1 -0.1 0.47 0 0 0 47 44
f0_2 f0_604 f2_703 -0.06 0.06 0.76 0 0 0 47 42
f0_2 f0_604 f2_864 0.1 -0.1 0.47 0 0 0 47 41
f0_2 f0_630 f0_768 -0.16 0.16 0.12 0 0 0 43 39
f0_2 f0_630 f1h_479 0.07 -0.07 0.48 0 0 0 43 42
f0_2 f0_630 f1w_190 -0.29 0.29 0.31 0 0 0 43 42
f0_2 f0_630 f2_377 0.26 -0.26 0.49 0 0 0 43 40
f0_2 f0_630 f2_703 -0.22 0.22 0.52 0 0 0 43 42
f0_2 f0_630 f2_864 -0.28 0.28 0.15 0 0 0 43 41
f0_2 f0_768 f1h_139 -0.24 0.24 0.29 0 0 0 39 41
f0_2 f0_768 f1h_494 0.08 -0.08 0.44 0 0 0 39 41
f0_2 f0_857 f1h_6 0.05 -0.05 0.34 0 0 0 44 48
f0_2 f0_857 f1h_139 -0.17 0.17 0.09 0 0 0 44 41
f0_2 f0_857 f1h_320 0.37 -0.37 0.72 0 0 0 44 44
f0_2 f0_857 f1h_354 -0.22 0.22 0.63 0 0 0 44 43
f0_2 f0_857 f1h_483 0.35 -0.35 0.07 0 0 0 44 46
f0_2 f0_857 f1h_489 0 0 0.24 0 0 0 44 44
f0_2 f0_857 f2_52 -0.17 0.17 0.12 0 0 0 44 45
f0_2 f0_857 f2_106 0.29 -0.29 0.35 0 0 0 44 49
f0_2 f0_857 f2_196 0.04 -0.04 0.35 0 0 0 44 39
f0_2 f0_857 f2_864 -0.01 0.01 0.22 0 0 0 44 41
f0_2 f1h_6 f1h_483 0.47 -0.47 0.27 0 0 0 48 46
f0_2 f1h_6 f1w_190 -0.07 0.07 0.41 0 0 0 48 42
f0_2 f1h_6 f2_106 0.28 -0.28 0.55 0 0 0 48 49
f0_2 f1h_6 f2_430 0.02 -0.02 0.34 0 0 0 48 46
f0_2 f1h_6 f2_778 0.1 -0.1 0.46 0 0 0 48 43
f0_2 f1h_6 f2_907 0.37 -0.37 0.52 0 0 0 48 43
f0_2 f1h_139 f1h_320 0.18 -0.18 0.09 0 0 0 41 44
f0_2 f1h_139 f1h_479 0.28 -0.28 0.76 0 0 0 41 42
f0_2 f1h_139 f1h_489 0.23 -0.23 0.23 0 0 0 41 44
f0_2 f1h_139 f2_196 0.47 -0.47 0.07 0 0 0 41 39
f0_2 f1h_139 f2_311 0.34 -0.34 0.12 0 0 0 41 42
f0_2 f1h_139 f2_864 0.04 -0.04 0.34 0 0 0 41 41
f0_2 f1h_139 f2_869 -0.11 0.11 0.35 0 0 0 41 46
f0_2 f1h_139 f2_907 0.16 -0.16 0.28 0 0 0 41 43
f0_2 f1h_208 f1h_489 -0.1 0.1 0.64 0 0 0 41 44
f0_2 f1h_208 f2_311 0.38 -0.38 0.83 0 0 0 41 42
f0_2 f1h_208 f2_864 -0.42 0.42 0.05 0 0 0 41 41
f0_2 f1h_253 f2_383 -0.15 0.15 0.24 0 0 0 43 47
f0_2 f1h_304 f2_703 -0.37 0.37 0.77 0 0 0 43 42
f0_2 f1h_304 f2_944 -0.46 0.46 0.09 0 0 0 43 45
f0_2 f1h_320 f1h_494 -0.41 0.41 0.62 0 0 0 44 41
f0_2 f1h_320 f2_778 -0.19 0.19 0.66 0 0 0 44 43
f0_2 f1h_354 f1h_460 0.28 -0.28 0.25 0 0 0 43 45
f0_2 f1h_354 f1h_494 0.41 -0.41 -0.01 0 0 0 43 41
f0_2 f1h_354 f1w_190 0.06 -0.06 0.03 0 0 0 43 42
f0_2 f1h_354 f2_907 0.6 -0.6 0.1 0 0 0 43 43
f0_2 f1h_392 f1w_190 -0.08 0.08 0.29 0 0 0 42 42
f0_2 f1h_460 f1w_35 -0.37 0.37 0.02 0 0 0 45 41
f0_2 f1h_460 f1w_190 -0.45 0.45 0.38 0 0 0 45 42
f0_2 f1h_460 f2_106 -0.03 0.03 1.01 0 0 0 45 49
f0_2 f1h_460 f2_383 -0.48 0.48 0.46 0 0 0 45 47
f0_2 f1h_460 f2_430 -0.15 0.15 0.68 0 0 0 45 46
f0_2 f1h_460 f2_703 -0.15 0.15 0.56 0 0 0 45 42
f0_2 f1h_460 f2_778 -0.29 0.29 0.45 0 0 0 45 43
f0_2 f1h_460 f2_864 -0.48 0.48 0.21 0 0 0 45 41
f0_2 f1h_460 f2_907 0.01 -0.01 0.9 0 0 0 45 43
f0_2 f1h_479 f1h_483 -0.06 0.06 0.85 0 0 0 42 46
f0_2 f1h_479 f1h_494 -0.24 0.24 0.82 0 0 0 42 41
f0_2 f1h_479 f2_377 -0.07 0.07 0.61 0 0 0 42 40
f0_2 f1h_479 f2_778 -0.35 0.35 0.69 0 0 0 42 43
f0_2 f1h_479 f2_898 -0.22 0.22 0.66 0 0 0 42 44
f0_2 f1h_479 f2_907 0.02 -0.02 0.81 0 0 0 42 43
f0_2 f1h_483 f1w_190 -0.56 0.56 0.51 0 0 0 46 42
f0_2 f1h_483 f2_703 -0.37 0.37 0.6 0 0 0 46 42
f0_2 f1h_483 f2_817 -0.36 0.36 0.76 0 0 0 46 46
f0_2 f1h_489 f1w_190 -0.04 0.04 0.43 0 0 0 44 42
f0_2 f1h_489 f2_377 0.3 -0.3 0.27 0 0 0 44 40
f0_2 f1h_489 f2_778 0 0 0.35 0 0 0 44 43
f0_2 f1h_489 f2_898 0.08 -0.08 0.39 0 0 0 44 44
f0_2 f1h_494 f2_106 -0.28 0.28 -0.26 0 0 0 41 49
f0_2 f1h_494 f2_196 -0.12 0.12 0.03 0 0 0 41 39
f0_2 f1h_494 f2_383 -0.19 0.19 0.06 0 0 0 41 47
f0_2 f1h_494 f2_666 -0.41 0.41 -0.17 0 0 0 41 50
f0_2 f1h_494 f2_864 -0.29 0.29 0.27 0 0 0 41 41
f0_2 f1w_35 f1w_190 -0.19 0.19 0.36 0 0 0 41 42
f0_2 f1w_190 f2_52 0.4 -0.4 0.49 0 0 0 42 45
f0_2 f1w_190 f2_106 0.12 -0.12 0.15 0 0 0 42 49
f0_2 f1w_190 f2_196 0.39 -0.39 0.49 0 0 0 42 39
f0_2 f1w_190 f2_310 0.1 -0.1 0.41 0 0 0 42 43
f0_2 f1w_190 f2_311 0.61 -0.61 -0.28 0 0 0 42 42
f0_2 f1w_190 f2_666 0.29 -0.29 0.19 0 0 0 42 50
f0_2 f1w_190 f2_864 -0.08 0.08 0.15 0 0 0 42 41
f0_2 f1w_190 f2_944 0.22 -0.22 0.46 0 0 0 42 45
f0_2 f2_52 f2_377 1 -1 -0.4 0 0 0 45 40
f0_2 f2_196 f2_310 -0.27 0.27 0.49 0 0 0 39 43
f0_2 f2_196 f2_377 0.38 -0.38 -0.24 0 0 0 39 40
f0_2 f2_196 f2_430 -0.36 0.36 0.08 0 0 0 39 46
f0_2 f2_196 f2_778 -0.28 0.28 0.58 0 0 0 39 43
f0_2 f2_196 f2_898 -0.12 0.12 0.12 0 0 0 39 44
f0_2 f2_311 f2_778 -0.5 0.5 0.13 0 0 0 42 43
f0_2 f2_311 f2_898 -0.29 0.29 -0.37 0 0 0 42 44
f0_2 f2_377 f2_703 -0.09 0.09 0.17 0 0 0 40 42
f0_2 f2_377 f2_864 -0.32 0.32 0.11 0 0 0 40 41
f0_2 f2_377 f2_869 -0.5 0.5 0.21 0 0 0 40 46
f0_2 f2_666 f2_907 0.13 -0.13 0.61 0 0 0 50 43
f0_2 f2_778 f2_864 -0.29 0.29 -0.29 0 0 0 43 41
f0_2 f2_778 f2_944 0.12 -0.12 0.43 0 0 0 43 45
f0_2 f2_864 f2_898 0.05 -0.05 0.46 0 0 0 41 44
f0_3 f0_4 f0_5 -0.18 0.18 0.44 0 0 0 48 42
f0_3 f0_4 f0_40 -0.3 0.3 0.5 0 0 0 48 50
f0_3 f0_4 f0_51 0.09 -0.09 0.42 0 0 0 48 41
f0_3 f0_4 f0_131 0.03 -0.03 0.84 0 0 0 48 43
f0_3 f0_4 f0_413 0.1 -0.1 0.28 0 0 0 48 42
f0_3 f0_4 f0_499 0.2 -0.2 0.18 0 0 0 48 44
f0_3 f0_4 f0_716 -0.31 0.31 0.36 0 0 0 48 44
f0_3 f0_4 f0_754 -0.06 0.06 0.29 0 0 0 48 43
f0_3 f0_4 f0_778 -0.25 0.25 0.54 0 0 0 48 46
f0_3 f0_4 f1h_69 -0.2 0.2 0.21 0 0 0 48 45
f0_3 f0_4 f1h_207 -0.04 0.04 0.5 0 0 0 48 40
f0_3 f0_4 f1h_216 0.38 -0.38 0.46 0 0 0 48 45
f0_3 f0_4 f1h_329 0.18 -0.18 0.51 0 0 0 48 42
f0_3 f0_4 f1h_349 -0.39 0.39 0.09 0 0 0 48 42
f0_3 f0_4 f1h_412 -0.03 0.03 0.39 0 0 0 48 41
f0_3 f0_4 f1h_450 0.08 -0.08 -0.12 0 0 0 48 44
f0_3 f0_4 f1h_466 0.07 -0.07 0.62 0 0 0 48 45
f0_3 f0_4 f1w_135 -0.31 0.31 0.41 0 0 0 48 43
f0_3 f0_4 f1w_143 -0.11 0.11 0.33 0 0 0 48 47
f0_3 f0_4 f1w_161 -0.17 0.17 0.46 0 0 0 48 46
f0_3 f0_5 f0_96 -0.16 0.16 0.25 0 0 0 42 45
f0_3 f0_5 f0_203 -0.25 0.25 0.01 0 0 0 42 44
f0_3 f0_5 f0_255 -0.05 0.05 0.34 0 0 0 42 44
f0_3 f0_5 f0_257 0.03 -0.03 0.53 0 0 0 42 44
f0_3 f0_5 f0_741 0.34 -0.34 0.45 0 0 0 42 44
f0_3 f0_5 f0_754 -0.02 0.02 0.45 0 0 0 42 43
f0_3 f0_5 f1h_13 -0.02 0.02 0.59 0 0 0 42 52
f0_3 f0_5 f1h_308 -0.12 0.12 0.37 0 0 0 42 43
f0_3 f0_5 f1h_349 -0.13 0.13 0.07 0 0 0 42 42
f0_3 f0_5 f1h_436 0.03 -0.03 0.81 0 0 0 42 46
f0_3 f0_5 f1h_450 -0.26 0.26 0.12 0 0 0 42 44
f0_3 f0_5 f1w_67 -0.02 0.02 0.42 0 0 0 42 42
f0_3 f0_23 f0_40 -0.29 0.29 0.25 0 0 0 39 50
f0_3 f0_23 f0_51 -0.1 0.1 0.53 0 0 0 39 41
f0_3 f0_23 f0_96 -0.27 0.27 0.18 0 0 0 39 45
f0_3 f0_23 f0_131 -0.06 0.06 0.47 0 0 0 39 43
f0_3 f0_23 f0_203 -0.38 0.38 -0.29 0 0 0 39 44
f0_3 f0_23 f0_215 -0.24 0.24 0.16 0 0 0 39 41
f0_3 f0_23 f0_240 -0.07 0.07 0.46 0 0 0 39 44
f0_3 f0_23 f0_255 -0.37 0.37 0.18 0 0 0 39 44
f0_3 f0_23 f0_413 -0.05 0.05 0.59 0 0 0 39 42
f0_3 f0_23 f0_448 0.11 -0.11 0.54 0 0 0 39 40
f0_3 f0_23 f0_457 -0.17 0.17 0.5 0 0 0 39 42
f0_3 f0_23 f0_499 -0.24 0.24 0.27 0 0 0 39 44
f0_3 f0_23 f0_716 -0.39 0.34 -0.04 0 0 0 39 44
f0_3 f0_23 f0_754 -0.16 0.16 0.33 0 0 0 39 43
f0_3 f0_23 f0_778 -0.25 0.25 0.24 0 0 0 39 46
f0_3 f0_23 f1h_69 0.07 -0.07 -0.46 0 0 0 39 45
f0_3 f0_23 f1h_118 -0.33 0.33 0.11 0 0 0 39 41
f0_3 f0_23 f1h_137 -0.18 0.18 0.17 0 0 0 39 40
f0_3 f0_23 f1h_207 -0.04 0.04 0.35 0 0 0 39 40
f0_3 f0_23 f1h_216 0.33 -0.33 0.49 0 0 0 39 45
f0_3 f0_23 f1h_329 0.21 -0.21 0.33 0 0 0 39 42
f0_3 f0_23 f1h_349 -0.6 0.6 -0.24 0 0 0 39 42
f0_3 f0_23 f1h_367 0.09 -0.09 0.28 0 0 0 39 43
f0_3 f0_23 f1h_412 -0.15 0.15 0.25 0 0 0 39 41
f0_3 f0_23 f1h_450 -0.17 0.17 0.29 0 0 0 39 44
f0_3 f0_23 f1h_466 0.01 -0.01 0.4 0 0 0 39 45
f0_3 f0_23 f1w_143 -0.24 0.24 0.34 0 0 0 39 47
f0_3 f0_23 f1w_161 -0.19 0.19 -0.02 0 0 0 39 46
f0_3 f0_40 f0_215 0.13 -0.13 0.45 0 0 0 50 41
f0_3 f0_40 f0_448 0.37 -0.37 0.47 0 0 0 50 40
f0_3 f0_40 f0_740 0.17 -0.17 0.3 0 0 0 50 41
f0_3 f0_40 f1h_118 0.04 -0.04 0.4 0 0 0 50 41
f0_3 f0_40 f1h_285 0.19 -0.19 0.39 0 0 0 50 45
f0_3 f0_51 f0_96 -0.05 0.05 -0.35 0 0 0 41 45
f0_3 f0_51 f0_240 0.07 -0.07 0.3 0 0 0 41 44
f0_3 f0_51 f0_255 -0.14 0.14 0.18 0 0 0 41 44
f0_3 f0_51 f0_413 0.02 -0.02 0.4 0 0 0 41 42
f0_3 f0_51 f0_716 -0.34 0.34 -0.05 0 0 0 41 44
f0_3 f0_51 f0_740 -0.13 -0.09 -0.15 0 0 0 41 41
f0_3 f0_51 f0_741 0.18 -0.18 0.55 0 0 0 41 44
f0_3 f0_51 f0_754 -0.07 0.07 0.08 0 0 0 41 43
f0_3 f0_51 f0_831 -0.3 0.3 0.3 0 0 0 41 41
f0_3 f0_51 f1h_13 -0.21 0.21 0.24 0 0 0 41 52
f0_3 f0_51 f1h_137 -0.02 0.02 -0.16 0 0 0 41 40
f0_3 f0_51 f1h_171 0.28 -0.28 0.61 0 0 0 41 48
f0_3 f0_51 f1h_207 -0.05 0.05 0.2 0 0 0 41 40
f0_3 f0_51 f1h_285 -0.14 0.14 0.26 0 0 0 41 45
f0_3 f0_51 f1h_308 -0.17 0.17 0.25 0 0 0 41 43
f0_3 f0_51 f1h_367 0.21 -0.21 0.41 0 0 0 41 43
f0_3 f0_51 f1h_370 -0.09 0.09 0.39 0 0 0 41 43
f0_3 f0_51 f1h_412 -0.12 0.12 0.28 0 0 0 41 41
f0_3 f0_51 f1h_444 -0.15 0.15 0.45 0 0 0 41 46
f0_3 f0_51 f1w_161 -0.08 0.08 0.22 0 0 0 41 46
f0_3 f0_51 f1w_174 -0.06 0.06 0.38 0 0 0 41 45
f0_3 f0_96 f0_413 0.03 -0.03 0.37 0 0 0 45 42
f0_3 f0_96 f0_448 0.16 -0.16 0.48 0 0 0 45 40
f0_3 f0_96 f0_754 0.09 -0.09 0.18 0 0 0 45 43
f0_3 f0_96 f0_823 0.36 -0.36 -0.04 0 0 0 45 41
f0_3 f0_96 f1h_69 -0.15 0.15 0.26 0 0 0 45 45
f0_3 f0_96 f1h_207 -0.03 0.03 0.47 0 0 0 45 40
f0_3 f0_96 f1h_329 0.27 -0.27 0.51 0 0 0 45 42
f0_3 f0_96 f1h_349 0.02 -0.02 0.49 0 0 0 45 42
f0_3 f0_96 f1w_174 0.03 -0.03 0.53 0 0 0 45 45
f0_3 f0_131 f0_413 -0.16 0.16 0.38 0 0 0 43 42
f0_3 f0_131 f0_448 -0.04 0.04 0.67 0 0 0 43 40
f0_3 f0_131 f0_740 -0.29 0.29 -0.17 0 0 0 43 41
f0_3 f0_131 f0_823 -0.28 0.28 0.49 0 0 0 43 41
f0_3 f0_131 f0_996 -0.4 0.4 0.56 0 0 0 43 40
f0_3 f0_131 f1h_285 -0.39 0.39 0.12 0 0 0 43 45
f0_3 f0_203 f0_448 0.21 -0.21 0.33 0 0 0 44 40
f0_3 f0_203 f0_671 0.03 -0.03 0.26 0 0 0 44 40
f0_3 f0_203 f0_754 0.04 -0.04 0.17 0 0 0 44 43
f0_3 f0_203 f0_823 0.02 -0.02 0.47 0 0 0 44 41
f0_3 f0_203 f0_996 0.05 -0.05 0.25 0 0 0 44 40
f0_3 f0_203 f1h_69 0.11 -0.11 0.11 0 0 0 44 45
f0_3 f0_203 f1h_118 0 0 0.32 0 0 0 44 41
f0_3 f0_203 f1h_171 0.35 -0.35 0.51 0 0 0 44 48
f0_3 f0_203 f1h_349 -0.28 0.28 0.1 0 0 0 44 42
f0_3 f0_203 f1h_367 0.08 -0.08 0.44 0 0 0 44 43
f0_3 f0_215 f0_413 0.22 -0.22 0.16 0 0 0 41 42
f0_3 f0_215 f0_716 -0.26 0.26 0.25 0 0 0 41 44
f0_3 f0_215 f0_778 -0.09 0.09 0.59 0 0 0 41 46
f0_3 f0_215 f0_823 0.03 -0.03 0.3 0 0 0 41 41
f0_3 f0_215 f1h_137 0.14 -0.14 0.24 0 0 0 41 40
f0_3 f0_215 f1h_207 -0.03 0.03 0.22 0 0 0 41 40
f0_3 f0_215 f1h_308 0.27 -0.27 0.06 0 0 0 41 43
f0_3 f0_215 f1h_412 0.08 -0.08 0.27 0 0 0 41 41
f0_3 f0_215 f1h_444 0.03 -0.03 0.52 0 0 0 41 46
f0_3 f0_215 f1h_450 0.1 -0.1 0.3 0 0 0 41 44
f0_3 f0_215 f1w_161 -0.02 0.02 0.51 0 0 0 41 46
f0_3 f0_215 f1w_174 0.03 -0.03 0.36 0 0 0 41 45
f0_3 f0_240 f0_671 -0.04 0.04 0.02 0 0 0 44 40
f0_3 f0_240 f0_716 -0.43 0.43 -0.02 0 0 0 44 44
f0_3 f0_240 f0_996 0.02 -0.02 0.14 0 0 0 44 40
f0_3 f0_240 f1h_118 -0.18 0.18 0.52 0 0 0 44 41
f0_3 f0_240 f1h_137 -0.15 0.15 0.14 0 0 0 44 40
f0_3 f0_240 f1h_216 0.26 -0.26 0.72 0 0 0 44 45
f0_3 f0_240 f1h_349 -0.38 0.38 0.22 0 0 0 44 42
f0_3 f0_240 f1w_67 0.02 -0.02 0.6 0 0 0 44 42
f0_3 f0_255 f0_257 -0.25 0.25 0.39 0 0 0 44 44
f0_3 f0_255 f0_448 0.27 -0.27 -0.04 0 0 0 44 40
f0_3 f0_255 f0_740 -0.28 -0.05 -0.34 0 0 0 44 41
f0_3 f0_255 f0_741 0.21 -0.21 0.38 0 0 0 44 44
f0_3 f0_255 f1h_69 0.3 -0.3 -0.48 0 0 0 44 45
f0_3 f0_255 f1h_285 -0.12 0.12 0.14 0 0 0 44 45
f0_3 f0_255 f1h_329 0.23 -0.23 0.01 0 0 0 44 42
f0_3 f0_255 f1h_349 -0.23 0.23 0.08 0 0 0 44 42
f0_3 f0_255 f1h_370 -0.13 0.13 0.44 0 0 0 44 43
f0_3 f0_255 f1h_426 -0.25 0.25 0.36 0 0 0 44 45
f0_3 f0_255 f1w_135 -0.32 0.32 -0.02 0 0 0 44 43
f0_3 f0_255 f1w_143 0.07 -0.07 0.18 0 0 0 44 47
f0_3 f0_255 f1w_161 0.13 -0.13 0.19 0 0 0 44 46
f0_3 f0_255 f1w_174 0 0 0.58 0 0 0 44 45
f0_3 f0_257 f0_448 0.3 -0.3 0.31 0 0 0 44 40
f0_3 f0_257 f0_831 -0.12 0.12 0.31 0 0 0 44 41
f0_3 f0_257 f0_996 0.03 -0.03 0.42 0 0 0 44 40
f0_3 f0_257 f1h_118 0.13 -0.13 -0.35 0 0 0 44 41
f0_3 f0_257 f1h_137 0.18 -0.18 0.32 0 0 0 44 40
f0_3 f0_257 f1h_171 0.36 -0.36 0.34 0 0 0 44 48
f0_3 f0_257 f1h_207 0.01 -0.01 0.33 0 0 0 44 40
f0_3 f0_257 f1h_216 0.48 -0.48 0.38 0 0 0 44 45
f0_3 f0_257 f1h_329 0.23 -0.23 -0.17 0 0 0 44 42
f0_3 f0_257 f1h_367 0.25 -0.25 0.6 0 0 0 44 43
f0_3 f0_257 f1h_412 0.12 -0.12 0.37 0 0 0 44 41
f0_3 f0_257 f1h_444 -0.03 0.03 0.44 0 0 0 44 46
f0_3 f0_257 f1h_466 0.25 -0.25 0.27 0 0 0 44 45
f0_3 f0_257 f1w_174 0.04 -0.04 -0.21 0 0 0 44 45
f0_3 f0_413 f0_671 0.04 -0.04 0.13 0 0 0 42 40
f0_3 f0_413 f0_716 -0.21 0.21 0.18 0 0 0 42 44
f0_3 f0_413 f0_878 -0.15 0.15 0.4 0 0 0 42 42
f0_3 f0_413 f0_996 -0.14 0.14 0.23 0 0 0 42 40
f0_3 f0_413 f1h_137 0.23 -0.23 0 0 0 0 42 40
f0_3 f0_413 f1h_216 0.58 -0.58 -0.34 0 0 0 42 45
f0_3 f0_413 f1h_308 -0.16 0.16 0.39 0 0 0 42 43
f0_3 f0_413 f1h_329 0.25 -0.25 0.55 0 0 0 42 42
f0_3 f0_413 f1h_349 0.09 -0.09 0.42 0 0 0 42 42
f0_3 f0_413 f1h_367 0.17 -0.17 0.54 0 0 0 42 43
f0_3 f0_413 f1h_436 -0.05 0.05 0.3 0 0 0 42 46
f0_3 f0_448 f0_499 0.09 -0.09 0.29 0 0 0 40 44
f0_3 f0_448 f0_716 -0.33 0.33 0.34 0 0 0 40 44
f0_3 f0_448 f0_741 -0.02 0.02 -0.39 0 0 0 40 44
f0_3 f0_448 f0_831 -0.44 0.44 0.26 0 0 0 40 41
f0_3 f0_448 f0_878 -0.35 0.35 0.28 0 0 0 40 42
f0_3 f0_448 f1h_137 -0.05 0.05 -0.04 0 0 0 40 40
f0_3 f0_448 f1h_171 0 0 0.18 0 0 0 40 48
f0_3 f0_448 f1h_207 -0.18 0.18 -0.14 0 0 0 40 40
f0_3 f0_448 f1h_308 -0.23 0.23 0.46 0 0 0 40 43
f0_3 f0_448 f1h_329 -0.07 0.07 0.04 0 0 0 40 42
f0_3 f0_448 f1h_349 -0.08 0.08 0.43 0 0 0 40 42
f0_3 f0_448 f1h_367 -0.24 -0.15 -0.31 0 0 0 40 43
f0_3 f0_448 f1h_436 -0.28 0.28 0.46 0 0 0 40 46
f0_3 f0_448 f1h_444 -0.19 0.19 0.47 0 0 0 40 46
f0_3 f0_448 f1h_450 -0.14 0.14 0.15 0 0 0 40 44
f0_3 f0_448 f1h_466 0.03 -0.03 0.57 0 0 0 40 45
f0_3 f0_448 f1w_67 -0.21 0.21 0.49 0 0 0 40 42
f0_3 f0_448 f1w_161 -0.03 0.03 0.41 0 0 0 40 46
f0_3 f0_448 f1w_174 0.01 -0.01 -0.3 0 0 0 40 45
f0_3 f0_457 f0_716 -0.25 0.25 0.26 0 0 0 42 44
f0_3 f0_457 f0_831 -0.2 0.2 0.71 0 0 0 42 41
f0_3 f0_457 f1h_137 0.1 -0.1 0.38 0 0 0 42 40
f0_3 f0_457 f1h_207 0.02 -0.02 0.6 0 0 0 42 40
f0_3 f0_457 f1h_308 -0.03 0.03 0.42 0 0 0 42 43
f0_3 f0_457 f1h_367 0.14 -0.14 0.46 0 0 0 42 43
f0_3 f0_457 f1h_444 -0.06 0.06 0.92 0 0 0 42 46
f0_3 f0_499 f0_741 -0.03 0.03 0.33 0 0 0 44 44
f0_3 f0_499 f0_996 -0.21 0.21 0.52 0 0 0 44 40
f0_3 f0_499 f1h_171 0.32 -0.32 0.54 0 0 0 44 48
f0_3 f0_499 f1h_207 -0.1 0.1 0.2 0 0 0 44 40
f0_3 f0_499 f1h_349 0.19 -0.19 0.29 0 0 0 44 42
f0_3 f0_499 f1h_436 0.1 -0.1 0.03 0 0 0 44 46
f0_3 f0_499 f1w_174 0.08 -0.08 0.76 0 0 0 44 45
f0_3 f0_671 f0_740 -0.04 0.04 0.18 0 0 0 40 41
f0_3 f0_671 f1h_69 -0.13 0.13 0.6 0 0 0 40 45
f0_3 f0_671 f1h_137 0.19 -0.19 0.35 0 0 0 40 40
f0_3 f0_671 f1h_207 0.06 -0.06 0.32 0 0 0 40 40
f0_3 f0_671 f1h_285 -0.08 0.08 0.37 0 0 0 40 45
f0_3 f0_671 f1h_329 0.46 -0.46 0.42 0 0 0 40 42
f0_3 f0_671 f1h_412 0.15 -0.15 0.43 0 0 0 40 41
f0_3 f0_671 f1h_466 0.38 -0.38 0.42 0 0 0 40 45
f0_3 f0_716 f0_740 0.3 -0.3 -0.13 0 0 0 44 41
f0_3 f0_716 f0_741 0.46 -0.46 0.34 0 0 0 44 44
f0_3 f0_716 f0_754 0.32 -0.32 -0.03 0 0 0 44 43
f0_3 f0_716 f0_823 0.6 -0.6 -0.23 0 0 0 44 41
f0_3 f0_716 f0_996 -0.01 0.01 0.41 0 0 0 44 40
f0_3 f0_716 f1h_69 0.06 -0.06 0.07 0 0 0 44 45
f0_3 f0_716 f1h_118 0.13 -0.13 0.16 0 0 0 44 41
f0_3 f0_716 f1h_285 0.18 -0.18 -0.06 0 0 0 44 45
f0_3 f0_716 f1h_436 0.33 -0.33 0.14 0 0 0 44 46
f0_3 f0_740 f0_754 0.11 -0.11 0.15 0 0 0 41 43
f0_3 f0_740 f0_823 0.07 -0.07 0.33 0 0 0 41 41
f0_3 f0_740 f0_831 -0.18 0.18 0.19 0 0 0 41 41
f0_3 f0_740 f0_996 0.22 -0.22 -0.15 0 0 0 41 40
f0_3 f0_740 f1h_207 0.13 -0.13 0.31 0 0 0 41 40
f0_3 f0_740 f1h_349 0.11 -0.11 0.44 0 0 0 41 42
f0_3 f0_740 f1h_444 0.12 -0.12 0.07 0 0 0 41 46
f0_3 f0_740 f1h_450 0.07 -0.07 0.05 0 0 0 41 44
f0_3 f0_740 f1w_67 -0.1 0.1 0.23 0 0 0 41 42
f0_3 f0_740 f1w_135 -0.12 0.12 0.24 0 0 0 41 43
f0_3 f0_740 f1w_143 0.06 -0.06 0.21 0 0 0 41 47
f0_3 f0_740 f1w_161 0.07 -0.07 0.02 0 0 0 41 46
f0_3 f0_740 f1w_174 0 0 0.2 0 0 0 41 45
f0_3 f0_741 f0_754 -0.13 0.13 -0.13 0 0 0 44 43
f0_3 f0_741 f1h_137 -0.17 0.17 0.47 0 0 0 44 40
f0_3 f0_741 f1h_207 -0.22 0.22 0.55 0 0 0 44 40
f0_3 f0_741 f1h_216 0.16 -0.16 0.88 0 0 0 44 45
f0_3 f0_741 f1h_349 -0.55 0.55 0.1 0 0 0 44 42
f0_3 f0_741 f1h_412 -0.05 0.05 0.38 0 0 0 44 41
f0_3 f0_741 f1h_450 -0.28 0.28 0.48 0 0 0 44 44
f0_3 f0_754 f0_778 -0.09 0.09 0.23 0 0 0 43 46
f0_3 f0_754 f0_831 -0.23 0.23 0.17 0 0 0 43 41
f0_3 f0_754 f0_996 -0.07 0.07 0.42 0 0 0 43 40
f0_3 f0_754 f1h_118 -0.07 0.07 0.19 0 0 0 43 41
f0_3 f0_754 f1h_137 -0.01 0.01 0.37 0 0 0 43 40
f0_3 f0_754 f1h_171 0.36 -0.36 0.44 0 0 0 43 48
f0_3 f0_754 f1h_216 0.04 -0.04 -0.18 0 0 0 43 45
f0_3 f0_754 f1h_308 0.17 -0.17 -0.21 0 0 0 43 43
f0_3 f0_754 f1h_367 0.26 -0.26 0.37 0 0 0 43 43
f0_3 f0_754 f1h_426 -0.13 0.13 0.23 0 0 0 43 45
f0_3 f0_754 f1h_444 -0.01 0.01 0.15 0 0 0 43 46
f0_3 f0_754 f1w_135 -0.42 0.42 -0.25 0 0 0 43 43
f0_3 f0_754 f1w_161 0.05 -0.05 -0.12 0 0 0 43 46
f0_3 f0_754 f1w_174 0.03 -0.03 0.38 0 0 0 43 45
f0_3 f0_778 f1h_367 0.4 -0.4 0.14 0 0 0 46 43
f0_3 f0_778 f1h_436 0.19 -0.19 0.49 0 0 0 46 46
f0_3 f0_823 f1h_207 0.09 -0.09 0.33 0 0 0 41 40
f0_3 f0_823 f1h_285 -0.5 0.5 -0.35 0 0 0 41 45
f0_3 f0_823 f1h_329 0.43 -0.43 0.56 0 0 0 41 42
f0_3 f0_823 f1h_367 0.28 -0.28 0.47 0 0 0 41 43
f0_3 f0_831 f1h_69 0.06 -0.06 0.24 0 0 0 41 45
f0_3 f0_831 f1h_285 0.19 -0.19 0.2 0 0 0 41 45
f0_3 f0_831 f1h_370 0.16 -0.16 0.35 0 0 0 41 43
f0_3 f0_878 f0_996 0.03 -0.03 0.44 0 0 0 42 40
f0_3 f0_878 f1h_171 0.25 -0.25 0.13 0 0 0 42 48
f0_3 f0_878 f1h_367 0.27 -0.27 0.27 0 0 0 42 43
f0_3 f0_878 f1w_161 0.03 -0.03 0.39 0 0 0 42 46
f0_3 f0_878 f1w_174 0.09 -0.09 0.53 0 0 0 42 45
f0_3 f0_996 f1h_207 0.03 -0.03 0.12 0 0 0 40 40
f0_3 f0_996 f1h_285 -0.05 0.05 0.14 0 0 0 40 45
f0_3 f0_996 f1h_329 -0.05 0.05 0.03 0 0 0 40 42
f0_3 f0_996 f1h_349 -0.15 0.15 0.12 0 0 0 40 42
f0_3 f0_996 f1h_370 0.09 -0.09 0.34 0 0 0 40 43
f0_3 f0_996 f1h_450 0.02 -0.02 0.43 0 0 0 40 44
f0_3 f0_996 f1h_466 0.38 -0.38 0.53 0 0 0 40 45
f0_3 f0_996 f1w_143 -0.03 0.03 0.44 0 0 0 40 47
f0_3 f0_996 f1w_161 0.02 -0.02 0.32 0 0 0 40 46
f0_3 f1h_13 f1h_69 -0.06 0.06 0.34 0 0 0 52 45
f0_3 f1h_13 f1h_207 0.17 -0.17 0.44 0 0 0 52 40
f0_3 f1h_13 f1h_329 0.43 -0.43 0.46 0 0 0 52 42
f0_3 f1h_13 f1h_349 0.15 -0.15 0.33 0 0 0 52 42
f0_3 f1h_69 f1h_308 0.06 -0.06 0.26 0 0 0 45 43
f0_3 f1h_69 f1h_349 0.28 -0.28 0.18 0 0 0 45 42
f0_3 f1h_69 f1h_436 0.09 -0.09 0.68 0 0 0 45 46
f0_3 f1h_69 f1h_450 0.1 -0.1 0.23 0 0 0 45 44
f0_3 f1h_118 f1h_207 0.2 -0.2 0.38 0 0 0 41 40
f0_3 f1h_118 f1h_349 -0.09 0.09 0.03 0 0 0 41 42
f0_3 f1h_118 f1h_426 -0.1 0.1 0.48 0 0 0 41 45
f0_3 f1h_118 f1h_444 0.14 -0.14 0.41 0 0 0 41 46
f0_3 f1h_137 f1h_171 0.24 -0.24 0.47 0 0 0 40 48
f0_3 f1h_137 f1h_207 0.07 -0.07 0.23 0 0 0 40 40
f0_3 f1h_137 f1h_329 0.3 -0.3 0.34 0 0 0 40 42
f0_3 f1h_137 f1h_349 -0.18 0.18 0.12 0 0 0 40 42
f0_3 f1h_137 f1h_370 -0.11 0.11 0.32 0 0 0 40 43
f0_3 f1h_137 f1h_426 -0.13 0.13 0.13 0 0 0 40 45
f0_3 f1h_137 f1h_436 0.01 -0.01 0.46 0 0 0 40 46
f0_3 f1h_137 f1w_135 -0.29 0.29 0.22 0 0 0 40 43
f0_3 f1h_137 f1w_143 -0.22 0.22 0.21 0 0 0 40 47
f0_3 f1h_137 f1w_161 -0.05 0.05 0.28 0 0 0 40 46
f0_3 f1h_137 f1w_174 -0.01 0.01 0.45 0 0 0 40 45
f0_3 f1h_171 f1h_207 -0.24 0.24 0.33 0 0 0 48 40
f0_3 f1h_171 f1h_216 0.15 -0.15 0.75 0 0 0 48 45
f0_3 f1h_171 f1h_285 -0.39 0.39 -0.03 0 0 0 48 45
f0_3 f1h_171 f1h_349 -0.48 0.48 -0.03 0 0 0 48 42
f0_3 f1h_171 f1h_412 -0.11 0.11 0.5 0 0 0 48 41
f0_3 f1h_171 f1h_450 -0.42 0.42 0.46 0 0 0 48 44
f0_3 f1h_207 f1h_285 -0.12 0.12 0.25 0 0 0 40 45
f0_3 f1h_207 f1h_367 0.05 -0.05 0 0 0 0 40 43
f0_3 f1h_207 f1h_370 0 0 0.65 0 0 0 40 43
f0_3 f1h_207 f1h_412 -0.09 0.09 0.17 0 0 0 40 41
f0_3 f1h_207 f1h_436 -0.02 0.02 0.33 0 0 0 40 46
f0_3 f1h_207 f1w_67 -0.2 0.2 0.1 0 0 0 40 42
f0_3 f1h_216 f1h_367 -0.19 0.19 0.25 0 0 0 45 43
f0_3 f1h_216 f1h_370 -0.47 0.47 0.3 0 0 0 45 43
f0_3 f1h_216 f1h_436 -0.33 0.33 0.54 0 0 0 45 46
f0_3 f1h_216 f1w_161 -0.39 0.39 0.28 0 0 0 45 46
f0_3 f1h_216 f1w_174 -0.39 0.39 0.59 0 0 0 45 45
f0_3 f1h_285 f1h_349 0.11 -0.11 0.39 0 0 0 45 42
f0_3 f1h_285 f1h_367 0.24 -0.24 -0.19 0 0 0 45 43
f0_3 f1h_285 f1h_444 0.46 -0.46 -0.31 0 0 0 45 46
f0_3 f1h_285 f1h_450 0.11 -0.11 0.21 0 0 0 45 44
f0_3 f1h_285 f1w_67 0.38 -0.38 -0.34 0 0 0 45 42
f0_3 f1h_285 f1w_135 0.27 -0.27 0.53 0 0 0 45 43
f0_3 f1h_285 f1w_143 0.05 -0.05 0.26 0 0 0 45 47
f0_3 f1h_285 f1w_161 0.4 -0.4 0 0 0 0 45 46
f0_3 f1h_285 f1w_174 0.08 -0.08 0.42 0 0 0 45 45
f0_3 f1h_308 f1h_367 0.39 -0.39 0.15 0 0 0 43 43
f0_3 f1h_329 f1h_349 -0.19 0.19 -0.03 0 0 0 42 42
f0_3 f1h_329 f1h_370 -0.24 0.24 0.49 0 0 0 42 43
f0_3 f1h_329 f1h_412 -0.22 0.22 0.18 0 0 0 42 41
f0_3 f1h_329 f1h_450 -0.36 0.36 0.39 0 0 0 42 44
f0_3 f1h_329 f1w_67 -0.39 0.39 0.49 0 0 0 42 42
f0_3 f1h_349 f1h_367 0.05 -0.05 0.42 0 0 0 42 43
f0_3 f1h_349 f1h_412 -0.19 0.19 0.41 0 0 0 42 41
f0_3 f1h_349 f1h_426 0.18 -0.18 0.17 0 0 0 42 45
f0_3 f1h_349 f1h_444 -0.31 0.19 0.11 0 0 0 42 46
f0_3 f1h_349 f1h_466 0.02 -0.02 -0.01 0 0 0 42 45
f0_3 f1h_349 f1w_135 0.14 -0.14 0.35 0 0 0 42 43
f0_3 f1h_367 f1h_370 0 0 0.58 0 0 0 43 43
f0_3 f1h_367 f1h_426 -0.06 0.06 0.45 0 0 0 43 45
f0_3 f1h_367 f1h_450 -0.33 0.33 0.55 0 0 0 43 44
f0_3 f1h_367 f1w_67 -0.33 0.33 0.42 0 0 0 43 42
f0_3 f1h_367 f1w_143 -0.29 0.29 0.57 0 0 0 43 47
f0_3 f1h_370 f1h_444 -0.03 0.03 0.63 0 0 0 43 46
f0_3 f1h_370 f1h_466 0.15 -0.15 0.45 0 0 0 43 45
f0_3 f1h_412 f1h_436 0.02 -0.02 0.56 0 0 0 41 46
f0_3 f1h_412 f1h_450 0 0 0.23 0 0 0 41 44
f0_3 f1h_412 f1w_135 -0.5 0.5 -0.08 0 0 0 41 43
f0_3 f1h_412 f1w_143 -0.16 0.16 0.23 0 0 0 41 47
f0_3 f1h_412 f1w_161 -0.03 0.03 0.12 0 0 0 41 46
f0_3 f1h_412 f1w_174 0 0 0.49 0 0 0 41 45
f0_3 f1h_450 f1h_466 0.38 -0.38 -0.19 0 0 0 44 45
f0_4 f0_3 f0_27 0.06 -0.06 0.77 0 0 0 48 47
f0_4 f0_3 f0_82 0.5 -0.5 0.19 0 0 0 48 42
f0_4 f0_3 f0_213 0.13 -0.13 0.14 0 0 0 48 51
f0_4 f0_3 f0_420 0.02 -0.02 0.33 0 0 0 48 40
f0_4 f0_3 f0_608 -0.03 0.03 0.22 0 0 0 48 45
f0_4 f0_3 f0_685 -0.16 0.16 0.14 0 0 0 48 51
f0_4 f0_3 f1h_15 -0.01 0.01 0.33 0 0 0 48 49
f0_4 f0_3 f1h_161 0.34 -0.34 0.1 0 0 0 48 46
f0_4 f0_3 f1h_369 0.21 -0.21 -0.01 0 0 0 48 43
f0_4 f0_3 f1w_84 0.18 -0.18 0.52 0 0 0 48 55
f0_4 f0_3 f1w_184 0.13 -0.13 0.39 0 0 0 48 48
f0_4 f0_3 f1w_328 0.06 -0.14 -0.28 0 0 0 48 41
f0_4 f0_3 f1w_437 0.11 -0.11 -0.15 0 0 0 48 53
f0_4 f0_3 f2_61 -0.07 -0.38 -0.36 0 0 0 48 42
f0_4 f0_27 f0_38 -0.05 0.05 0.22 0 0 0 47 51
f0_4 f0_27 f0_70 0.04 -0.04 0.22 0 0 0 47 51
f0_4 f0_27 f0_82 0.48 -0.48 -0.13 0 0 0 47 42
f0_4 f0_27 f0_112 -0.2 0.2 0.46 0 0 0 47 46
f0_4 f0_27 f0_191 0 0 0.64 0 0 0 47 45
f0_4 f0_27 f0_228 -0.23 0.23 -0.28 0 0 0 47 47
f0_4 f0_27 f0_495 -0.36 0.36 0.28 0 0 0 47 50
f0_4 f0_27 f0_608 -0.1 0.1 0.39 0 0 0 47 45
f0_4 f0_27 f0_715 -0.18 0.18 0.45 0 0 0 47 47
f0_4 f0_27 f0_741 0.23 -0.23 0.83 0 0 0 47 48
f0_4 f0_27 f1h_161 0.06 -0.06 0.6 0 0 0 47 46
f0_4 f0_27 f1h_434 -0.19 0.19 0.13 0 0 0 47 46
f0_4 f0_27 f1w_23 -0.05 0.05 0.53 0 0 0 47 45
f0_4 f0_27 f1w_185 -0.24 0.24 0.71 0 0 0 47 53
f0_4 f0_27 f1w_405 0.24 -0.24 0.48 0 0 0 47 47
f0_4 f0_27 f1w_437 0.09 -0.09 0.13 0 0 0 47 53
f0_4 f0_27 f2_61 -0.09 -0.08 -0.22 0 0 0 47 42
f0_4 f0_38 f0_82 0.68 -0.68 0.28 0 0 0 51 42
f0_4 f0_38 f1h_340 0.22 -0.22 0.29 0 0 0 51 50
f0_4 f0_70 f0_416 -0.02 0.02 0.45 0 0 0 51 51
f0_4 f0_70 f0_715 -0.07 0.07 0.08 0 0 0 51 47
f0_4 f0_70 f1h_137 -0.14 0.14 -0.01 0 0 0 51 43
f0_4 f0_70 f1h_369 -0.01 0.01 0.14 0 0 0 51 43
f0_4 f0_70 f1h_370 -0.16 0.16 0.22 0 0 0 51 47
f0_4 f0_70 f1w_40 -0.2 0.2 -0.14 0 0 0 51 45
f0_4 f0_70 f1w_437 -0.06 0.06 0.2 0 0 0 51 53
f0_4 f0_70 f1w_445 -0.12 0.12 0.18 0 0 0 51 41
f0_4 f0_82 f0_96 -0.42 0.42 0.54 0 0 0 42 51
f0_4 f0_82 f0_156 -0.53 0.53 0.41 0 0 0 42 45
f0_4 f0_82 f0_191 -0.01 0.01 0.05 0 0 0 42 45
f0_4 f0_82 f0_213 -0.32 0.32 -0.33 0 0 0 42 51
f0_4 f0_82 f0_420 -0.59 0.59 0.46 0 0 0 42 40
f0_4 f0_82 f0_493 -0.43 0.43 0.49 0 0 0 42 47
f0_4 f0_82 f0_581 -0.55 0.55 0.48 0 0 0 42 52
f0_4 f0_82 f0_608 -0.45 0.45 -0.08 0 0 0 42 45
f0_4 f0_82 f0_671 -0.45 0.45 0 0 0 0 42 49
f0_4 f0_82 f1h_161 -0.01 0.01 -0.25 0 0 0 42 46
f0_4 f0_82 f1h_369 -0.27 0.27 0.46 0 0 0 42 43
f0_4 f0_82 f1h_434 -0.77 0.45 0.28 0 0 0 42 46
f0_4 f0_82 f1w_30 -0.44 0.44 0.65 0 0 0 42 48
f0_4 f0_82 f1w_40 -0.57 0.57 0.51 0 0 0 42 45
f0_4 f0_82 f1w_84 -0.29 0.29 0.21 0 0 0 42 55
f0_4 f0_82 f1w_185 -0.65 0.65 0.26 0 0 0 42 53
f0_4 f0_82 f1w_328 -0.39 0.39 -0.1 0 0 0 42 41
f0_4 f0_82 f1w_483 -0.39 0.39 -0.02 0 0 0 42 53
f0_4 f0_82 f2_61 -0.67 0.67 0.01 0 0 0 42 42
f0_4 f0_96 f0_191 0.12 -0.12 0.89 0 0 0 51 45
f0_4 f0_96 f1h_369 0.03 -0.03 0.55 0 0 0 51 43
f0_4 f0_96 f1w_437 -0.22 0.22 -0.01 0 0 0 51 53
f0_4 f0_112 f0_191 0.28 -0.28 0.34 0 0 0 46 45
f0_4 f0_112 f1h_369 0.41 -0.41 0.38 0 0 0 46 43
f0_4 f0_112 f1w_176 -0.12 0.12 0.25 0 0 0 46 50
f0_4 f0_156 f0_420 0.01 -0.01 0.46 0 0 0 45 40
f0_4 f0_156 f0_581 0.13 -0.13 0.48 0 0 0 45 52
f0_4 f0_156 f0_608 0.09 -0.09 0.28 0 0 0 45 45
f0_4 f0_156 f1h_15 0.09 -0.09 0.55 0 0 0 45 49
f0_4 f0_156 f1h_340 0.31 -0.31 0.33 0 0 0 45 50
f0_4 f0_156 f1w_184 0.32 -0.32 0.22 0 0 0 45 48
f0_4 f0_156 f1w_328 0.18 -0.18 0.35 0 0 0 45 41
f0_4 f0_156 f1w_437 -0.18 0.18 0.06 0 0 0 45 53
f0_4 f0_156 f2_61 0.08 -0.08 0.27 0 0 0 45 42
f0_4 f0_191 f0_213 0.47 -0.47 0.67 0 0 0 45 51
f0_4 f0_191 f0_420 -0.34 0.34 0.56 0 0 0 45 40
f0_4 f0_191 f0_493 0.03 -0.03 0.91 0 0 0 45 47
f0_4 f0_191 f0_581 0.27 -0.27 -0.1 0 0 0 45 52
f0_4 f0_191 f0_608 -0.1 0.1 0.11 0 0 0 45 45
f0_4 f0_191 f0_736 -0.33 0.33 0.03 0 0 0 45 45
f0_4 f0_191 f1h_15 -0.27 0.27 0.56 0 0 0 45 49
f0_4 f0_191 f1h_137 -0.45 0.45 -0.12 0 0 0 45 43
f0_4 f0_191 f1h_340 -0.04 0.04 0.64 0 0 0 45 50
f0_4 f0_191 f1h_370 -0.32 0.32 0.19 0 0 0 45 47
f0_4 f0_191 f1w_30 -0.02 0.02 0.39 0 0 0 45 48
f0_4 f0_191 f1w_40 -0.57 0.57 -0.2 0 0 0 45 45
f0_4 f0_191 f1w_174 -0.05 0.05 0 0 0 0 45 52
f0_4 f0_191 f1w_184 0.07 -0.07 0.4 0 0 0 45 48
f0_4 f0_191 f1w_405 -0.1 0.1 0.29 0 0 0 45 47
f0_4 f0_191 f1w_437 -0.14 0.14 0.51 0 0 0 45 53
f0_4 f0_191 f2_61 -0.24 0.24 0.42 0 0 0 45 42
f0_4 f0_213 f0_715 -0.19 0.19 0.38 0 0 0 51 47
f0_4 f0_213 f0_741 0.23 -0.23 0.2 0 0 0 51 48
f0_4 f0_213 f1h_369 0.13 -0.13 0.1 0 0 0 51 43
f0_4 f0_213 f1w_23 -0.47 0.47 0.41 0 0 0 51 45
f0_4 f0_213 f1w_40 -0.38 0.38 0.19 0 0 0 51 45
f0_4 f0_213 f1w_185 -0.39 0.39 0.64 0 0 0 51 53
f0_4 f0_213 f1w_405 -0.1 0.1 0.35 0 0 0 51 47
f0_4 f0_228 f0_416 0.03 -0.03 0.53 0 0 0 47 51
f0_4 f0_228 f0_495 0.29 -0.29 -0.24 0 0 0 47 50
f0_4 f0_228 f1h_369 0.29 -0.29 0.27 0 0 0 47 43
f0_4 f0_228 f1w_40 -0.07 0.07 0.13 0 0 0 47 45
f0_4 f0_228 f1w_437 0.19 -0.19 0.22 0 0 0 47 53
f0_4 f0_244 f0_495 -0.08 0.08 0.64 0 0 0 51 50
f0_4 f0_244 f1w_437 0 0 0.31 0 0 0 51 53
f0_4 f0_244 f1w_445 -0.33 0.33 0.26 0 0 0 51 41
f0_4 f0_416 f0_420 0.17 -0.17 0.08 0 0 0 51 40
f0_4 f0_416 f0_608 0.16 -0.16 0.2 0 0 0 51 45
f0_4 f0_416 f1h_369 0.46 -0.46 0.07 0 0 0 51 43
f0_4 f0_416 f1w_174 0.01 -0.01 0.77 0 0 0 51 52
f0_4 f0_416 f1w_184 0.54 -0.54 0.21 0 0 0 51 48
f0_4 f0_416 f1w_328 0.17 -0.17 0.39 0 0 0 51 41
f0_4 f0_416 f2_61 0.22 -0.22 -0.14 0 0 0 51 42
f0_4 f0_420 f0_715 -0.01 0.01 0.38 0 0 0 40 47
f0_4 f0_420 f1h_370 -0.11 0.11 0.1 0 0 0 40 47
f0_4 f0_420 f1w_23 -0.08 0.08 0.28 0 0 0 40 45
f0_4 f0_420 f1w_176 -0.04 0.04 0.36 0 0 0 40 50
f0_4 f0_420 f1w_445 -0.15 0.15 0.32 0 0 0 40 41
f0_4 f0_470 f1h_369 -0.05 0.05 0.18 0 0 0 46 43
f0_4 f0_470 f1w_437 -0.14 0.14 0.11 0 0 0 46 53
f0_4 f0_493 f1h_369 0.13 -0.13 0.21 0 0 0 47 43
f0_4 f0_495 f0_608 0.05 -0.05 0.11 0 0 0 50 45
f0_4 f0_495 f1h_369 0.23 -0.23 0.52 0 0 0 50 43
f0_4 f0_495 f1w_23 -0.11 0.11 0.43 0 0 0 50 45
f0_4 f0_495 f1w_184 0.28 -0.28 0.24 0 0 0 50 48
f0_4 f0_495 f1w_328 -0.06 0.06 0.32 0 0 0 50 41
f0_4 f0_581 f0_715 -0.15 0.15 0.62 0 0 0 52 47
f0_4 f0_581 f1h_370 -0.22 0.22 0.3 0 0 0 52 47
f0_4 f0_581 f1w_437 0.06 -0.06 0.29 0 0 0 52 53
f0_4 f0_608 f0_736 -0.13 0.13 0.22 0 0 0 45 45
f0_4 f0_608 f1h_137 0.08 -0.08 0.44 0 0 0 45 43
f0_4 f0_608 f1h_340 0.18 -0.18 0.18 0 0 0 45 50
f0_4 f0_608 f1h_369 0.16 -0.16 0.4 0 0 0 45 43
f0_4 f0_608 f1h_370 -0.07 0.07 0.25 0 0 0 45 47
f0_4 f0_608 f1w_23 -0.04 0.04 -0.03 0 0 0 45 45
f0_4 f0_608 f1w_100 -0.24 0.24 0.11 0 0 0 45 50
f0_4 f0_608 f1w_176 0.04 -0.04 0.08 0 0 0 45 50
f0_4 f0_608 f1w_437 0.15 -0.15 0.15 0 0 0 45 53
f0_4 f0_608 f1w_445 -0.17 0.17 0.05 0 0 0 45 41
f0_4 f0_671 f1h_369 0.26 -0.26 0.34 0 0 0 49 43
f0_4 f0_671 f1w_23 -0.06 0.06 -0.11 0 0 0 49 45
f0_4 f0_671 f1w_40 -0.09 0.09 0.24 0 0 0 49 45
f0_4 f0_671 f1w_437 0.17 -0.17 0.29 0 0 0 49 53
f0_4 f0_685 f1w_437 0.18 -0.18 0.16 0 0 0 51 53
f0_4 f0_685 f1w_445 0.12 -0.12 0.33 0 0 0 51 41
f0_4 f0_715 f1h_369 0.16 -0.16 -0.08 0 0 0 47 43
f0_4 f0_715 f1w_30 0.05 -0.05 0.57 0 0 0 47 48
f0_4 f0_715 f1w_40 -0.07 0.07 0.38 0 0 0 47 45
f0_4 f0_715 f1w_437 0.13 -0.13 0.22 0 0 0 47 53
f0_4 f0_715 f2_61 -0.1 0.1 0.27 0 0 0 47 42
f0_4 f0_736 f1h_434 -0.38 0.38 -0.05 0 0 0 45 46
f0_4 f0_736 f1w_437 0.03 -0.03 0.25 0 0 0 45 53
f0_4 f0_741 f1h_161 0.17 -0.17 -0.26 0 0 0 48 46
f0_4 f0_741 f1h_369 -0.14 0.14 0.66 0 0 0 48 43
f0_4 f0_741 f1w_30 -0.38 0.38 0.61 0 0 0 48 48
f0_4 f0_741 f1w_184 -0.34 0.34 0.36 0 0 0 48 48
f0_4 f0_901 f1w_23 -0.16 0.16 -0.3 0 0 0 51 45
f0_4 f0_901 f1w_40 0.01 -0.01 0.36 0 0 0 51 45
f0_4 f0_901 f1w_437 0.12 -0.12 0.42 0 0 0 51 53
f0_4 f0_901 f2_61 0.26 -0.26 0.41 0 0 0 51 42
f0_4 f1h_15 f1h_137 -0.36 0.36 -0.27 0 0 0 49 43
f0_4 f1h_15 f1h_369 0.2 -0.2 0.44 0 0 0 49 43
f0_4 f1h_15 f1h_434 -0.15 0.15 0.48 0 0 0 49 46
f0_4 f1h_15 f1w_30 0 0 0.51 0 0 0 49 48
f0_4 f1h_15 f1w_40 -0.15 0.15 0.37 0 0 0 49 45
f0_4 f1h_15 f1w_483 -0.06 0.06 0.57 0 0 0 49 53
f0_4 f1h_137 f1h_161 0.12 -0.12 0.61 0 0 0 43 46
f0_4 f1h_137 f1h_369 0.17 -0.17 -0.2 0 0 0 43 43
f0_4 f1h_137 f1h_434 -0.2 0.2 0.29 0 0 0 43 46
f0_4 f1h_137 f1w_89 0.17 -0.17 0.52 0 0 0 43 49
f0_4 f1h_137 f1w_174 -0.14 0.14 0.62 0 0 0 43 52
f0_4 f1h_137 f1w_184 0.01 -0.01 0.29 0 0 0 43 48
f0_4 f1h_137 f1w_328 -0.15 0.15 0.53 0 0 0 43 41
f0_4 f1h_137 f1w_437 -0.05 0.05 -0.03 0 0 0 43 53
f0_4 f1h_137 f1w_483 -0.35 0.35 0.48 0 0 0 43 53
f0_4 f1h_137 f2_61 -0.05 0.05 0.23 0 0 0 43 42
f0_4 f1h_161 f1h_340 -0.14 0.14 0.81 0 0 0 46 50
f0_4 f1h_161 f1h_369 -0.23 0.23 0.41 0 0 0 46 43
f0_4 f1h_161 f1w_40 -0.59 0.59 -0.35 0 0 0 46 45
f0_4 f1h_296 f1h_369 0.23 -0.23 0.59 0 0 0 48 43
f0_4 f1h_296 f1w_23 -0.02 0.02 0.85 0 0 0 48 45
f0_4 f1h_296 f1w_405 -0.09 0.09 0.24 0 0 0 48 47
f0_4 f1h_296 f1w_437 -0.3 0.3 -0.44 0 0 0 48 53
f0_4 f1h_340 f1h_369 0.09 -0.09 0.56 0 0 0 50 43
f0_4 f1h_340 f1h_434 -0.22 0.22 0.44 0 0 0 50 46
f0_4 f1h_340 f1w_40 -0.24 0.24 0.37 0 0 0 50 45
f0_4 f1h_340 f1w_328 0.04 -0.04 0.59 0 0 0 50 41
f0_4 f1h_340 f2_61 -0.1 0.1 0.37 0 0 0 50 42
f0_4 f1h_369 f1w_176 -0.26 0.26 0.18 0 0 0 43 50
f0_4 f1h_369 f1w_405 -0.41 0.41 0.42 0 0 0 43 47
f0_4 f1h_369 f1w_437 -0.09 0.09 0.37 0 0 0 43 53
f0_4 f1h_369 f1w_445 -0.43 0.43 0.46 0 0 0 43 41
f0_4 f1h_369 f2_61 -0.42 -0.39 -0.44 0 0 0 43 42
f0_4 f1h_370 f1w_30 0.18 -0.18 0.11 0 0 0 47 48
f0_4 f1h_370 f1w_40 0.03 -0.03 0.19 0 0 0 47 45
f0_4 f1h_370 f1w_89 0.37 -0.37 0.22 0 0 0 47 49
f0_4 f1h_370 f1w_174 0.07 -0.07 0.3 0 0 0 47 52
f0_4 f1h_370 f1w_176 0.1 -0.1 0.24 0 0 0 47 50
f0_4 f1h_370 f1w_184 0.32 -0.32 0.26 0 0 0 47 48
f0_4 f1h_370 f1w_483 0.06 -0.06 0.19 0 0 0 47 53
f0_4 f1h_434 f1w_437 0.17 -0.17 0.13 0 0 0 46 53
f0_4 f1w_23 f1w_84 0.04 -0.04 0.52 0 0 0 45 55
f0_4 f1w_23 f1w_89 0.43 -0.43 -0.22 0 0 0 45 49
f0_4 f1w_23 f1w_100 -0.21 0.21 0.23 0 0 0 45 50
f0_4 f1w_23 f1w_176 -0.12 0.12 0.25 0 0 0 45 50
f0_4 f1w_23 f1w_437 0.09 -0.09 -0.09 0 0 0 45 53
f0_4 f1w_30 f1w_176 -0.23 0.23 0.38 0 0 0 48 50
f0_4 f1w_30 f1w_405 -0.13 0.13 0.4 0 0 0 48 47
f0_4 f1w_30 f1w_437 0.12 -0.12 0.26 0 0 0 48 53
f0_4 f1w_30 f1w_445 0.01 -0.01 0.12 0 0 0 48 41
f0_4 f1w_40 f1w_84 0.16 -0.16 0.2 0 0 0 45 55
f0_4 f1w_40 f1w_89 0.13 -0.13 0.48 0 0 0 45 49
f0_4 f1w_40 f1w_176 -0.21 0.21 0.35 0 0 0 45 50
f0_4 f1w_40 f1w_184 0.36 -0.36 0.47 0 0 0 45 48
f0_4 f1w_40 f1w_328 0.16 -0.19 -0.5 0 0 0 45 41
f0_4 f1w_40 f1w_437 0.16 -0.16 0.15 0 0 0 45 53
f0_4 f1w_40 f1w_445 -0.2 0.2 0.31 0 0 0 45 41
f0_4 f1w_84 f1w_437 0.03 -0.03 0.41 0 0 0 55 53
f0_4 f1w_100 f2_61 -0.04 0.04 -0.01 0 0 0 50 42
f0_4 f1w_174 f1w_176 0.11 -0.11 0.28 0 0 0 52 50
f0_4 f1w_174 f1w_437 0.1 -0.1 0.31 0 0 0 52 53
f0_4 f1w_174 f1w_445 -0.06 0.06 0.3 0 0 0 52 41
f0_4 f1w_176 f1w_328 0.07 -0.07 0.26 0 0 0 50 41
f0_4 f1w_176 f1w_437 0.14 -0.14 0.21 0 0 0 50 53
f0_4 f1w_176 f2_61 0.19 -0.19 0.18 0 0 0 50 42
f0_4 f1w_184 f1w_185 -0.46 0.46 0.4 0 0 0 48 53
f0_4 f1w_184 f1w_405 -0.42 0.42 0.31 0 0 0 48 47
f0_4 f1w_184 f1w_437 -0.25 0.25 0.32 0 0 0 48 53
f0_4 f1w_185 f1w_437 0.15 -0.15 0.16 0 0 0 53 53
f0_4 f1w_185 f1w_445 -0.02 0.02 0.3 0 0 0 53 41
f0_4 f1w_328 f1w_437 0.06 -0.06 0.3 0 0 0 41 53
f0_4 f1w_328 f1w_445 0.14 -0.14 -0.03 0 0 0 41 41
f0_4 f1w_405 f1w_483 -0.17 0.17 -0.24 0 0 0 47 53
f0_4 f1w_437 f1w_483 -0.07 0.07 0.43 0 0 0 53 53
f0_4 f1w_445 f2_61 0.22 -0.22 0.13 0 0 0 41 42
f0_5 f0_3 f0_16 -0.1 0.1 0.65 0 0 0 42 39
f0_5 f0_3 f0_974 0.2 -0.2 0.68 0 0 0 42 45
f0_5 f0_3 f1h_69 -0.04 0.04 0.01 0 0 0 42 46
f0_5 f0_3 f1h_409 -0.25 0.25 0.28 0 0 0 42 43
f0_5 f0_3 f1w_463 -0.01 0.01 0.42 0 0 0 42 39
f0_5 f0_3 f2_363 0.1 -0.1 0.28 0 0 0 42 41
f0_5 f0_16 f0_29 -0.22 0.22 0.18 0 0 0 39 44
f0_5 f0_16 f0_46 0.3 -0.3 0.48 0 0 0 39 42
f0_5 f0_16 f0_154 -0.18 0.18 0.17 0 0 0 39 46
f0_5 f0_16 f0_176 -0.19 0.19 0.14 0 0 0 39 41
f0_5 f0_16 f0_183 -0.16 0.16 0.25 0 0 0 39 45
f0_5 f0_16 f0_253 0.02 -0.02 0.36 0 0 0 39 46
f0_5 f0_16 f0_552 -0.48 0.48 -0.27 0 0 0 39 42
f0_5 f0_16 f0_604 0.17 -0.17 0.4 0 0 0 39 44
f0_5 f0_16 f0_662 0.05 -0.05 0.32 0 0 0 39 42
f0_5 f0_16 f0_677 -0.21 0.21 0.34 0 0 0 39 43
f0_5 f0_16 f0_759 -0.15 0.15 -0.1 0 0 0 39 41
f0_5 f0_16 f0_788 0.02 -0.02 0.17 0 0 0 39 41
f0_5 f0_16 f0_930 -0.05 0.05 0.2 0 0 0 39 41
f0_5 f0_16 f0_989 0.25 -0.25 0.4 0 0 0 39 44
f0_5 f0_16 f1h_69 -0.12 0.12 0.03 0 0 0 39 46
f0_5 f0_16 f1h_127 -0.16 0.16 0.54 0 0 0 39 44
f0_5 f0_16 f1h_216 0.24 -0.24 0.5 0 0 0 39 40
f0_5 f0_16 f1h_309 -0.04 0.04 0.42 0 0 0 39 46
f0_5 f0_16 f1w_369 0.1 -0.1 0.67 0 0 0 39 42
f0_5 f0_16 f1w_463 -0.09 0.09 0.2 0 0 0 39 39
f0_5 f0_16 f2_11 0.1 -0.1 0.2 0 0 0 39 46
f0_5 f0_16 f2_363 0.05 -0.05 0.46 0 0 0 39 41
f0_5 f0_29 f0_182 0.04 -0.04 0.41 0 0 0 44 45
f0_5 f0_29 f0_183 -0.81 0.81 -0.38 0 0 0 44 45
f0_5 f0_29 f0_253 0.17 -0.17 0.42 0 0 0 44 46
f0_5 f0_29 f1h_14 0.03 -0.03 0.51 0 0 0 44 41
f0_5 f0_29 f1h_216 0.46 -0.46 0.3 0 0 0 44 40
f0_5 f0_29 f2_234 0.21 -0.21 0.23 0 0 0 44 41
f0_5 f0_46 f0_989 -0.2 0.2 0.41 0 0 0 42 44
f0_5 f0_46 f1h_216 -0.2 0.2 0.51 0 0 0 42 40
f0_5 f0_46 f1w_71 -0.23 0.23 0.49 0 0 0 42 41
f0_5 f0_46 f1w_291 -0.28 0.28 0.4 0 0 0 42 40
f0_5 f0_46 f2_327 -0.02 0.02 0.66 0 0 0 42 44
f0_5 f0_154 f0_253 0.09 -0.09 0.32 0 0 0 46 46
f0_5 f0_154 f0_989 0.38 -0.38 0.33 0 0 0 46 44
f0_5 f0_154 f1h_14 0.03 -0.03 0.28 0 0 0 46 41
f0_5 f0_154 f1h_69 0.65 -0.65 0.25 0 0 0 46 46
f0_5 f0_154 f1h_216 0.23 -0.23 0.44 0 0 0 46 40
f0_5 f0_154 f1w_489 -0.06 0.06 0.18 0 0 0 46 41
f0_5 f0_154 f2_234 0.16 -0.16 0.01 0 0 0 46 41
f0_5 f0_154 f2_276 0.04 -0.04 0.51 0 0 0 46 44
f0_5 f0_176 f0_183 0.4 -0.4 0.06 0 0 0 41 45
f0_5 f0_176 f0_552 0.38 -0.38 0.27 0 0 0 41 42
f0_5 f0_176 f0_604 0.41 -0.41 0.06 0 0 0 41 44
f0_5 f0_176 f0_740 0.3 -0.3 0.23 0 0 0 41 42
f0_5 f0_176 f0_743 0.24 -0.24 0.07 0 0 0 41 40
f0_5 f0_176 f0_759 0.28 -0.28 0.34 0 0 0 41 41
f0_5 f0_176 f1h_14 -0.01 0.01 0.44 0 0 0 41 41
f0_5 f0_176 f1h_43 0.34 -0.34 0.37 0 0 0 41 42
f0_5 f0_176 f1h_69 0.74 -0.74 0.11 0 0 0 41 46
f0_5 f0_176 f1h_309 0.19 -0.19 0.35 0 0 0 41 46
f0_5 f0_176 f1h_409 0.07 -0.07 0.14 0 0 0 41 43
f0_5 f0_176 f2_234 0.13 -0.13 0.19 0 0 0 41 41
f0_5 f0_176 f2_363 0.48 -0.48 0.41 0 0 0 41 41
f0_5 f0_176 f2_364 0.09 -0.09 0.17 0 0 0 41 42
f0_5 f0_182 f0_677 -0.1 0.1 0.37 0 0 0 45 43
f0_5 f0_182 f1w_369 0.2 -0.2 0.35 0 0 0 45 42
f0_5 f0_182 f2_234 0.12 -0.12 -0.2 0 0 0 45 41
f0_5 f0_182 f2_364 0.19 -0.19 0.08 0 0 0 45 42
f0_5 f0_183 f0_788 0.04 -0.13 0.07 0 0 0 45 41
f0_5 f0_183 f0_829 -0.47 0.47 0.12 0 0 0 45 41
f0_5 f0_183 f0_907 -0.28 0.08 0.24 0 0 0 45 44
f0_5 f0_183 f1h_14 -0.32 -0.09 0.1 0 0 0 45 41
f0_5 f0_183 f1h_48 -0.06 0.06 0.49 0 0 0 45 43
f0_5 f0_183 f1h_69 0.48 -0.48 0.04 0 0 0 45 46
f0_5 f0_183 f1w_291 -0.17 0.17 0.32 0 0 0 45 40
f0_5 f0_183 f1w_489 0.13 -0.13 0.14 0 0 0 45 41
f0_5 f0_183 f2_57 0.66 -0.66 0.06 0 0 0 45 41
f0_5 f0_183 f2_234 0.14 -0.14 -0.1 0 0 0 45 41
f0_5 f0_183 f2_327 0.02 -0.02 0.55 0 0 0 45 44
f0_5 f0_183 f2_364 0.26 -0.47 -0.12 0 0 0 45 42
f0_5 f0_253 f0_510 0.22 -0.22 0.32 0 0 0 46 46
f0_5 f0_253 f0_552 0.2 -0.2 0.26 0 0 0 46 42
f0_5 f0_253 f0_582 -0.31 0.31 -0.04 0 0 0 46 44
f0_5 f0_253 f0_662 0.03 -0.03 0.56 0 0 0 46 42
f0_5 f0_253 f0_740 -0.02 0.02 0.33 0 0 0 46 42
f0_5 f0_253 f0_759 0.33 -0.33 0.37 0 0 0 46 41
f0_5 f0_253 f0_907 -0.07 0.07 0.27 0 0 0 46 44
f0_5 f0_253 f1h_43 0.09 -0.09 0.21 0 0 0 46 42
f0_5 f0_253 f1h_192 -0.06 0.06 0.25 0 0 0 46 48
f0_5 f0_253 f1h_253 -0.19 0.19 0.21 0 0 0 46 46
f0_5 f0_253 f1h_309 -0.12 0.12 0.3 0 0 0 46 46
f0_5 f0_253 f1w_369 -0.18 0.18 0.06 0 0 0 46 42
f0_5 f0_253 f1w_463 0.04 -0.04 0.32 0 0 0 46 39
f0_5 f0_253 f2_11 0.15 -0.15 0.47 0 0 0 46 46
f0_5 f0_253 f2_234 -0.15 0.15 -0.01 0 0 0 46 41
f0_5 f0_253 f2_364 -0.09 0.09 0.09 0 0 0 46 42
f0_5 f0_510 f0_677 0.15 -0.15 0.96 0 0 0 46 43
f0_5 f0_510 f0_788 -0.21 0.21 0.64 0 0 0 46 41
f0_5 f0_510 f0_989 -0.09 0.09 0.43 0 0 0 46 44
f0_5 f0_510 f1h_69 0.24 -0.24 0.43 0 0 0 46 46
f0_5 f0_510 f1w_489 -0.28 0.28 -0.03 0 0 0 46 41
f0_5 f0_510 f2_234 -0.25 0.25 0.14 0 0 0 46 41
f0_5 f0_552 f0_677 -0.24 0.24 0.48 0 0 0 42 43
f0_5 f0_552 f0_788 0.21 -0.21 0.09 0 0 0 42 41
f0_5 f0_552 f0_930 -0.16 -0.1 0.06 0 0 0 42 41
f0_5 f0_552 f0_989 0.23 -0.23 0.34 0 0 0 42 44
f0_5 f0_552 f1h_48 0.52 -0.52 -0.17 0 0 0 42 43
f0_5 f0_552 f1h_69 0.36 -0.36 0.07 0 0 0 42 46
f0_5 f0_552 f1h_216 -0.03 0.03 0.5 0 0 0 42 40
f0_5 f0_552 f1w_71 0.02 -0.02 0.26 0 0 0 42 41
f0_5 f0_552 f1w_369 0.2 -0.22 -0.01 0 0 0 42 42
f0_5 f0_552 f1w_489 0.38 -0.38 -0.2 0 0 0 42 41
f0_5 f0_552 f2_234 -0.13 -0.21 0.05 0 0 0 42 41
f0_5 f0_552 f2_276 0.36 -0.36 -0.12 0 0 0 42 44
f0_5 f0_552 f2_364 0.03 -0.03 0.4 0 0 0 42 42
f0_5 f0_582 f0_907 0.15 -0.15 0.32 0 0 0 44 44
f0_5 f0_582 f1h_69 0.59 -0.59 0.28 0 0 0 44 46
f0_5 f0_604 f0_930 0.08 -0.22 -0.15 0 0 0 44 41
f0_5 f0_604 f1h_48 0.02 -0.02 0.23 0 0 0 44 43
f0_5 f0_604 f1h_69 0.55 -0.55 0.37 0 0 0 44 46
f0_5 f0_604 f1w_291 -0.24 0.24 0.58 0 0 0 44 40
f0_5 f0_604 f1w_489 -0.27 0.27 0.27 0 0 0 44 41
f0_5 f0_604 f2_327 0.11 -0.11 0.68 0 0 0 44 44
f0_5 f0_604 f2_364 0.16 -0.16 0.48 0 0 0 44 42
f0_5 f0_662 f0_989 0.2 -0.2 0.41 0 0 0 42 44
f0_5 f0_662 f1h_14 -0.07 0.07 0.13 0 0 0 42 41
f0_5 f0_662 f1h_69 0.5 -0.5 0.43 0 0 0 42 46
f0_5 f0_662 f1h_216 0.16 -0.16 0.69 0 0 0 42 40
f0_5 f0_662 f1w_489 0 0 0.35 0 0 0 42 41
f0_5 f0_662 f2_234 -0.14 0.14 0.21 0 0 0 42 41
f0_5 f0_662 f2_276 -0.03 0.03 0.7 0 0 0 42 44
f0_5 f0_677 f0_740 0.26 -0.26 0.33 0 0 0 43 42
f0_5 f0_677 f0_743 -0.44 0.44 0.51 0 0 0 43 40
f0_5 f0_677 f0_759 0.35 -0.35 0.41 0 0 0 43 41
f0_5 f0_677 f0_829 -0.17 0.17 0.28 0 0 0 43 41
f0_5 f0_677 f0_907 0.53 -0.53 -0.23 0 0 0 43 44
f0_5 f0_677 f0_930 -0.01 0.01 0.17 0 0 0 43 41
f0_5 f0_677 f1h_14 0.05 -0.05 0.26 0 0 0 43 41
f0_5 f0_677 f1h_43 0.39 -0.39 0.12 0 0 0 43 42
f0_5 f0_677 f1h_48 0.2 -0.2 0.4 0 0 0 43 43
f0_5 f0_677 f1h_127 0.44 -0.44 -0.16 0 0 0 43 44
f0_5 f0_677 f1h_499 0.31 -0.31 0.47 0 0 0 43 47
f0_5 f0_677 f1w_463 0.31 -0.31 0.2 0 0 0 43 39
f0_5 f0_677 f2_11 0.46 -0.46 0.31 0 0 0 43 46
f0_5 f0_677 f2_57 0.4 -0.4 0.06 0 0 0 43 41
f0_5 f0_677 f2_234 0.11 -0.11 0.32 0 0 0 43 41
f0_5 f0_677 f2_327 0.33 -0.33 -0.04 0 0 0 43 44
f0_5 f0_677 f2_364 0.46 -0.46 -0.17 0 0 0 43 42
f0_5 f0_740 f0_788 -0.02 0.02 0.44 0 0 0 42 41
f0_5 f0_740 f0_989 0.23 -0.23 0.33 0 0 0 42 44
f0_5 f0_740 f1h_69 0.61 -0.61 0.23 0 0 0 42 46
f0_5 f0_740 f1h_216 0.16 -0.16 0.55 0 0 0 42 40
f0_5 f0_740 f1w_71 -0.12 0.12 0.3 0 0 0 42 41
f0_5 f0_740 f1w_489 -0.19 0.19 0.23 0 0 0 42 41
f0_5 f0_740 f2_234 -0.01 0.01 0.27 0 0 0 42 41
f0_5 f0_740 f2_276 -0.02 0.02 0.54 0 0 0 42 44
f0_5 f0_743 f0_788 0.31 -0.31 -0.17 0 0 0 40 41
f0_5 f0_743 f0_907 -0.12 0.12 0.3 0 0 0 40 44
f0_5 f0_743 f0_989 0.32 -0.32 0.31 0 0 0 40 44
f0_5 f0_743 f1h_216 0.46 -0.46 0.01 0 0 0 40 40
f0_5 f0_743 f1w_71 0.01 -0.01 0.26 0 0 0 40 41
f0_5 f0_743 f2_276 0.02 -0.02 0.33 0 0 0 40 44
f0_5 f0_743 f2_327 0.26 -0.26 0.2 0 0 0 40 44
f0_5 f0_759 f0_788 -0.17 0.17 0.1 0 0 0 41 41
f0_5 f0_759 f0_829 0.41 -0.41 -0.23 0 0 0 41 41
f0_5 f0_759 f0_930 -0.34 0.3 0.38 0 0 0 41 41
f0_5 f0_759 f0_989 0.19 -0.19 0.34 0 0 0 41 44
f0_5 f0_759 f1h_48 0.45 -0.45 -0.03 0 0 0 41 43
f0_5 f0_759 f1h_69 0.4 -0.4 0.3 0 0 0 41 46
f0_5 f0_759 f1h_216 -0.18 0.18 0.68 0 0 0 41 40
f0_5 f0_759 f1w_71 0.52 -0.52 -0.32 0 0 0 41 41
f0_5 f0_759 f1w_369 0 -0.29 -0.2 0 0 0 41 42
f0_5 f0_759 f1w_489 -0.51 0.51 0.27 0 0 0 41 41
f0_5 f0_759 f2_276 -0.28 0.24 0.26 0 0 0 41 44
f0_5 f0_759 f2_364 0.43 -0.43 0.06 0 0 0 41 42
f0_5 f0_778 f0_974 0.23 -0.23 0.91 0 0 0 43 45
f0_5 f0_778 f1h_127 -0.44 0.44 -0.23 0 0 0 43 44
f0_5 f0_778 f1h_409 -0.2 0.2 0.58 0 0 0 43 43
f0_5 f0_778 f1w_463 0.27 -0.27 0.46 0 0 0 43 39
f0_5 f0_778 f2_363 0.27 -0.27 0.56 0 0 0 43 41
f0_5 f0_778 f2_364 0.07 -0.07 0.64 0 0 0 43 42
f0_5 f0_788 f0_907 -0.04 0.04 0.14 0 0 0 41 44
f0_5 f0_788 f1h_14 -0.16 0.16 -0.29 0 0 0 41 41
f0_5 f0_788 f1h_43 0.01 -0.01 0.31 0 0 0 41 42
f0_5 f0_788 f1h_127 -0.15 0.15 0.2 0 0 0 41 44
f0_5 f0_788 f1h_192 -0.1 0.1 0.37 0 0 0 41 48
f0_5 f0_788 f1h_309 -0.08 0.08 0.42 0 0 0 41 46
f0_5 f0_788 f1w_71 -0.19 0.19 0.24 0 0 0 41 41
f0_5 f0_788 f1w_369 0.03 -0.03 0.44 0 0 0 41 42
f0_5 f0_788 f1w_463 -0.31 0.31 -0.2 0 0 0 41 39
f0_5 f0_788 f2_11 -0.02 0.02 0.42 0 0 0 41 46
f0_5 f0_788 f2_234 -0.05 0.05 -0.08 0 0 0 41 41
f0_5 f0_788 f2_364 0.2 -0.2 0.42 0 0 0 41 42
f0_5 f0_829 f0_907 -0.12 0.12 -0.04 0 0 0 41 44
f0_5 f0_829 f0_974 0.25 -0.25 0.18 0 0 0 41 45
f0_5 f0_829 f1h_69 0.09 -0.09 0 0 0 0 41 46
f0_5 f0_829 f1h_253 0.27 -0.27 0.34 0 0 0 41 46
f0_5 f0_829 f1w_71 0.08 -0.08 0.46 0 0 0 41 41
f0_5 f0_829 f1w_463 0.06 -0.06 0.17 0 0 0 41 39
f0_5 f0_829 f2_234 0.07 -0.07 0.19 0 0 0 41 41
f0_5 f0_829 f2_363 0.45 -0.45 0.22 0 0 0 41 41
f0_5 f0_876 f1h_14 -0.11 0.11 0.63 0 0 0 39 41
f0_5 f0_876 f1h_69 0.14 -0.14 0.28 0 0 0 39 46
f0_5 f0_876 f2_234 0.02 -0.02 0.48 0 0 0 39 41
f0_5 f0_907 f0_930 0.1 -0.1 0.31 0 0 0 44 41
f0_5 f0_907 f0_974 0.25 -0.25 0.35 0 0 0 44 45
f0_5 f0_907 f0_989 0.09 -0.09 0.16 0 0 0 44 44
f0_5 f0_907 f1h_48 0.32 -0.32 0.19 0 0 0 44 43
f0_5 f0_907 f1h_69 0.57 -0.57 0.19 0 0 0 44 46
f0_5 f0_907 f1h_253 0.08 -0.08 0.1 0 0 0 44 46
f0_5 f0_907 f1h_409 -0.17 0.17 0.22 0 0 0 44 43
f0_5 f0_907 f1w_71 -0.08 0.08 0.3 0 0 0 44 41
f0_5 f0_907 f1w_369 0.26 -0.26 0.13 0 0 0 44 42
f0_5 f0_907 f1w_489 -0.01 0.01 0.08 0 0 0 44 41
f0_5 f0_907 f2_276 0.18 -0.18 -0.26 0 0 0 44 44
f0_5 f0_907 f2_363 0.37 -0.37 0.18 0 0 0 44 41
f0_5 f0_907 f2_364 0.41 -0.41 0.43 0 0 0 44 42
f0_5 f0_930 f1h_43 0.11 -0.11 0.38 0 0 0 41 42
f0_5 f0_930 f1h_253 0.04 -0.04 0.18 0 0 0 41 46
f0_5 f0_930 f1w_71 -0.18 0.18 0 0 0 0 41 41
f0_5 f0_930 f1w_463 0.07 -0.07 0.38 0 0 0 41 39
f0_5 f0_930 f2_11 0.16 -0.16 0.58 0 0 0 41 46
f0_5 f0_930 f2_234 -0.04 0.04 0.3 0 0 0 41 41
f0_5 f0_930 f2_363 0.26 -0.26 0.02 0 0 0 41 41
f0_5 f0_974 f0_989 0.03 -0.03 0.72 0 0 0 45 44
f0_5 f0_974 f1h_69 0.15 -0.15 0.28 0 0 0 45 46
f0_5 f0_974 f1h_216 -0.1 0.1 0.88 0 0 0 45 40
f0_5 f0_974 f1w_369 -0.16 0.16 0.64 0 0 0 45 42
f0_5 f0_974 f1w_489 -0.41 0.41 0.53 0 0 0 45 41
f0_5 f0_974 f2_234 -0.19 0.19 0.26 0 0 0 45 41
f0_5 f0_974 f2_276 -0.15 0.15 0.51 0 0 0 45 44
f0_5 f0_974 f2_364 -0.06 0.06 -0.48 0 0 0 45 42
f0_5 f0_989 f1h_14 -0.27 0.27 0.23 0 0 0 44 41
f0_5 f0_989 f1h_69 0.41 -0.41 0.59 0 0 0 44 46
f0_5 f0_989 f1h_127 0.08 -0.08 -0.11 0 0 0 44 44
f0_5 f0_989 f1h_192 -0.43 0.43 0.24 0 0 0 44 48
f0_5 f0_989 f1w_463 -0.17 -0.14 -0.16 0 0 0 44 39
f0_5 f0_989 f2_11 -0.12 0.12 0.52 0 0 0 44 46
f0_5 f0_989 f2_234 -0.27 0.27 0.42 0 0 0 44 41
f0_5 f0_989 f2_363 0.12 -0.12 0.16 0 0 0 44 41
f0_5 f0_989 f2_364 -0.04 0.04 0.63 0 0 0 44 42
f0_5 f1h_14 f1h_192 0 0 0.32 0 0 0 41 48
f0_5 f1h_14 f1h_216 0.36 -0.36 0.17 0 0 0 41 40
f0_5 f1h_14 f1w_291 0.16 -0.16 0.12 0 0 0 41 40
f0_5 f1h_14 f1w_369 0.14 -0.14 0.38 0 0 0 41 42
f0_5 f1h_14 f1w_463 0.02 -0.02 0.25 0 0 0 41 39
f0_5 f1h_14 f2_276 0.11 -0.11 0.52 0 0 0 41 44
f0_5 f1h_43 f1h_48 0.16 -0.16 0.35 0 0 0 42 43
f0_5 f1h_43 f1w_71 -0.17 0.17 0.26 0 0 0 42 41
f0_5 f1h_43 f1w_369 0.04 -0.04 0.41 0 0 0 42 42
f0_5 f1h_43 f1w_489 -0.26 0.26 0.42 0 0 0 42 41
f0_5 f1h_43 f2_234 -0.01 0.01 0.29 0 0 0 42 41
f0_5 f1h_43 f2_364 0 0 0.23 0 0 0 42 42
f0_5 f1h_48 f1h_69 0.53 -0.53 0.33 0 0 0 43 46
f0_5 f1h_48 f1w_463 -0.13 0.13 0.46 0 0 0 43 39
f0_5 f1h_48 f2_11 -0.02 0.02 0.6 0 0 0 43 46
f0_5 f1h_69 f1h_127 -0.65 0.61 0 0 0 0 46 44
f0_5 f1h_69 f1h_216 0.3 -0.3 -0.36 0 0 0 46 40
f0_5 f1h_69 f1h_253 -0.68 0.48 0.25 0 0 0 46 46
f0_5 f1h_69 f1h_309 -0.49 0.49 0.13 0 0 0 46 46
f0_5 f1h_69 f1w_71 -0.71 0.71 0.16 0 0 0 46 41
f0_5 f1h_69 f1w_291 -0.06 0.06 0.34 0 0 0 46 40
f0_5 f1h_69 f1w_369 -0.15 0.15 -0.18 0 0 0 46 42
f0_5 f1h_69 f1w_463 -0.47 0.47 0.37 0 0 0 46 39
f0_5 f1h_69 f1w_489 -0.06 0.06 -0.03 0 0 0 46 41
f0_5 f1h_69 f2_11 -0.43 0.43 0.54 0 0 0 46 46
f0_5 f1h_69 f2_57 0.1 -0.1 0.45 0 0 0 46 41
f0_5 f1h_69 f2_226 -0.6 0.6 0.41 0 0 0 46 40
f0_5 f1h_69 f2_234 -0.53 0.53 0.27 0 0 0 46 41
f0_5 f1h_69 f2_327 -0.14 0.14 0 0 0 0 46 44
f0_5 f1h_127 f1w_291 0.19 -0.19 0.28 0 0 0 44 40
f0_5 f1h_127 f2_276 0.27 -0.27 -0.09 0 0 0 44 44
f0_5 f1h_127 f2_327 0.46 -0.46 0.23 0 0 0 44 44
f0_5 f1h_192 f1h_216 0.24 -0.24 0.48 0 0 0 48 40
f0_5 f1h_192 f2_234 0.13 -0.13 0.33 0 0 0 48 41
f0_5 f1h_216 f1h_409 -0.26 0.26 0.54 0 0 0 40 43
f0_5 f1h_216 f1w_463 -0.27 0.27 -0.02 0 0 0 40 39
f0_5 f1h_216 f2_234 -0.27 0.27 0.35 0 0 0 40 41
f0_5 f1h_216 f2_363 0.17 -0.17 0.64 0 0 0 40 41
f0_5 f1h_216 f2_364 -0.05 0.05 0.57 0 0 0 40 42
f0_5 f1h_253 f2_327 0.29 -0.29 0.63 0 0 0 46 44
f0_5 f1h_253 f2_364 -0.15 0.15 -0.26 0 0 0 46 42
f0_5 f1h_309 f1w_489 -0.11 0.11 0.31 0 0 0 46 41
f0_5 f1h_309 f2_234 0.05 -0.05 0.3 0 0 0 46 41
f0_5 f1h_409 f1w_369 0.24 -0.24 0.44 0 0 0 43 42
f0_5 f1h_409 f1w_489 -0.03 0.03 0.5 0 0 0 43 41
f0_5 f1h_409 f2_234 0.21 -0.21 0.12 0 0 0 43 41
f0_5 f1h_409 f2_276 0.25 -0.25 0.18 0 0 0 43 44
f0_5 f1h_499 f1w_71 -0.07 0.07 0.7 0 0 0 47 41
f0_5 f1h_499 f2_364 0.23 -0.23 0.56 0 0 0 47 42
f0_5 f1w_71 f1w_291 0.09 -0.09 0.61 0 0 0 41 40
f0_5 f1w_71 f1w_489 -0.06 0.06 0.55 0 0 0 41 41
f0_5 f1w_71 f2_226 0.11 -0.11 0.69 0 0 0 41 40
f0_5 f1w_71 f2_234 0.22 -0.22 -0.13 0 0 0 41 41
f0_5 f1w_291 f1w_369 0.09 -0.09 0.38 0 0 0 40 42
f0_5 f1w_291 f1w_463 0.21 -0.21 0.36 0 0 0 40 39
f0_5 f1w_291 f2_234 -0.07 0.07 0.15 0 0 0 40 41
f0_5 f1w_291 f2_364 0.01 -0.01 0.49 0 0 0 40 42
f0_5 f1w_369 f1w_463 0 0 0.33 0 0 0 42 39
f0_5 f1w_369 f2_11 0.05 -0.05 0.31 0 0 0 42 46
f0_5 f1w_369 f2_226 -0.16 0.16 0.43 0 0 0 42 40
f0_5 f1w_369 f2_234 0.18 -0.18 0.23 0 0 0 42 41
f0_5 f1w_369 f2_327 0.13 -0.13 0.43 0 0 0 42 44
f0_5 f1w_369 f2_363 0.22 -0.22 0.31 0 0 0 42 41
f0_5 f1w_463 f1w_489 0.03 -0.03 -0.01 0 0 0 39 41
f0_5 f1w_463 f2_57 0.35 -0.35 0.2 0 0 0 39 41
f0_5 f1w_463 f2_234 0.05 -0.05 0.17 0 0 0 39 41
f0_5 f1w_463 f2_327 0.09 -0.09 0.16 0 0 0 39 44
f0_5 f1w_463 f2_364 0.21 -0.21 0.42 0 0 0 39 42
f0_5 f1w_489 f2_11 0.32 -0.32 0.3 0 0 0 41 46
f0_5 f1w_489 f2_363 0.38 -0.38 0.51 0 0 0 41 41
f0_5 f1w_489 f2_364 0.29 -0.29 0.3 0 0 0 41 42
f0_5 f2_57 f2_364 -0.25 0.25 0.87 0 0 0 41 42
f0_5 f2_226 f2_364 0.22 -0.22 0.75 0 0 0 40 42
f0_5 f2_234 f2_276 0.02 -0.02 0.53 0 0 0 41 44
f0_5 f2_234 f2_327 0.21 -0.21 0.43 0 0 0 41 44
f0_5 f2_234 f2_363 0.18 -0.18 0.35 0 0 0 41 41
f0_5 f2_234 f2_364 0.09 -0.09 0.33 0 0 0 41 42
f0_5 f2_363 f2_364 -0.07 0.07 0.06 0 0 0 41 42
f0_6 f0_15 f0_157 0.24 -0.24 0.45 0 0 0 43 43
f0_6 f0_15 f0_203 0.24 -0.24 0.2 0 0 0 43 49
f0_6 f0_15 f0_210 -0.39 0.39 0 0 0 0 43 44
f0_6 f0_15 f0_255 0.15 -0.15 0.2 0 0 0 43 45
f0_6 f0_15 f0_259 0.33 -0.33 0.19 0 0 0 43 40
f0_6 f0_15 f0_385 0.16 -0.16 0.25 0 0 0 43 43
f0_6 f0_15 f0_520 -0.04 0.04 0.23 0 0 0 43 50
f0_6 f0_15 f0_596 0.45 -0.45 0.15 0 0 0 43 46
f0_6 f0_15 f0_630 -0.08 0.08 0.22 0 0 0 43 52
f0_6 f0_15 f0_756 0.34 -0.34 0.37 0 0 0 43 50
f0_6 f0_15 f0_829 0.1 -0.1 0.23 0 0 0 43 48
f0_6 f0_15 f1h_118 -0.04 0.04 0.26 0 0 0 43 44
f0_6 f0_15 f1h_123 0.06 -0.06 0.32 0 0 0 43 48
f0_6 f0_15 f1h_304 0.21 -0.21 0.49 0 0 0 43 45
f0_6 f0_15 f1h_361 -0.05 0.05 0.26 0 0 0 43 52
f0_6 f0_15 f1h_459 0.59 -0.59 0.2 0 0 0 43 49
f0_6 f0_15 f1h_486 -0.1 0.1 0.25 0 0 0 43 50
f0_6 f0_15 f1h_487 0.08 -0.08 0.18 0 0 0 43 46
f0_6 f0_15 f1h_489 0.1 -0.1 0.32 0 0 0 43 49
f0_6 f0_15 f1h_492 -0.12 0.12 0.2 0 0 0 43 51
f0_6 f0_15 f1w_23 0.34 -0.34 0.32 0 0 0 43 48
f0_6 f0_15 f1w_89 0.13 -0.13 0.35 0 0 0 43 51
f0_6 f0_15 f1w_151 0.35 -0.35 0.26 0 0 0 43 45
f0_6 f0_15 f1w_280 0.16 -0.16 0.3 0 0 0 43 46
f0_6 f0_15 f1w_444 0.25 -0.25 0.05 0 0 0 43 49
f0_6 f0_29 f0_143 0.4 -0.4 0.35 0 0 0 45 50
f0_6 f0_29 f0_255 0.07 -0.07 0.3 0 0 0 45 45
f0_6 f0_29 f0_457 0.18 -0.18 0.31 0 0 0 45 47
f0_6 f0_29 f0_596 0.28 -0.28 0.29 0 0 0 45 46
f0_6 f0_29 f0_756 0.26 -0.26 0.34 0 0 0 45 50
f0_6 f0_29 f1h_459 0.26 -0.26 0.67 0 0 0 45 49
f0_6 f0_29 f1w_151 0.35 -0.35 0.29 0 0 0 45 45
f0_6 f0_29 f1w_280 0.29 -0.29 0.23 0 0 0 45 46
f0_6 f0_78 f0_84 -0.3 0.3 0.3 0 0 0 52 47
f0_6 f0_78 f0_143 0.41 -0.41 0.46 0 0 0 52 50
f0_6 f0_78 f0_280 -0.19 0.19 0.33 0 0 0 52 51
f0_6 f0_78 f0_457 0.08 -0.08 0.21 0 0 0 52 47
f0_6 f0_78 f0_596 0.45 -0.45 0.09 0 0 0 52 46
f0_6 f0_78 f0_756 0.35 -0.35 0.37 0 0 0 52 50
f0_6 f0_78 f0_816 -0.13 0.13 0.37 0 0 0 52 45
f0_6 f0_78 f1h_459 0.48 -0.48 0.14 0 0 0 52 49
f0_6 f0_78 f1h_487 0.09 -0.09 0.38 0 0 0 52 46
f0_6 f0_78 f1h_489 0.06 -0.06 0.59 0 0 0 52 49
f0_6 f0_78 f1w_151 0.2 -0.2 0.45 0 0 0 52 45
f0_6 f0_84 f0_143 0.49 -0.49 0 0 0 0 47 50
f0_6 f0_84 f0_255 0.33 -0.33 0.2 0 0 0 47 45
f0_6 f0_84 f0_259 0.26 -0.26 0.49 0 0 0 47 40
f0_6 f0_84 f0_374 -0.05 0.05 0.51 0 0 0 47 47
f0_6 f0_84 f0_558 -0.07 0.07 0.4 0 0 0 47 46
f0_6 f0_84 f0_630 0.09 -0.09 0.3 0 0 0 47 52
f0_6 f0_84 f0_756 0.11 -0.11 0.37 0 0 0 47 50
f0_6 f0_84 f0_829 0.28 -0.28 0.51 0 0 0 47 48
f0_6 f0_84 f1h_291 -0.13 0.13 0.54 0 0 0 47 49
f0_6 f0_84 f1h_304 -0.06 0.06 -0.02 0 0 0 47 45
f0_6 f0_84 f1h_361 0.16 -0.16 0.41 0 0 0 47 52
f0_6 f0_84 f1h_486 0.09 -0.09 0.66 0 0 0 47 50
f0_6 f0_84 f1w_23 0.51 -0.51 0.25 0 0 0 47 48
f0_6 f0_84 f1w_280 0.26 -0.26 0.19 0 0 0 47 46
f0_6 f0_84 f1w_291 -0.18 0.18 0.34 0 0 0 47 48
f0_6 f0_84 f2_21 0.09 -0.09 0.28 0 0 0 47 46
f0_6 f0_115 f0_143 -0.13 0.13 0.39 0 0 0 49 50
f0_6 f0_115 f0_280 -0.13 0.13 0.33 0 0 0 49 51
f0_6 f0_115 f0_385 -0.33 0.33 0.44 0 0 0 49 43
f0_6 f0_115 f0_630 -0.13 0.13 0.31 0 0 0 49 52
f0_6 f0_115 f0_756 0.52 -0.52 0.17 0 0 0 49 50
f0_6 f0_115 f0_867 0.13 -0.13 0.31 0 0 0 49 51
f0_6 f0_115 f0_927 0.15 -0.15 0.67 0 0 0 49 48
f0_6 f0_115 f1h_123 -0.31 0.31 0.44 0 0 0 49 48
f0_6 f0_115 f1h_258 0.62 -0.62 0.5 0 0 0 49 47
f0_6 f0_115 f1h_486 0.09 -0.09 0 0 0 0 49 50
f0_6 f0_115 f1h_489 -0.2 0.2 0.31 0 0 0 49 49
f0_6 f0_115 f1w_23 0.25 -0.25 0.2 0 0 0 49 48
f0_6 f0_115 f1w_151 0.58 -0.58 -0.1 0 0 0 49 45
f0_6 f0_115 f1w_444 0.34 -0.34 0.57 0 0 0 49 49
f0_6 f0_143 f0_157 -0.2 0.2 0.24 0 0 0 50 43
f0_6 f0_143 f0_181 -0.04 0.04 0.37 0 0 0 50 50
f0_6 f0_143 f0_203 0.24 -0.24 0.53 0 0 0 50 49
f0_6 f0_143 f0_210 -0.17 0.17 0.23 0 0 0 50 44
f0_6 f0_143 f0_238 -0.24 0.24 0.44 0 0 0 50 50
f0_6 f0_143 f0_259 0.45 -0.45 0.1 0 0 0 50 40
f0_6 f0_143 f0_374 -0.21 0.21 0.17 0 0 0 50 47
f0_6 f0_143 f0_385 -0.45 0.31 0.34 0 0 0 50 43
f0_6 f0_143 f0_457 0.11 -0.11 0.74 0 0 0 50 47
f0_6 f0_143 f0_558 -0.66 0.66 -0.49 0 0 0 50 46
f0_6 f0_143 f0_596 0.13 -0.13 0.65 0 0 0 50 46
f0_6 f0_143 f0_816 -0.51 0.27 0.2 0 0 0 50 45
f0_6 f0_143 f0_829 -0.09 0.09 0.29 0 0 0 50 48
f0_6 f0_143 f0_927 0.09 -0.09 0.58 0 0 0 50 48
f0_6 f0_143 f1h_118 -0.25 0.25 0.21 0 0 0 50 44
f0_6 f0_143 f1h_258 0.27 -0.27 0.68 0 0 0 50 47
f0_6 f0_143 f1h_291 -0.33 0.33 -0.18 0 0 0 50 49
f0_6 f0_143 f1h_361 -0.54 0.54 0.31 0 0 0 50 52
f0_6 f0_143 f1h_459 0.35 -0.35 0.8 0 0 0 50 49
f0_6 f0_143 f1h_492 -0.13 0.13 0.27 0 0 0 50 51
f0_6 f0_143 f1w_130 -0.08 0.08 0.56 0 0 0 50 48
f0_6 f0_143 f1w_151 0.57 -0.57 0.13 0 0 0 50 45
f0_6 f0_143 f1w_155 -0.54 0.54 0.34 0 0 0 50 49
f0_6 f0_143 f1w_291 -0.4 0.4 0 0 0 0 50 48
f0_6 f0_143 f1w_444 -0.17 0.17 0.58 0 0 0 50 49
f0_6 f0_143 f2_21 -0.09 0.09 0.29 0 0 0 50 46
f0_6 f0_143 f2_25 0.16 -0.16 0.17 0 0 0 50 47
f0_6 f0_157 f0_691 -0.18 0.18 0.66 0 0 0 43 46
f0_6 f0_157 f0_867 0.37 -0.37 0.43 0 0 0 43 51
f0_6 f0_157 f1h_123 0.14 -0.14 0.26 0 0 0 43 48
f0_6 f0_157 f1h_489 -0.3 0.3 0.5 0 0 0 43 49
f0_6 f0_157 f1w_291 -0.38 0.38 0.34 0 0 0 43 48
f0_6 f0_157 f2_21 0.41 -0.41 0.21 0 0 0 43 46
f0_6 f0_181 f0_596 0.2 -0.2 0.66 0 0 0 50 46
f0_6 f0_181 f0_630 -0.36 0.36 0.29 0 0 0 50 52
f0_6 f0_181 f0_756 0.07 -0.07 0.67 0 0 0 50 50
f0_6 f0_181 f1h_118 -0.29 0.29 0.46 0 0 0 50 44
f0_6 f0_181 f1h_361 -0.28 0.28 0.22 0 0 0 50 52
f0_6 f0_181 f1h_459 0.35 -0.35 0.53 0 0 0 50 49
f0_6 f0_181 f1h_487 -0.07 0.07 0.59 0 0 0 50 46
f0_6 f0_181 f1h_489 -0.1 0.1 0.43 0 0 0 50 49
f0_6 f0_181 f1w_23 -0.04 0.04 -0.08 0 0 0 50 48
f0_6 f0_181 f1w_151 0.01 -0.01 0.67 0 0 0 50 45
f0_6 f0_203 f0_756 -0.06 0.06 0.48 0 0 0 49 50
f0_6 f0_203 f0_867 0.02 -0.02 0.79 0 0 0 49 51
f0_6 f0_203 f1h_291 -0.28 0.28 0.42 0 0 0 49 49
f0_6 f0_203 f1w_151 0.14 -0.14 0.79 0 0 0 49 45
f0_6 f0_203 f1w_291 -0.05 0.05 0.1 0 0 0 49 48
f0_6 f0_203 f2_21 -0.13 0.13 0.34 0 0 0 49 46
f0_6 f0_210 f0_457 -0.07 0.07 0.01 0 0 0 44 47
f0_6 f0_210 f0_558 0.58 -0.58 -0.18 0 0 0 44 46
f0_6 f0_210 f0_596 0.76 -0.76 0.1 0 0 0 44 46
f0_6 f0_210 f0_630 0.26 -0.26 -0.02 0 0 0 44 52
f0_6 f0_210 f0_756 0.77 -0.77 -0.11 0 0 0 44 50
f0_6 f0_210 f1h_258 0.6 -0.6 0.03 0 0 0 44 47
f0_6 f0_210 f1h_459 0.81 -0.81 0.08 0 0 0 44 49
f0_6 f0_210 f1w_151 0.22 -0.22 0.73 0 0 0 44 45
f0_6 f0_210 f2_21 0.01 -0.01 0.59 0 0 0 44 46
f0_6 f0_238 f0_255 0.11 -0.11 0.15 0 0 0 50 45
f0_6 f0_238 f0_280 -0.33 0.33 0.27 0 0 0 50 51
f0_6 f0_238 f0_630 -0.31 0.31 0.44 0 0 0 50 52
f0_6 f0_238 f0_756 0.08 -0.08 0.53 0 0 0 50 50
f0_6 f0_238 f0_829 -0.25 0.25 0.68 0 0 0 50 48
f0_6 f0_238 f1h_118 -0.27 0.27 0.66 0 0 0 50 44
f0_6 f0_238 f1h_258 0.37 -0.37 0.42 0 0 0 50 47
f0_6 f0_238 f1h_361 -0.23 0.23 0.34 0 0 0 50 52
f0_6 f0_238 f1h_489 -0.19 0.19 0.33 0 0 0 50 49
f0_6 f0_238 f1w_23 0.02 -0.02 0.61 0 0 0 50 48
f0_6 f0_238 f1w_280 -0.06 0.06 0.45 0 0 0 50 46
f0_6 f0_244 f0_374 -0.17 0.17 0.51 0 0 0 53 47
f0_6 f0_244 f1w_151 0.19 -0.19 0.29 0 0 0 53 45
f0_6 f0_244 f1w_291 -0.26 0.26 0.3 0 0 0 53 48
f0_6 f0_244 f2_21 -0.02 0.02 0.22 0 0 0 53 46
f0_6 f0_255 f0_457 0.25 -0.25 0.47 0 0 0 45 47
f0_6 f0_255 f0_558 -0.23 0.23 0.14 0 0 0 45 46
f0_6 f0_255 f0_596 0.19 -0.19 0.54 0 0 0 45 46
f0_6 f0_255 f0_816 -0.2 0.2 0.35 0 0 0 45 45
f0_6 f0_255 f0_818 -0.28 0.28 0.26 0 0 0 45 47
f0_6 f0_255 f1h_258 0.25 -0.25 0.36 0 0 0 45 47
f0_6 f0_255 f1h_291 -0.14 0.14 0.33 0 0 0 45 49
f0_6 f0_255 f1h_459 0.66 -0.66 0.33 0 0 0 45 49
f0_6 f0_255 f1w_130 -0.15 0.15 0.41 0 0 0 45 48
f0_6 f0_255 f1w_151 0.28 -0.28 0.62 0 0 0 45 45
f0_6 f0_255 f1w_291 -0.26 0.26 0.28 0 0 0 45 48
f0_6 f0_255 f1w_444 0.08 -0.08 0.63 0 0 0 45 49
f0_6 f0_255 f2_21 -0.01 0.01 0.48 0 0 0 45 46
f0_6 f0_255 f2_25 -0.04 0.04 0.45 0 0 0 45 47
f0_6 f0_259 f0_280 -0.57 0.57 0.04 0 0 0 40 51
f0_6 f0_259 f0_457 0.26 -0.26 0.68 0 0 0 40 47
f0_6 f0_259 f0_596 0.24 -0.24 0.67 0 0 0 40 46
f0_6 f0_259 f0_756 -0.16 0.16 0.12 0 0 0 40 50
f0_6 f0_259 f0_816 -0.11 0.11 0.38 0 0 0 40 45
f0_6 f0_259 f1h_459 0.38 -0.38 0.71 0 0 0 40 49
f0_6 f0_259 f1h_487 -0.05 0.05 0.51 0 0 0 40 46
f0_6 f0_259 f1w_151 0.07 -0.07 0.83 0 0 0 40 45
f0_6 f0_259 f2_21 -0.22 0.22 -0.16 0 0 0 40 46
f0_6 f0_280 f0_558 0.04 -0.04 0.66 0 0 0 51 46
f0_6 f0_280 f0_596 0.52 -0.52 0.28 0 0 0 51 46
f0_6 f0_280 f0_630 0.07 -0.07 0.28 0 0 0 51 52
f0_6 f0_280 f0_756 0.39 -0.39 0.3 0 0 0 51 50
f0_6 f0_280 f1h_291 0.11 -0.11 0.2 0 0 0 51 49
f0_6 f0_280 f1h_361 0.09 -0.09 0.32 0 0 0 51 52
f0_6 f0_280 f1h_459 0.29 -0.29 0.24 0 0 0 51 49
f0_6 f0_280 f1w_89 0.13 -0.13 0.56 0 0 0 51 51
f0_6 f0_280 f1w_151 0.27 -0.27 0.02 0 0 0 51 45
f0_6 f0_280 f2_21 0.32 -0.32 0.24 0 0 0 51 46
f0_6 f0_374 f0_457 0.63 -0.63 0.41 0 0 0 47 47
f0_6 f0_374 f0_816 -0.01 0.01 0.39 0 0 0 47 45
f0_6 f0_374 f0_818 -0.08 0.08 0.33 0 0 0 47 47
f0_6 f0_374 f1h_123 0.07 -0.07 0.45 0 0 0 47 48
f0_6 f0_374 f1h_258 0.07 -0.07 0.4 0 0 0 47 47
f0_6 f0_374 f1h_487 0.12 -0.12 0.23 0 0 0 47 46
f0_6 f0_374 f1h_489 0.16 -0.16 0.45 0 0 0 47 49
f0_6 f0_374 f1w_23 0.43 -0.43 0.33 0 0 0 47 48
f0_6 f0_374 f1w_130 0.19 -0.19 -0.29 0 0 0 47 48
f0_6 f0_374 f1w_444 0.29 -0.29 0.46 0 0 0 47 49
f0_6 f0_374 f2_25 0.16 -0.16 0.18 0 0 0 47 47
f0_6 f0_385 f0_457 0.44 -0.44 -0.02 0 0 0 43 47
f0_6 f0_385 f0_558 -0.11 0.11 0.41 0 0 0 43 46
f0_6 f0_385 f0_596 0.11 -0.11 0.53 0 0 0 43 46
f0_6 f0_385 f0_630 -0.22 0.22 0.03 0 0 0 43 52
f0_6 f0_385 f0_691 0.14 -0.14 0.39 0 0 0 43 46
f0_6 f0_385 f0_756 0.25 -0.25 0.26 0 0 0 43 50
f0_6 f0_385 f1h_258 0.26 -0.26 -0.02 0 0 0 43 47
f0_6 f0_385 f1h_459 0.45 -0.45 -0.33 0 0 0 43 49
f0_6 f0_385 f1h_487 0 0 0.54 0 0 0 43 46
f0_6 f0_385 f1w_151 0.1 -0.1 0.35 0 0 0 43 45
f0_6 f0_385 f2_21 0.16 -0.16 0.46 0 0 0 43 46
f0_6 f0_457 f0_558 -0.43 0.26 0.22 0 0 0 47 46
f0_6 f0_457 f0_630 -0.62 0.4 0.18 0 0 0 47 52
f0_6 f0_457 f0_691 -0.62 0.62 0.33 0 0 0 47 46
f0_6 f0_457 f0_756 -0.26 0.26 0.59 0 0 0 47 50
f0_6 f0_457 f0_829 -0.15 0.15 0.55 0 0 0 47 48
f0_6 f0_457 f1h_118 -0.14 0.14 -0.04 0 0 0 47 44
f0_6 f0_457 f1h_123 -0.28 0.28 -0.1 0 0 0 47 48
f0_6 f0_457 f1h_291 -0.62 0.62 0.45 0 0 0 47 49
f0_6 f0_457 f1h_304 -0.35 0.35 0.58 0 0 0 47 45
f0_6 f0_457 f1h_361 -0.53 0.53 0.33 0 0 0 47 52
f0_6 f0_457 f1h_486 -0.58 0.58 0.34 0 0 0 47 50
f0_6 f0_457 f1h_489 -0.33 0.33 0.29 0 0 0 47 49
f0_6 f0_457 f1w_23 -0.08 0.08 0.09 0 0 0 47 48
f0_6 f0_457 f1w_151 0.15 -0.15 0.5 0 0 0 47 45
f0_6 f0_457 f1w_280 -0.32 0.32 0.64 0 0 0 47 46
f0_6 f0_457 f1w_291 -0.65 0.53 0.33 0 0 0 47 48
f0_6 f0_457 f1w_444 0.27 -0.27 0.24 0 0 0 47 49
f0_6 f0_457 f2_21 -0.35 0.34 0.39 0 0 0 47 46
f0_6 f0_520 f0_558 0.02 -0.02 0.2 0 0 0 50 46
f0_6 f0_520 f1h_118 0.15 -0.15 0.51 0 0 0 50 44
f0_6 f0_520 f1h_258 0 0 -0.3 0 0 0 50 47
f0_6 f0_520 f1h_361 -0.08 0.08 0.12 0 0 0 50 52
f0_6 f0_520 f2_21 0.22 -0.22 0.45 0 0 0 50 46
f0_6 f0_558 f0_816 -0.03 0.03 0.45 0 0 0 46 45
f0_6 f0_558 f0_818 -0.1 0.1 0.32 0 0 0 46 47
f0_6 f0_558 f1h_123 0.04 -0.04 0.26 0 0 0 46 48
f0_6 f0_558 f1h_489 0.12 -0.12 0.4 0 0 0 46 49
f0_6 f0_558 f2_25 0.25 -0.25 0.23 0 0 0 46 47
f0_6 f0_596 f0_630 -0.37 0.37 0.33 0 0 0 46 52
f0_6 f0_596 f0_691 -0.24 0.24 0.43 0 0 0 46 46
f0_6 f0_596 f0_756 -0.02 0.02 0.63 0 0 0 46 50
f0_6 f0_596 f0_829 -0.31 0.31 0.5 0 0 0 46 48
f0_6 f0_596 f0_927 -0.19 0.19 0.51 0 0 0 46 48
f0_6 f0_596 f1h_118 -0.29 0.29 0.33 0 0 0 46 44
f0_6 f0_596 f1h_123 -0.33 0.33 0.28 0 0 0 46 48
f0_6 f0_596 f1h_258 -0.13 0.13 0.76 0 0 0 46 47
f0_6 f0_596 f1h_291 -0.51 0.51 0.17 0 0 0 46 49
f0_6 f0_596 f1h_304 -0.13 0.13 1.04 0 0 0 46 45
f0_6 f0_596 f1h_486 -0.39 0.39 0.44 0 0 0 46 50
f0_6 f0_596 f1h_489 -0.31 0.31 0.44 0 0 0 46 49
f0_6 f0_596 f1w_23 0.04 -0.04 0.97 0 0 0 46 48
f0_6 f0_596 f1w_280 -0.18 0.18 0.5 0 0 0 46 46
f0_6 f0_596 f1w_444 -0.01 0.01 0.62 0 0 0 46 49
f0_6 f0_596 f2_21 -0.24 0.24 -0.06 0 0 0 46 46
f0_6 f0_630 f0_816 0.07 -0.07 0.45 0 0 0 52 45
f0_6 f0_630 f0_818 0 0 0.55 0 0 0 52 47
f0_6 f0_630 f1h_291 0.17 -0.17 0.02 0 0 0 52 49
f0_6 f0_630 f1h_459 0.8 -0.8 -0.12 0 0 0 52 49
f0_6 f0_630 f1w_291 0.02 -0.02 0.28 0 0 0 52 48
f0_6 f0_630 f2_21 0.27 -0.27 0.2 0 0 0 52 46
f0_6 f0_630 f2_25 0.3 -0.3 0.48 0 0 0 52 47
f0_6 f0_691 f1h_258 0.46 -0.46 0.36 0 0 0 46 47
f0_6 f0_691 f1h_459 -0.21 0.21 0.58 0 0 0 46 49
f0_6 f0_691 f1h_492 -0.21 0.21 0.57 0 0 0 46 51
f0_6 f0_691 f1w_130 0.15 -0.15 0.4 0 0 0 46 48
f0_6 f0_691 f1w_151 0.35 -0.35 0.42 0 0 0 46 45
f0_6 f0_691 f2_25 -0.2 0.2 0.25 0 0 0 46 47
f0_6 f0_756 f0_816 -0.29 0.29 0.38 0 0 0 50 45
f0_6 f0_756 f0_818 -0.39 0.39 0.33 0 0 0 50 47
f0_6 f0_756 f0_829 -0.04 0.04 0.21 0 0 0 50 48
f0_6 f0_756 f0_927 -0.09 0.09 0.44 0 0 0 50 48
f0_6 f0_756 f1h_258 0.37 -0.37 0.49 0 0 0 50 47
f0_6 f0_756 f1h_459 0.33 -0.33 0.51 0 0 0 50 49
f0_6 f0_756 f1h_492 -0.42 0.42 0.14 0 0 0 50 51
f0_6 f0_756 f1w_130 -0.32 0.32 0.61 0 0 0 50 48
f0_6 f0_756 f1w_155 -0.53 0.53 0.38 0 0 0 50 49
f0_6 f0_756 f1w_291 0.01 -0.01 0.26 0 0 0 50 48
f0_6 f0_756 f1w_444 0.14 -0.14 0.15 0 0 0 50 49
f0_6 f0_756 f2_21 -0.01 0.01 0.46 0 0 0 50 46
f0_6 f0_756 f2_25 -0.14 0.14 0.77 0 0 0 50 47
f0_6 f0_816 f0_829 0.1 -0.1 0.39 0 0 0 45 48
f0_6 f0_816 f1h_291 -0.06 0.06 0.5 0 0 0 45 49
f0_6 f0_816 f1h_304 0.15 -0.15 0.41 0 0 0 45 45
f0_6 f0_816 f1h_361 -0.02 0.02 0.42 0 0 0 45 52
f0_6 f0_816 f1h_486 -0.13 0.13 0.53 0 0 0 45 50
f0_6 f0_816 f1w_23 0.17 -0.17 0.45 0 0 0 45 48
f0_6 f0_816 f1w_280 0.18 -0.18 0.41 0 0 0 45 46
f0_6 f0_816 f1w_291 -0.05 0.05 0.24 0 0 0 45 48
f0_6 f0_816 f2_21 0.29 -0.29 0.14 0 0 0 45 46
f0_6 f0_818 f0_829 0.14 -0.14 0.51 0 0 0 47 48
f0_6 f0_818 f1h_361 0.05 -0.05 0.54 0 0 0 47 52
f0_6 f0_818 f1w_23 0.47 -0.47 0.34 0 0 0 47 48
f0_6 f0_818 f1w_280 0.26 -0.26 0.32 0 0 0 47 46
f0_6 f0_818 f2_21 0.35 -0.35 0.12 0 0 0 47 46
f0_6 f0_829 f0_867 0.11 -0.11 0.52 0 0 0 48 51
f0_6 f0_829 f1h_123 -0.12 0.12 0.42 0 0 0 48 48
f0_6 f0_829 f1h_459 0.35 -0.35 0.62 0 0 0 48 49
f0_6 f0_829 f1h_487 -0.01 0.01 0.38 0 0 0 48 46
f0_6 f0_829 f1w_89 0.13 -0.13 0.5 0 0 0 48 51
f0_6 f0_829 f1w_151 0.08 -0.08 0.78 0 0 0 48 45
f0_6 f0_829 f2_21 0.1 -0.1 0.38 0 0 0 48 46
f0_6 f0_829 f2_25 0.21 -0.21 0.48 0 0 0 48 47
f0_6 f0_867 f1h_118 -0.28 0.28 0.4 0 0 0 51 44
f0_6 f0_867 f1h_361 -0.37 0.37 0.47 0 0 0 51 52
f0_6 f0_867 f1h_459 0.4 -0.4 0.37 0 0 0 51 49
f0_6 f0_867 f2_21 -0.25 0.25 0.21 0 0 0 51 46
f0_6 f0_927 f1h_459 0.08 -0.08 0.57 0 0 0 48 49
f0_6 f0_927 f2_21 -0.11 0.11 0.07 0 0 0 48 46
f0_6 f1h_118 f1h_291 0.08 -0.08 0.38 0 0 0 44 49
f0_6 f1h_118 f1h_459 0.25 -0.25 0.44 0 0 0 44 49
f0_6 f1h_118 f1w_89 0.14 -0.14 0.45 0 0 0 44 51
f0_6 f1h_118 f1w_151 0.4 -0.4 0.45 0 0 0 44 45
f0_6 f1h_118 f1w_291 0.07 -0.07 0.24 0 0 0 44 48
f0_6 f1h_118 f2_21 0.27 -0.27 0.2 0 0 0 44 46
f0_6 f1h_118 f2_25 0.24 -0.24 0.39 0 0 0 44 47
f0_6 f1h_123 f1h_258 0.39 -0.39 0.45 0 0 0 48 47
f0_6 f1h_123 f1h_361 -0.1 0.1 0.51 0 0 0 48 52
f0_6 f1h_123 f1h_459 0.25 -0.25 0.48 0 0 0 48 49
f0_6 f1h_123 f2_21 0.15 -0.15 0.37 0 0 0 48 46
f0_6 f1h_258 f1h_304 -0.4 0.4 0.45 0 0 0 47 45
f0_6 f1h_258 f1h_459 0.03 -0.03 0.88 0 0 0 47 49
f0_6 f1h_258 f1h_487 -0.19 0.19 0.47 0 0 0 47 46
f0_6 f1h_258 f1h_489 -0.08 0.08 -0.21 0 0 0 47 49
f0_6 f1h_258 f1w_89 -0.25 0.25 0.46 0 0 0 47 51
f0_6 f1h_258 f1w_151 -0.48 0.48 0.61 0 0 0 47 45
f0_6 f1h_258 f1w_280 -0.62 0.62 0.47 0 0 0 47 46
f0_6 f1h_258 f1w_291 -0.72 0.27 0.13 0 0 0 47 48
f0_6 f1h_258 f2_21 -0.47 0.47 0.47 0 0 0 47 46
f0_6 f1h_291 f1h_487 0.21 -0.21 0.47 0 0 0 49 46
f0_6 f1h_291 f1w_280 0.15 -0.15 0.16 0 0 0 49 46
f0_6 f1h_304 f1h_459 0.15 -0.15 0.24 0 0 0 45 49
f0_6 f1h_304 f2_21 -0.14 0.14 0.27 0 0 0 45 46
f0_6 f1h_361 f1h_459 0.45 -0.45 0.14 0 0 0 52 49
f0_6 f1h_361 f1h_487 0.22 -0.22 0.3 0 0 0 52 46
f0_6 f1h_361 f1h_489 0.19 -0.19 0.25 0 0 0 52 49
f0_6 f1h_361 f2_21 0.23 -0.23 0.02 0 0 0 52 46
f0_6 f1h_361 f2_25 0.25 -0.25 0.27 0 0 0 52 47
f0_6 f1h_459 f1h_489 -0.63 0.63 0.37 0 0 0 49 49
f0_6 f1h_459 f1w_23 -0.45 0.45 0.62 0 0 0 49 48
f0_6 f1h_459 f1w_151 0.2 -0.2 -0.06 0 0 0 49 45
f0_6 f1h_459 f1w_280 -0.33 0.33 0.17 0 0 0 49 46
f0_6 f1h_459 f1w_291 -0.86 0.72 0.27 0 0 0 49 48
f0_6 f1h_459 f1w_444 -0.36 0.36 0.8 0 0 0 49 49
f0_6 f1h_459 f2_21 -0.51 0.51 0.49 0 0 0 49 46
f0_6 f1h_486 f2_21 0.05 -0.05 0.32 0 0 0 50 46
f0_6 f1h_487 f1w_151 0.46 -0.46 0 0 0 0 46 45
f0_6 f1h_487 f1w_291 -0.26 0.26 0.34 0 0 0 46 48
f0_6 f1h_487 f2_21 0.03 -0.03 0.01 0 0 0 46 46
f0_6 f1h_489 f1h_492 -0.15 0.15 0.52 0 0 0 49 51
f0_6 f1h_489 f1w_130 -0.01 0.01 0.64 0 0 0 49 48
f0_6 f1h_489 f2_21 -0.02 0.02 0.2 0 0 0 49 46
f0_6 f1h_489 f2_25 0.11 -0.11 0.49 0 0 0 49 47
f0_6 f1h_492 f2_21 0.43 -0.43 0.13 0 0 0 51 46
f0_6 f1w_23 f1w_151 0.02 -0.02 0.5 0 0 0 48 45
f0_6 f1w_23 f1w_291 0.06 -0.06 0.2 0 0 0 48 48
f0_6 f1w_23 f2_21 -0.16 0.16 0.48 0 0 0 48 46
f0_6 f1w_23 f2_25 -0.08 0.08 0.09 0 0 0 48 47
f0_6 f1w_89 f2_21 0.06 -0.06 0.38 0 0 0 51 46
f0_6 f1w_130 f1w_151 0.13 -0.13 0.49 0 0 0 48 45
f0_6 f1w_130 f1w_280 0.09 -0.09 0.7 0 0 0 48 46
f0_6 f1w_130 f2_21 0.07 -0.07 0.26 0 0 0 48 46
f0_6 f1w_151 f1w_155 -0.35 0.35 0.38 0 0 0 45 49
f0_6 f1w_151 f2_21 -0.29 0.29 0.1 0 0 0 45 46
f0_6 f1w_151 f2_25 -0.14 0.14 0.51 0 0 0 45 47
f0_6 f1w_280 f1w_291 -0.27 0.27 0.16 0 0 0 46 48
f0_6 f1w_280 f1w_444 0.11 -0.11 0.65 0 0 0 46 49
f0_6 f1w_280 f2_21 -0.01 0.01 0.51 0 0 0 46 46
f0_6 f1w_280 f2_25 0.04 -0.04 0.66 0 0 0 46 47
f0_6 f1w_444 f2_21 -0.13 0.13 0.29 0 0 0 49 46
f0_6 f2_21 f2_25 -0.09 0.09 0.26 0 0 0 46 47
f0_7 f0_163 f2_539 0.08 -0.08 0.3 0 0 0 49 42
f0_7 f0_955 f2_507 0.01 -0.01 0.49 0 0 0 40 43
f0_7 f0_955 f2_539 0.22 -0.22 0.06 0 0 0 40 42
f0_7 f0_964 f1w_192 0.02 -0.02 -0.21 0 0 0 43 43
f0_7 f0_964 f1w_468 -0.17 0.17 0.79 0 0 0 43 43
f0_7 f0_964 f2_445 -0.15 0.15 0.35 0 0 0 43 44
f0_7 f0_964 f2_840 -0.24 0.24 0.65 0 0 0 43 47
f0_7 f1h_189 f1w_192 -0.54 0.54 0.51 0 0 0 46 43
f0_7 f1h_189 f2_445 -0.09 0.09 -0.01 0 0 0 46 44
f0_7 f1h_189 f2_840 -0.77 0.77 0.63 0 0 0 46 47
f0_7 f1h_205 f1h_415 0.16 -0.16 0.34 0 0 0 45 45
f0_7 f1h_205 f2_539 -0.3 0.3 0.16 0 0 0 45 42
f0_7 f1h_278 f1h_405 -0.01 0.01 -0.18 0 0 0 44 40
f0_7 f1h_278 f1w_192 -0.35 0.35 0.27 0 0 0 44 43
f0_7 f1h_278 f1w_468 -0.36 0.36 0.62 0 0 0 44 43
f0_7 f1h_278 f2_558 -0.23 0.23 0.35 0 0 0 44 44
f0_7 f1h_415 f1w_12 -0.52 0.52 0.66 0 0 0 45 42
f0_7 f1h_415 f2_226 -0.59 0.59 0.98 0 0 0 45 41
f0_7 f1h_415 f2_558 -0.69 0.69 0.27 0 0 0 45 44
f0_7 f1h_428 f1w_192 -0.21 0.21 0.33 0 0 0 46 43
f0_7 f1h_428 f1w_468 -0.46 0.46 0.75 0 0 0 46 43
f0_7 f1w_12 f2_9 0.7 -0.7 0.8 0 0 0 42 48
f0_7 f1w_192 f2_507 -0.25 0.25 0.41 0 0 0 43 43
f0_7 f1w_192 f2_539 -0.21 0.21 0.24 0 0 0 43 42
f0_7 f1w_468 f2_539 -0.23 0.23 0.43 0 0 0 43 42
f0_7 f1w_468 f2_558 -0.22 0.22 0.48 0 0 0 43 44
f0_7 f2_9 f2_539 0.5 -0.5 -0.13 0 0 0 48 42
f0_7 f2_104 f2_840 0.21 -0.21 0.07 0 0 0 48 47
f0_7 f2_226 f2_539 -0.1 0.1 0.18 0 0 0 41 42
f0_7 f2_507 f2_840 0.22 -0.22 0.44 0 0 0 43 47
f0_7 f2_539 f2_560 -0.04 0.04 0.31 0 0 0 42 44
f0_7 f2_539 f2_840 0.12 -0.12 0.28 0 0 0 42 47
f0_8 f0_27 f0_363 0.13 -0.13 0.93 0 0 0 41 48
f0_8 f0_27 f0_580 -0.03 0.03 0.4 0 0 0 41 47
f0_8 f0_27 f1h_305 0.44 -0.44 0.62 0 0 0 41 42
f0_8 f0_27 f1w_355 -0.03 0.03 0.77 0 0 0 41 44
f0_8 f0_27 f1w_424 0.14 -0.14 0.46 0 0 0 41 45
f0_8 f0_27 f2_613 0.44 -0.44 0.42 0 0 0 41 44
f0_8 f0_27 f2_657 -0.34 0.34 0.33 0 0 0 41 42
f0_8 f0_27 f2_697 -0.11 0.11 0.33 0 0 0 41 42
f0_8 f0_27 f2_717 -0.04 0.04 0.63 0 0 0 41 46
f0_8 f0_31 f0_95 0.22 -0.22 0.35 0 0 0 42 42
f0_8 f0_31 f0_189 0.83 -0.83 0.21 0 0 0 42 40
f0_8 f0_31 f0_192 0.27 -0.27 0.09 0 0 0 42 44
f0_8 f0_31 f0_812 0.36 -0.36 0.15 0 0 0 42 42
f0_8 f0_31 f1h_86 0.36 -0.36 0.39 0 0 0 42 42
f0_8 f0_31 f1h_248 0.71 -0.71 0.26 0 0 0 42 50
f0_8 f0_31 f1h_305 0.88 -0.88 0.12 0 0 0 42 42
f0_8 f0_31 f1w_200 0.06 -0.06 0.34 0 0 0 42 46
f0_8 f0_31 f2_424 -0.07 0.07 0.31 0 0 0 42 46
f0_8 f0_31 f2_540 0.55 -0.55 0.25 0 0 0 42 48
f0_8 f0_31 f2_717 0.22 -0.22 0.06 0 0 0 42 46
f0_8 f0_31 f2_892 0.33 -0.33 -0.1 0 0 0 42 41
f0_8 f0_31 f2_951 0.35 -0.35 0.1 0 0 0 42 43
f0_8 f0_31 f2_977 0.2 -0.2 0.48 0 0 0 42 44
f0_8 f0_95 f0_152 0.24 -0.24 0.72 0 0 0 42 47
f0_8 f0_95 f0_225 0.06 -0.06 0.67 0 0 0 42 44
f0_8 f0_95 f0_363 0.24 -0.24 0.68 0 0 0 42 48
f0_8 f0_95 f0_580 0.11 -0.11 0.56 0 0 0 42 47
f0_8 f0_95 f0_907 -0.06 0.06 0.28 0 0 0 42 43
f0_8 f0_95 f1h_9 -0.2 0.2 0.36 0 0 0 42 44
f0_8 f0_95 f1h_136 -0.05 0.05 0.48 0 0 0 42 41
f0_8 f0_95 f1h_305 -0.21 0.21 0.34 0 0 0 42 42
f0_8 f0_95 f1h_426 0.65 -0.65 0.13 0 0 0 42 45
f0_8 f0_95 f1w_323 -0.24 0.24 -0.01 0 0 0 42 41
f0_8 f0_95 f1w_328 -0.08 0.08 0.49 0 0 0 42 40
f0_8 f0_95 f2_104 0.05 -0.05 0.66 0 0 0 42 51
f0_8 f0_95 f2_327 -0.15 0.15 0.53 0 0 0 42 45
f0_8 f0_95 f2_444 0.43 -0.43 0.52 0 0 0 42 42
f0_8 f0_95 f2_613 0.2 -0.2 0.4 0 0 0 42 44
f0_8 f0_95 f2_657 0.42 -0.42 0.85 0 0 0 42 42
f0_8 f0_95 f2_697 0.2 -0.2 0.06 0 0 0 42 42
f0_8 f0_95 f2_929 -0.18 0.18 0.18 0 0 0 42 51
f0_8 f0_95 f2_951 -0.05 0.05 0.02 0 0 0 42 43
f0_8 f0_152 f0_189 0.08 -0.08 0.46 0 0 0 47 40
f0_8 f0_152 f0_192 -0.2 0.2 0.62 0 0 0 47 44
f0_8 f0_152 f0_656 -0.12 0.12 0.3 0 0 0 47 43
f0_8 f0_152 f1h_248 -0.08 0.08 1.03 0 0 0 47 50
f0_8 f0_152 f1h_395 -0.24 0.24 0.53 0 0 0 47 42
f0_8 f0_152 f2_697 -0.14 0.14 0.7 0 0 0 47 42
f0_8 f0_152 f2_892 -0.19 0.19 0.72 0 0 0 47 41
f0_8 f0_152 f2_929 -0.3 0.3 0.22 0 0 0 47 51
f0_8 f0_152 f2_951 -0.22 0.22 0.29 0 0 0 47 43
f0_8 f0_189 f0_192 -0.31 0.31 0.41 0 0 0 40 44
f0_8 f0_189 f0_203 -0.66 0.66 0.44 0 0 0 40 43
f0_8 f0_189 f0_225 -0.52 0.52 0.63 0 0 0 40 44
f0_8 f0_189 f0_354 -0.78 0.78 0.2 0 0 0 40 50
f0_8 f0_189 f0_363 -0.34 0.34 0.7 0 0 0 40 48
f0_8 f0_189 f0_580 -0.29 0.29 0.93 0 0 0 40 47
f0_8 f0_189 f0_614 -0.08 0.08 0.07 0 0 0 40 40
f0_8 f0_189 f0_656 -0.31 0.31 0.68 0 0 0 40 43
f0_8 f0_189 f0_812 -0.49 0.49 0.43 0 0 0 40 42
f0_8 f0_189 f0_907 -0.62 0.62 0.42 0 0 0 40 43
f0_8 f0_189 f1h_86 -0.14 0.14 0.45 0 0 0 40 42
f0_8 f0_189 f1h_136 -0.41 0.41 0.35 0 0 0 40 41
f0_8 f0_189 f1h_248 -0.2 0.2 0.66 0 0 0 40 50
f0_8 f0_189 f1h_305 0.03 -0.03 0.49 0 0 0 40 42
f0_8 f0_189 f1h_395 -0.61 0.61 0.47 0 0 0 40 42
f0_8 f0_189 f1h_409 -0.7 0.7 0.42 0 0 0 40 45
f0_8 f0_189 f1h_426 0.47 -0.47 0.33 0 0 0 40 45
f0_8 f0_189 f1w_113 -0.66 0.66 0.37 0 0 0 40 42
f0_8 f0_189 f1w_317 -0.48 0.48 -0.04 0 0 0 40 40
f0_8 f0_189 f1w_323 -0.43 0.43 0.18 0 0 0 40 41
f0_8 f0_189 f1w_355 -0.42 0.42 0.68 0 0 0 40 44
f0_8 f0_189 f1w_424 -0.41 0.41 0.56 0 0 0 40 45
f0_8 f0_189 f2_73 -0.73 0.73 0.25 0 0 0 40 45
f0_8 f0_189 f2_338 -0.52 0.52 0.54 0 0 0 40 40
f0_8 f0_189 f2_444 -0.14 0.14 1.04 0 0 0 40 42
f0_8 f0_189 f2_540 -0.33 0.33 0.39 0 0 0 40 48
f0_8 f0_189 f2_613 0.06 -0.06 0.26 0 0 0 40 44
f0_8 f0_189 f2_657 -0.47 0.47 0.63 0 0 0 40 42
f0_8 f0_189 f2_697 -0.38 0.38 0.77 0 0 0 40 42
f0_8 f0_189 f2_717 -0.64 0.64 0.41 0 0 0 40 46
f0_8 f0_189 f2_756 -0.66 0.66 0.56 0 0 0 40 39
f0_8 f0_189 f2_892 -0.48 0.48 0.54 0 0 0 40 41
f0_8 f0_189 f2_929 -0.49 0.49 0.19 0 0 0 40 51
f0_8 f0_189 f2_951 -0.52 0.52 0.39 0 0 0 40 43
f0_8 f0_192 f0_225 0.23 -0.23 0.38 0 0 0 44 44
f0_8 f0_192 f0_363 0.74 -0.74 -0.06 0 0 0 44 48
f0_8 f0_192 f0_580 0.12 -0.12 0.47 0 0 0 44 47
f0_8 f0_192 f0_907 0 0 0.3 0 0 0 44 43
f0_8 f0_192 f1h_9 -0.16 0.16 0.42 0 0 0 44 44
f0_8 f0_192 f1h_136 0.17 -0.17 0.36 0 0 0 44 41
f0_8 f0_192 f1h_305 0.31 -0.31 0.77 0 0 0 44 42
f0_8 f0_192 f1h_426 0.89 -0.89 -0.14 0 0 0 44 45
f0_8 f0_192 f1w_317 -0.09 0.09 0.32 0 0 0 44 40
f0_8 f0_192 f1w_323 0.01 -0.01 0.17 0 0 0 44 41
f0_8 f0_192 f1w_328 -0.09 0.09 0.4 0 0 0 44 40
f0_8 f0_192 f1w_418 0.29 -0.29 -0.08 0 0 0 44 40
f0_8 f0_192 f2_61 -0.11 0.11 0.31 0 0 0 44 43
f0_8 f0_192 f2_104 0.29 -0.29 0.45 0 0 0 44 51
f0_8 f0_192 f2_327 -0.18 0.18 0.33 0 0 0 44 45
f0_8 f0_192 f2_444 0.41 -0.41 0.4 0 0 0 44 42
f0_8 f0_192 f2_613 0.42 -0.42 0.45 0 0 0 44 44
f0_8 f0_192 f2_657 0.05 -0.05 0.71 0 0 0 44 42
f0_8 f0_192 f2_697 0.19 -0.19 0.31 0 0 0 44 42
f0_8 f0_192 f2_929 -0.12 0.12 0.24 0 0 0 44 51
f0_8 f0_192 f2_951 0.07 -0.07 0.37 0 0 0 44 43
f0_8 f0_192 f2_977 0.2 -0.2 0.24 0 0 0 44 44
f0_8 f0_203 f0_580 0.12 -0.12 0.58 0 0 0 43 47
f0_8 f0_203 f0_812 0.17 -0.17 0.57 0 0 0 43 42
f0_8 f0_203 f1h_305 0.6 -0.6 0.38 0 0 0 43 42
f0_8 f0_203 f1w_424 0.16 -0.16 0.54 0 0 0 43 45
f0_8 f0_203 f2_444 0.39 -0.39 0.58 0 0 0 43 42
f0_8 f0_203 f2_613 -0.05 0.05 0.83 0 0 0 43 44
f0_8 f0_203 f2_697 0.16 -0.16 0.44 0 0 0 43 42
f0_8 f0_225 f1h_9 -0.2 0.2 0.21 0 0 0 44 44
f0_8 f0_225 f1h_248 0.39 -0.39 0.7 0 0 0 44 50
f0_8 f0_225 f1h_305 0.22 -0.22 0.63 0 0 0 44 42
f0_8 f0_225 f1h_426 0.46 -0.46 -0.02 0 0 0 44 45
f0_8 f0_225 f1w_323 -0.13 0.13 0.54 0 0 0 44 41
f0_8 f0_225 f1w_418 -0.14 0.14 0.71 0 0 0 44 40
f0_8 f0_225 f2_61 0.04 -0.04 0.66 0 0 0 44 43
f0_8 f0_225 f2_613 0.36 -0.36 -0.07 0 0 0 44 44
f0_8 f0_225 f2_892 0.07 -0.07 0.38 0 0 0 44 41
f0_8 f0_354 f1h_305 0.34 -0.34 0.38 0 0 0 50 42
f0_8 f0_354 f2_613 0.58 -0.58 0.34 0 0 0 50 44
f0_8 f0_354 f2_697 0.34 -0.34 0.36 0 0 0 50 42
f0_8 f0_354 f2_929 0.07 -0.07 0.23 0 0 0 50 51
f0_8 f0_363 f0_614 -0.16 0.16 0.58 0 0 0 48 40
f0_8 f0_363 f1h_136 -0.16 0.16 0.49 0 0 0 48 41
f0_8 f0_363 f1h_426 0.24 -0.24 0.68 0 0 0 48 45
f0_8 f0_363 f1w_200 -0.34 0.34 0.6 0 0 0 48 46
f0_8 f0_363 f1w_323 -0.16 0.16 0.7 0 0 0 48 41
f0_8 f0_363 f1w_418 -0.33 0.33 0.84 0 0 0 48 40
f0_8 f0_363 f2_892 -0.09 0.09 0.58 0 0 0 48 41
f0_8 f0_580 f0_614 -0.07 0.07 0.47 0 0 0 47 40
f0_8 f0_580 f0_907 0.03 -0.03 0.66 0 0 0 47 43
f0_8 f0_580 f1h_136 0.08 -0.08 0.35 0 0 0 47 41
f0_8 f0_580 f1h_248 0.4 -0.4 0.45 0 0 0 47 50
f0_8 f0_580 f1h_305 0.49 -0.49 0.25 0 0 0 47 42
f0_8 f0_580 f1h_426 0.71 -0.71 0.37 0 0 0 47 45
f0_8 f0_580 f1w_200 -0.32 0.32 0.38 0 0 0 47 46
f0_8 f0_580 f1w_323 -0.09 0.09 0.62 0 0 0 47 41
f0_8 f0_580 f1w_328 -0.19 0.19 0.32 0 0 0 47 40
f0_8 f0_580 f1w_418 -0.18 0.18 0.65 0 0 0 47 40
f0_8 f0_580 f2_61 -0.14 0.14 0.34 0 0 0 47 43
f0_8 f0_580 f2_424 -0.31 0.31 0.47 0 0 0 47 46
f0_8 f0_580 f2_540 0.3 -0.3 0.62 0 0 0 47 48
f0_8 f0_580 f2_892 0.33 -0.33 0.06 0 0 0 47 41
f0_8 f0_580 f2_951 0.21 -0.21 0.29 0 0 0 47 43
f0_8 f0_580 f2_977 -0.09 0.09 0.7 0 0 0 47 44
f0_8 f0_614 f0_812 0.07 -0.07 0.71 0 0 0 40 42
f0_8 f0_614 f1h_86 0.09 -0.09 0.59 0 0 0 40 42
f0_8 f0_614 f1h_248 -0.12 0.12 0.54 0 0 0 40 50
f0_8 f0_614 f1h_305 0.48 -0.48 0.41 0 0 0 40 42
f0_8 f0_614 f1h_395 -0.2 0.2 0.32 0 0 0 40 42
f0_8 f0_614 f1w_355 -0.03 0.03 0.64 0 0 0 40 44
f0_8 f0_614 f1w_424 0.04 -0.04 0.5 0 0 0 40 45
f0_8 f0_614 f2_73 -0.28 0.28 0.24 0 0 0 40 45
f0_8 f0_614 f2_424 -0.4 0.4 0.23 0 0 0 40 46
f0_8 f0_614 f2_444 0.26 -0.26 0.87 0 0 0 40 42
f0_8 f0_614 f2_540 0.02 -0.02 0.6 0 0 0 40 48
f0_8 f0_614 f2_613 0.12 -0.12 0.03 0 0 0 40 44
f0_8 f0_614 f2_657 0.06 -0.06 0.59 0 0 0 40 42
f0_8 f0_614 f2_697 -0.05 0.05 0.46 0 0 0 40 42
f0_8 f0_614 f2_717 -0.21 0.21 0.31 0 0 0 40 46
f0_8 f0_614 f2_892 -0.1 0.1 0.42 0 0 0 40 41
f0_8 f0_614 f2_977 -0.15 0.15 0.55 0 0 0 40 44
f0_8 f0_656 f1h_9 -0.28 0.28 0.55 0 0 0 43 44
f0_8 f0_656 f1h_86 -0.11 0.11 0.28 0 0 0 43 42
f0_8 f0_656 f1h_248 -0.11 0.11 0.69 0 0 0 43 50
f0_8 f0_656 f1h_305 0.39 -0.39 0.53 0 0 0 43 42
f0_8 f0_656 f1h_426 0.37 -0.37 0.42 0 0 0 43 45
f0_8 f0_656 f1w_317 -0.18 0.18 0.37 0 0 0 43 40
f0_8 f0_656 f1w_323 -0.18 0.18 0.53 0 0 0 43 41
f0_8 f0_656 f1w_328 -0.17 0.17 0.24 0 0 0 43 40
f0_8 f0_656 f1w_418 -0.24 0.24 0.77 0 0 0 43 40
f0_8 f0_656 f2_61 -0.18 0.18 0.59 0 0 0 43 43
f0_8 f0_656 f2_73 -0.34 0.34 0.45 0 0 0 43 45
f0_8 f0_656 f2_540 0.06 -0.06 0.78 0 0 0 43 48
f0_8 f0_656 f2_613 0.33 -0.33 0.34 0 0 0 43 44
f0_8 f0_656 f2_892 -0.12 0.12 0.43 0 0 0 43 41
f0_8 f0_656 f2_977 -0.2 0.2 0.73 0 0 0 43 44
f0_8 f0_812 f1h_9 -0.2 0.2 0.17 0 0 0 42 44
f0_8 f0_812 f1w_323 -0.07 0.07 0.43 0 0 0 42 41
f0_8 f0_812 f1w_328 -0.09 0.09 0.3 0 0 0 42 40
f0_8 f0_812 f2_540 0.31 -0.31 0.61 0 0 0 42 48
f0_8 f0_812 f2_613 0.39 -0.39 0.38 0 0 0 42 44
f0_8 f0_812 f2_697 -0.09 0.09 0.43 0 0 0 42 42
f0_8 f0_812 f2_892 0.02 -0.02 0.55 0 0 0 42 41
f0_8 f0_812 f2_929 -0.2 0.2 0.46 0 0 0 42 51
f0_8 f0_907 f1h_248 0.29 -0.29 0.53 0 0 0 43 50
f0_8 f0_907 f1h_305 0.09 -0.09 0.38 0 0 0 43 42
f0_8 f0_907 f1h_395 -0.08 0.08 0.39 0 0 0 43 42
f0_8 f0_907 f1w_424 0.17 -0.17 0.57 0 0 0 43 45
f0_8 f0_907 f2_73 -0.15 0.15 0.31 0 0 0 43 45
f0_8 f0_907 f2_613 0.34 -0.34 0.44 0 0 0 43 44
f0_8 f0_907 f2_697 0.13 -0.13 0.53 0 0 0 43 42
f0_8 f0_907 f2_892 0.04 -0.04 0.4 0 0 0 43 41
f0_8 f1h_9 f1h_86 0.25 -0.25 0.6 0 0 0 44 42
f0_8 f1h_9 f1h_248 0.69 -0.69 0.1 0 0 0 44 50
f0_8 f1h_9 f1h_395 0.18 -0.18 0.33 0 0 0 44 42
f0_8 f1h_9 f1h_409 0.05 -0.05 0.16 0 0 0 44 45
f0_8 f1h_9 f1w_200 -0.01 0.01 0.29 0 0 0 44 46
f0_8 f1h_9 f1w_355 0.13 -0.13 0.62 0 0 0 44 44
f0_8 f1h_9 f2_444 0.43 -0.43 0.39 0 0 0 44 42
f0_8 f1h_9 f2_697 0.12 -0.12 0.28 0 0 0 44 42
f0_8 f1h_9 f2_717 0.09 -0.09 0.32 0 0 0 44 46
f0_8 f1h_9 f2_929 -0.03 0.03 0.48 0 0 0 44 51
f0_8 f1h_86 f1h_136 0.04 -0.04 0.92 0 0 0 42 41
f0_8 f1h_86 f1h_305 -0.05 0.05 0.91 0 0 0 42 42
f0_8 f1h_86 f1h_426 0.3 -0.3 0.74 0 0 0 42 45
f0_8 f1h_86 f2_61 0.2 -0.2 0.19 0 0 0 42 43
f0_8 f1h_86 f2_613 0.15 -0.15 0.86 0 0 0 42 44
f0_8 f1h_86 f2_697 -0.34 0.34 0.34 0 0 0 42 42
f0_8 f1h_86 f2_951 -0.1 0.1 0.69 0 0 0 42 43
f0_8 f1h_136 f1h_248 0.45 -0.45 0.93 0 0 0 41 50
f0_8 f1h_136 f1h_395 -0.16 0.16 0.6 0 0 0 41 42
f0_8 f1h_136 f1w_355 -0.06 0.06 0.49 0 0 0 41 44
f0_8 f1h_136 f1w_424 -0.02 0.02 0.35 0 0 0 41 45
f0_8 f1h_136 f2_73 -0.08 0.08 0.68 0 0 0 41 45
f0_8 f1h_136 f2_540 0.23 -0.23 0.85 0 0 0 41 48
f0_8 f1h_136 f2_657 0.12 -0.12 0.1 0 0 0 41 42
f0_8 f1h_136 f2_697 -0.04 0.04 0.55 0 0 0 41 42
f0_8 f1h_136 f2_717 -0.2 0.2 0.26 0 0 0 41 46
f0_8 f1h_136 f2_892 -0.03 0.03 0.54 0 0 0 41 41
f0_8 f1h_136 f2_977 -0.19 0.19 0.48 0 0 0 41 44
f0_8 f1h_238 f1h_305 0.08 -0.08 0.28 0 0 0 45 42
f0_8 f1h_238 f1w_424 0.43 -0.43 0.42 0 0 0 45 45
f0_8 f1h_238 f2_613 0.12 -0.12 0.38 0 0 0 45 44
f0_8 f1h_238 f2_697 0.33 -0.33 0.04 0 0 0 45 42
f0_8 f1h_238 f2_951 0.31 -0.31 0.25 0 0 0 45 43
f0_8 f1h_248 f1h_426 -0.14 -0.17 1.28 0 0 0 50 45
f0_8 f1h_248 f1w_200 -0.73 0.67 0.45 0 0 0 50 46
f0_8 f1h_248 f1w_323 -0.25 0.25 0.51 0 0 0 50 41
f0_8 f1h_248 f1w_328 -0.1 0.1 0.84 0 0 0 50 40
f0_8 f1h_248 f1w_355 -0.16 0.16 0.66 0 0 0 50 44
f0_8 f1h_248 f1w_418 0.25 -0.25 0.43 0 0 0 50 40
f0_8 f1h_248 f1w_424 -0.22 0.22 0.79 0 0 0 50 45
f0_8 f1h_248 f2_104 0.16 -0.16 0.75 0 0 0 50 51
f0_8 f1h_248 f2_327 -0.45 0.45 0.6 0 0 0 50 45
f0_8 f1h_248 f2_424 0.01 -0.01 0.55 0 0 0 50 46
f0_8 f1h_248 f2_613 -0.03 0.03 0.88 0 0 0 50 44
f0_8 f1h_248 f2_657 -0.11 0.11 0.82 0 0 0 50 42
f0_8 f1h_248 f2_697 -0.83 0.83 0.04 0 0 0 50 42
f0_8 f1h_248 f2_717 -0.22 0.22 0.6 0 0 0 50 46
f0_8 f1h_248 f2_756 0.27 -0.27 0.57 0 0 0 50 39
f0_8 f1h_248 f2_929 -0.55 0.55 0.33 0 0 0 50 51
f0_8 f1h_248 f2_951 -0.09 0.09 0.75 0 0 0 50 43
f0_8 f1h_305 f1h_409 -0.7 0.7 0.58 0 0 0 42 45
f0_8 f1h_305 f1h_426 -0.25 -0.07 0.92 0 0 0 42 45
f0_8 f1h_305 f1w_200 -0.16 0.16 0.28 0 0 0 42 46
f0_8 f1h_305 f1w_323 -0.41 0.41 -0.01 0 0 0 42 41
f0_8 f1h_305 f1w_355 -0.36 0.36 0.54 0 0 0 42 44
f0_8 f1h_305 f1w_418 -0.35 0.35 0.24 0 0 0 42 40
f0_8 f1h_305 f1w_424 -0.13 0.13 0.18 0 0 0 42 45
f0_8 f1h_305 f2_104 0.06 -0.06 0.71 0 0 0 42 51
f0_8 f1h_305 f2_327 -0.75 0.75 0.42 0 0 0 42 45
f0_8 f1h_305 f2_338 -0.53 0.53 0.45 0 0 0 42 40
f0_8 f1h_305 f2_424 -0.35 0.35 -0.31 0 0 0 42 46
f0_8 f1h_305 f2_540 -0.13 0.13 0.88 0 0 0 42 48
f0_8 f1h_305 f2_657 0.07 -0.07 0.53 0 0 0 42 42
f0_8 f1h_305 f2_697 -0.39 0.39 0.13 0 0 0 42 42
f0_8 f1h_305 f2_717 -0.41 0.41 0.07 0 0 0 42 46
f0_8 f1h_305 f2_756 -0.06 0.06 0.12 0 0 0 42 39
f0_8 f1h_305 f2_892 -0.35 0.35 0.51 0 0 0 42 41
f0_8 f1h_305 f2_929 -0.67 0.67 0.23 0 0 0 42 51
f0_8 f1h_305 f2_951 -0.15 0.15 0.53 0 0 0 42 43
f0_8 f1h_395 f1h_426 0.82 -0.82 0.21 0 0 0 42 45
f0_8 f1h_395 f1w_317 -0.04 0.04 0.38 0 0 0 42 40
f0_8 f1h_395 f1w_323 -0.08 0.08 0.26 0 0 0 42 41
f0_8 f1h_395 f1w_418 0.05 -0.05 0.39 0 0 0 42 40
f0_8 f1h_395 f2_104 0.34 -0.34 0.52 0 0 0 42 51
f0_8 f1h_395 f2_327 -0.13 0.13 0.54 0 0 0 42 45
f0_8 f1h_395 f2_613 0.32 -0.32 0.41 0 0 0 42 44
f0_8 f1h_395 f2_657 0.12 -0.12 0.54 0 0 0 42 42
f0_8 f1h_395 f2_951 0.14 -0.14 0.62 0 0 0 42 43
f0_8 f1h_409 f1w_323 0.3 -0.3 0.3 0 0 0 45 41
f0_8 f1h_409 f2_61 0.23 -0.23 0.63 0 0 0 45 43
f0_8 f1h_409 f2_613 0.28 -0.28 0.35 0 0 0 45 44
f0_8 f1h_426 f1w_355 0.27 -0.27 0.51 0 0 0 45 44
f0_8 f1h_426 f2_73 -1.13 0.37 -0.3 0 0 0 45 45
f0_8 f1h_426 f2_540 -0.61 0.61 0.43 0 0 0 45 48
f0_8 f1h_426 f2_613 -0.32 -0.06 0.45 0 0 0 45 44
f0_8 f1h_426 f2_657 0.07 -0.07 0.1 0 0 0 45 42
f0_8 f1h_426 f2_697 -0.62 0.62 0.18 0 0 0 45 42
f0_8 f1h_426 f2_717 -0.82 0.72 -0.06 0 0 0 45 46
f0_8 f1h_426 f2_892 -0.36 0.36 0.34 0 0 0 45 41
f0_8 f1h_426 f2_929 -0.78 0.18 0.23 0 0 0 45 51
f0_8 f1h_426 f2_977 -0.44 0.4 0.3 0 0 0 45 44
f0_8 f1w_113 f2_613 0.59 -0.59 0.26 0 0 0 42 44
f0_8 f1w_113 f2_657 0.65 -0.65 0.45 0 0 0 42 42
f0_8 f1w_113 f2_951 0.24 -0.24 0.48 0 0 0 42 43
f0_8 f1w_200 f2_73 0.04 -0.04 0.48 0 0 0 46 45
f0_8 f1w_200 f2_540 -0.01 0.01 0.31 0 0 0 46 48
f0_8 f1w_200 f2_613 0.42 -0.42 0.12 0 0 0 46 44
f0_8 f1w_200 f2_657 0.31 -0.31 0.22 0 0 0 46 42
f0_8 f1w_200 f2_697 0.42 -0.42 0.27 0 0 0 46 42
f0_8 f1w_200 f2_892 0.29 -0.29 0.38 0 0 0 46 41
f0_8 f1w_317 f1w_424 0.31 -0.31 0.29 0 0 0 40 45
f0_8 f1w_317 f2_73 0 0 0.46 0 0 0 40 45
f0_8 f1w_317 f2_540 0.46 -0.46 0.59 0 0 0 40 48
f0_8 f1w_317 f2_697 -0.04 0.04 0.32 0 0 0 40 42
f0_8 f1w_317 f2_929 -0.08 0.08 0.39 0 0 0 40 51
f0_8 f1w_317 f2_977 0.11 -0.11 0.4 0 0 0 40 44
f0_8 f1w_323 f1w_355 -0.01 0.01 0.71 0 0 0 41 44
f0_8 f1w_323 f1w_424 0.11 -0.11 0.62 0 0 0 41 45
f0_8 f1w_323 f2_73 -0.21 0.21 0.32 0 0 0 41 45
f0_8 f1w_323 f2_424 -0.08 0.08 0.09 0 0 0 41 46
f0_8 f1w_323 f2_444 0.38 -0.38 0.59 0 0 0 41 42
f0_8 f1w_323 f2_540 0.36 -0.36 0.47 0 0 0 41 48
f0_8 f1w_323 f2_613 0.42 -0.42 0.49 0 0 0 41 44
f0_8 f1w_323 f2_657 0.27 -0.27 0.25 0 0 0 41 42
f0_8 f1w_323 f2_697 -0.03 0.03 0.68 0 0 0 41 42
f0_8 f1w_323 f2_717 -0.07 0.07 0.46 0 0 0 41 46
f0_8 f1w_323 f2_892 -0.03 0.03 0.44 0 0 0 41 41
f0_8 f1w_323 f2_951 0.04 -0.04 0.32 0 0 0 41 43
f0_8 f1w_328 f2_444 0.48 -0.48 0.37 0 0 0 40 42
f0_8 f1w_328 f2_697 0.14 -0.14 0.48 0 0 0 40 42
f0_8 f1w_328 f2_892 0.06 -0.06 0.64 0 0 0 40 41
f0_8 f1w_328 f2_929 -0.27 0.27 -0.01 0 0 0 40 51
f0_8 f1w_355 f1w_418 -0.12 0.12 0.82 0 0 0 44 40
f0_8 f1w_355 f2_61 -0.07 0.07 0.53 0 0 0 44 43
f0_8 f1w_355 f2_613 -0.08 0.08 0.43 0 0 0 44 44
f0_8 f1w_355 f2_892 -0.05 0.05 0.6 0 0 0 44 41
f0_8 f1w_418 f1w_424 0.22 -0.22 0.52 0 0 0 40 45
f0_8 f1w_418 f2_73 -0.23 0.23 -0.15 0 0 0 40 45
f0_8 f1w_418 f2_613 0.28 -0.28 0.36 0 0 0 40 44
f0_8 f1w_418 f2_657 0.2 -0.2 0.54 0 0 0 40 42
f0_8 f1w_418 f2_697 0.16 -0.16 0.5 0 0 0 40 42
f0_8 f1w_418 f2_717 0.09 -0.09 0.6 0 0 0 40 46
f0_8 f1w_418 f2_892 0.07 -0.07 0.38 0 0 0 40 41
f0_8 f1w_424 f2_61 -0.18 0.18 0.43 0 0 0 45 43
f0_8 f1w_424 f2_104 -0.01 0.01 0.41 0 0 0 45 51
f0_8 f1w_424 f2_327 -0.37 0.37 0.43 0 0 0 45 45
f0_8 f1w_424 f2_892 -0.08 0.08 0.72 0 0 0 45 41
f0_8 f1w_424 f2_951 -0.22 0.22 0.23 0 0 0 45 43
f0_8 f2_61 f2_540 0.05 -0.05 0.7 0 0 0 43 48
f0_8 f2_61 f2_613 0.08 -0.08 0.32 0 0 0 43 44
f0_8 f2_61 f2_657 0.1 -0.1 0.12 0 0 0 43 42
f0_8 f2_61 f2_697 0.12 -0.12 0.59 0 0 0 43 42
f0_8 f2_61 f2_717 -0.08 0.08 0.26 0 0 0 43 46
f0_8 f2_61 f2_892 -0.04 0.04 0.37 0 0 0 43 41
f0_8 f2_61 f2_929 -0.16 0.16 0.51 0 0 0 43 51
f0_8 f2_61 f2_951 -0.09 0.09 0.26 0 0 0 43 43
f0_8 f2_73 f2_104 0.42 -0.42 0.42 0 0 0 45 51
f0_8 f2_73 f2_327 0.41 -0.41 -0.26 0 0 0 45 45
f0_8 f2_73 f2_697 0.32 -0.32 0.21 0 0 0 45 42
f0_8 f2_73 f2_756 0.09 -0.09 0.27 0 0 0 45 39
f0_8 f2_73 f2_929 0.03 -0.03 0.49 0 0 0 45 51
f0_8 f2_73 f2_951 0.11 -0.11 0.28 0 0 0 45 43
f0_8 f2_104 f2_540 0.07 -0.07 1.04 0 0 0 51 48
f0_8 f2_104 f2_613 0.39 -0.39 0.05 0 0 0 51 44
f0_8 f2_104 f2_697 -0.17 0.17 0.64 0 0 0 51 42
f0_8 f2_104 f2_892 -0.15 0.15 0.5 0 0 0 51 41
f0_8 f2_104 f2_929 -0.47 0.47 0.3 0 0 0 51 51
f0_8 f2_327 f2_540 0.48 -0.48 0.34 0 0 0 45 48
f0_8 f2_327 f2_613 0.59 -0.59 0.32 0 0 0 45 44
f0_8 f2_327 f2_697 0.26 -0.26 0.36 0 0 0 45 42
f0_8 f2_338 f2_613 -0.17 0.17 0.52 0 0 0 40 44
f0_8 f2_338 f2_657 -0.01 0.01 0.67 0 0 0 40 42
f0_8 f2_338 f2_951 0.06 -0.06 0.19 0 0 0 40 43
f0_8 f2_424 f2_613 0.6 -0.6 -0.09 0 0 0 46 44
f0_8 f2_424 f2_697 0.32 -0.32 0.13 0 0 0 46 42
f0_8 f2_424 f2_892 0.23 -0.23 0.26 0 0 0 46 41
f0_8 f2_444 f2_540 -0.08 0.08 0.51 0 0 0 42 48
f0_8 f2_444 f2_613 0.19 -0.19 0.4 0 0 0 42 44
f0_8 f2_444 f2_892 -0.34 0.34 0.16 0 0 0 42 41
f0_8 f2_540 f2_613 -0.37 0.37 0.71 0 0 0 48 44
f0_8 f2_540 f2_697 -0.19 0.19 0.49 0 0 0 48 42
f0_8 f2_540 f2_929 -0.5 0.5 0.1 0 0 0 48 51
f0_8 f2_540 f2_951 -0.3 0.3 0.53 0 0 0 48 43
f0_8 f2_613 f2_657 0.02 -0.02 0.51 0 0 0 44 42
f0_8 f2_613 f2_697 -0.32 0.32 0.27 0 0 0 44 42
f0_8 f2_613 f2_717 -0.42 0.42 0.18 0 0 0 44 46
f0_8 f2_613 f2_756 -0.07 0.07 0.37 0 0 0 44 39
f0_8 f2_613 f2_892 -0.02 0.02 0.63 0 0 0 44 41
f0_8 f2_613 f2_929 -0.34 0.34 0.16 0 0 0 44 51
f0_8 f2_613 f2_951 -0.13 0.13 0.33 0 0 0 44 43
f0_8 f2_613 f2_977 -0.03 0.03 0.44 0 0 0 44 44
f0_8 f2_657 f2_697 -0.34 0.34 0.15 0 0 0 42 42
f0_8 f2_657 f2_929 -0.27 0.27 0.23 0 0 0 42 51
f0_8 f2_697 f2_717 -0.02 0.02 0.29 0 0 0 42 46
f0_8 f2_697 f2_892 0.32 -0.32 -0.17 0 0 0 42 41
f0_8 f2_697 f2_951 0.23 -0.23 0.04 0 0 0 42 43
f0_8 f2_697 f2_977 -0.18 0.18 0.41 0 0 0 42 44
f0_8 f2_717 f2_892 0.12 -0.12 0.63 0 0 0 46 41
f0_8 f2_717 f2_929 -0.07 0.07 0.25 0 0 0 46 51
f0_8 f2_756 f2_892 0.13 -0.13 0.43 0 0 0 39 41
f0_8 f2_892 f2_929 -0.22 0.22 0.19 0 0 0 41 51
f0_8 f2_892 f2_951 -0.04 0.04 0.49 0 0 0 41 43
f0_8 f2_892 f2_977 -0.04 0.04 0.47 0 0 0 41 44
f0_8 f2_951 f2_977 -0.01 0.01 0.45 0 0 0 43 44
f0_9 f0_11 f1h_200 -0.65 0.65 0.32 0 0 0 40 43
f0_9 f0_680 f2_388 -0.02 0.02 0.41 0 0 0 39 40
f0_9 f1h_187 f1h_200 -0.61 0.61 0.22 0 0 0 45 43
f0_9 f1h_187 f2_40 -0.08 0.08 0.66 0 0 0 45 43
f0_9 f1h_187 f2_346 0.22 -0.22 0.75 0 0 0 45 46
f0_9 f1h_187 f2_388 -0.25 0.25 0.67 0 0 0 45 40
f0_10 f0_12 f0_47 -0.39 0.39 0.28 0 0 0 41 40
f0_10 f0_12 f0_142 -0.07 0.07 0.62 0 0 0 41 45
f0_10 f0_12 f0_175 -0.42 0.42 0.16 0 0 0 41 42
f0_10 f0_12 f0_317 -0.02 0.02 0.2 0 0 0 41 42
f0_10 f0_12 f0_372 -0.12 0.12 -0.11 0 0 0 41 39
f0_10 f0_12 f0_503 -0.1 0.1 0.06 0 0 0 41 46
f0_10 f0_12 f0_505 -0.16 0.16 0.57 0 0 0 41 49
f0_10 f0_12 f0_617 -0.04 0.04 -0.38 0 0 0 41 46
f0_10 f0_12 f0_647 -0.05 0.05 -0.15 0 0 0 41 45
f0_10 f0_12 f0_687 -0.15 0.15 0.61 0 0 0 41 47
f0_10 f0_12 f0_759 0.01 -0.01 -0.02 0 0 0 41 41
f0_10 f0_12 f0_807 -0.09 0.09 0.59 0 0 0 41 44
f0_10 f0_12 f0_907 -0.02 0.02 0.2 0 0 0 41 41
f0_10 f0_12 f0_953 -0.27 0.27 0.4 0 0 0 41 40
