id parent1 parent2 LLRparent1 LLRparent2 LLRpair OHparent1 OHparent2 MEpair SNPd.id.parent1 SNPd.id.parent2
f0_2 f1h_304 f2_244 -0.8 0.8 1.18 0 0 0 73 72
f0_2 f1h_320 f1h_425 0.01 -0.01 1.53 0 0 0 73 74
f0_4 f0_82 f0_213 -0.15 0.15 -0.17 0 0 0 69 72
f0_4 f0_82 f0_351 -0.28 0.28 0.41 0 0 0 69 70
f0_4 f0_82 f0_448 -0.2 0.2 -0.35 0 0 0 69 70
f0_4 f0_82 f0_630 -0.37 0.37 0.1 0 0 0 69 74
f0_4 f0_82 f1h_171 -0.21 0.21 0.59 0 0 0 69 71
f0_4 f0_82 f1w_109 0.12 -0.12 0.5 0 0 0 69 74
f0_4 f0_82 f1w_328 -0.14 0.14 0.26 0 0 0 69 67
f0_4 f0_82 f2_941 0.1 -0.1 0.09 0 0 0 69 73
f0_4 f0_143 f0_213 -0.03 0.03 0.24 0 0 0 74 72
f0_4 f0_213 f1h_369 0.09 -0.09 0.35 0 0 0 72 74
f0_4 f0_213 f1w_493 0.22 -0.22 0.22 0 0 0 72 73
f0_4 f0_213 f2_326 0.08 -0.08 0.57 0 0 0 72 74
f0_4 f0_213 f2_945 -0.35 0.35 0.59 0 0 0 72 67
f0_4 f0_448 f2_945 -0.07 0.07 -0.16 0 0 0 70 67
f0_4 f0_524 f1h_264 -0.32 0.32 1.01 0 0 0 72 72
f0_4 f0_524 f2_138 0.11 -0.11 0.71 0 0 0 72 68
f0_4 f0_741 f2_953 -0.28 0.28 0.87 0 0 0 73 73
f0_4 f1h_15 f1h_369 -0.08 0.08 0.54 0 0 0 72 74
f0_4 f1h_137 f1h_161 -0.16 0.16 0.44 0 0 0 75 73
f0_4 f1h_161 f2_945 0.14 -0.14 0.33 0 0 0 73 67
f0_4 f1h_171 f2_953 0.25 -0.25 0.92 0 0 0 71 73
f0_4 f1h_359 f2_461 0.15 -0.15 1.2 0 0 0 72 75
f0_4 f1h_387 f1w_184 0.33 -0.33 1.04 0 0 0 72 72
f0_4 f1w_109 f2_461 -0.15 0.15 0.7 0 0 0 74 75
f0_4 f2_138 f2_461 -0.34 0.34 0.19 0 0 0 68 75
f0_4 f2_941 f2_945 -0.33 0.33 0.31 0 0 0 73 67
f0_5 f0_319 f0_876 0.25 -0.25 0.67 0 0 0 66 68
f0_5 f0_748 f0_876 0.35 -0.35 -0.19 0 0 0 72 68
f0_5 f0_876 f1h_69 0.72 -0.72 0.34 0 0 0 68 69
f0_5 f0_876 f1w_463 0.49 -0.49 0.57 0 0 0 68 69
f0_5 f0_876 f2_363 -0.02 0.02 1.03 0 0 0 68 70
f0_5 f0_945 f1w_463 1.07 -1.07 0.73 0 0 0 71 69
f0_5 f1h_69 f1h_216 -0.2 0.2 0.33 0 0 0 69 68
f0_5 f1h_216 f1w_463 0.63 -0.63 0.17 0 0 0 68 69
f0_5 f1w_463 f2_55 -0.97 0.97 0.92 0 0 0 69 68
f0_6 f0_77 f1w_35 0.84 -0.84 0.24 0 0 0 70 68
f0_6 f0_77 f1w_280 -0.29 0.29 0.52 0 0 0 70 70
f0_6 f0_77 f2_744 0.2 -0.2 0.3 0 0 0 70 71
f0_6 f0_77 f2_815 -0.11 0.11 0.3 0 0 0 70 71
f0_6 f0_77 f2_864 0.15 -0.15 0.42 0 0 0 70 70
f0_6 f0_77 f2_980 0.04 -0.04 0.44 0 0 0 70 68
f0_6 f0_78 f1w_35 0.73 -0.73 0.68 0 0 0 71 68
f0_6 f0_78 f2_500 -0.06 0.06 0.75 0 0 0 71 72
f0_6 f0_78 f2_980 -0.08 0.08 0.61 0 0 0 71 68
f0_6 f0_84 f1h_82 -0.2 0.2 0.61 0 0 0 69 67
f0_6 f0_84 f1h_361 -0.1 0.1 0.66 0 0 0 69 70
f0_6 f0_147 f2_815 -0.22 0.22 0.37 0 0 0 72 71
f0_6 f0_147 f2_839 0.17 -0.17 0.65 0 0 0 72 72
f0_6 f0_147 f2_864 0.11 -0.11 0.9 0 0 0 72 70
f0_6 f0_157 f2_815 -0.28 0.28 0.75 0 0 0 71 71
f0_6 f0_157 f2_864 0.05 -0.05 0.84 0 0 0 71 70
f0_6 f0_170 f2_815 0.19 -0.19 0.34 0 0 0 71 71
f0_6 f0_170 f2_864 0.47 -0.47 0.44 0 0 0 71 70
f0_6 f0_192 f1w_35 0.58 -0.58 0.92 0 0 0 71 68
f0_6 f0_200 f1w_35 0.38 -0.38 0.79 0 0 0 71 68
f0_6 f0_200 f2_744 -0.21 0.21 0.57 0 0 0 71 71
f0_6 f0_200 f2_815 -0.54 0.54 0.76 0 0 0 71 71
f0_6 f0_200 f2_864 -0.1 0.1 0.97 0 0 0 71 70
f0_6 f0_520 f0_829 0.35 -0.35 0.81 0 0 0 68 69
f0_6 f0_520 f1h_361 -0.01 0.01 0.64 0 0 0 68 70
f0_6 f0_520 f1w_35 0.57 -0.57 -0.13 0 0 0 68 68
f0_6 f0_520 f2_337 0.01 -0.01 0.81 0 0 0 68 72
f0_6 f0_520 f2_815 -0.07 0.07 0.79 0 0 0 68 71
f0_6 f0_520 f2_864 0.41 -0.41 0.28 0 0 0 68 70
f0_6 f0_557 f1h_459 0.41 -0.41 0.79 0 0 0 70 70
f0_6 f0_557 f1w_35 0.88 -0.88 0.3 0 0 0 70 68
f0_6 f0_557 f1w_290 -0.11 0.11 0.82 0 0 0 70 64
f0_6 f0_557 f1w_451 -0.13 0.13 0.53 0 0 0 70 72
f0_6 f0_557 f2_744 0.01 -0.01 0.75 0 0 0 70 71
f0_6 f0_557 f2_864 0.2 -0.2 0.76 0 0 0 70 70
f0_6 f0_630 f0_809 0.1 -0.1 0.66 0 0 0 73 67
f0_6 f0_630 f2_25 0.55 -0.55 0.47 0 0 0 73 69
f0_6 f0_630 f2_744 0.47 -0.47 0.23 0 0 0 73 71
f0_6 f0_630 f2_815 0.1 -0.1 0.22 0 0 0 73 71
f0_6 f0_630 f2_864 0.49 -0.49 0.39 0 0 0 73 70
f0_6 f0_809 f1w_35 1.11 -1.11 0.19 0 0 0 67 68
f0_6 f0_829 f1h_459 0.36 -0.36 0.88 0 0 0 69 70
f0_6 f0_829 f1w_35 0.38 -0.38 0.46 0 0 0 69 68
f0_6 f0_829 f1w_451 -0.12 0.12 0.52 0 0 0 69 72
f0_6 f0_829 f2_25 0.06 -0.06 1.03 0 0 0 69 69
f0_6 f0_829 f2_246 -0.21 0.21 0.59 0 0 0 69 69
f0_6 f0_829 f2_454 0.23 -0.23 0.73 0 0 0 69 73
f0_6 f0_829 f2_744 -0.11 0.11 0.63 0 0 0 69 71
f0_6 f0_829 f2_839 0.07 -0.07 0.76 0 0 0 69 72
f0_6 f0_829 f2_980 -0.35 0.35 0.33 0 0 0 69 68
f0_6 f0_945 f1w_35 0.93 -0.93 0.29 0 0 0 72 68
f0_6 f1h_82 f1w_451 -0.03 0.03 0.31 0 0 0 67 72
f0_6 f1h_82 f2_789 0.34 -0.34 0.77 0 0 0 67 68
f0_6 f1h_82 f2_815 0 0 0.51 0 0 0 67 71
f0_6 f1h_82 f2_864 -0.11 0.11 0.58 0 0 0 67 70
f0_6 f1h_258 f1w_35 0.4 -0.4 0.94 0 0 0 71 68
f0_6 f1h_258 f2_839 -0.22 0.22 1.03 0 0 0 71 72
f0_6 f1h_361 f1h_459 0.54 -0.54 0.36 0 0 0 70 70
f0_6 f1h_361 f2_25 0.05 -0.05 0.92 0 0 0 70 69
f0_6 f1h_361 f2_246 -0.05 0.05 0.31 0 0 0 70 69
f0_6 f1h_361 f2_493 0.02 -0.02 0.85 0 0 0 70 67
f0_6 f1h_361 f2_500 -0.27 0.27 0.39 0 0 0 70 72
f0_6 f1h_361 f2_744 -0.04 0.04 0.38 0 0 0 70 71
f0_6 f1h_361 f2_839 0.01 -0.01 0.65 0 0 0 70 72
f0_6 f1h_361 f2_980 -0.34 0.34 0.43 0 0 0 70 68
f0_6 f1h_382 f2_864 0.06 -0.06 0.78 0 0 0 69 70
f0_6 f1h_459 f1w_35 0.19 -0.19 0.87 0 0 0 70 68
f0_6 f1h_459 f2_337 -0.7 0.7 0.5 0 0 0 70 72
f0_6 f1h_459 f2_815 -0.56 0.56 0.57 0 0 0 70 71
f0_6 f1h_459 f2_864 -0.12 0.12 0.66 0 0 0 70 70
f0_6 f1w_35 f1w_155 -0.78 0.78 0.87 0 0 0 68 72
f0_6 f1w_35 f1w_169 -0.25 0.25 0.3 0 0 0 68 71
f0_6 f1w_35 f1w_214 -1.12 0.69 0.21 0 0 0 68 66
f0_6 f1w_35 f1w_290 -0.95 0.95 0.56 0 0 0 68 64
f0_6 f1w_35 f2_25 -0.22 0.22 1.03 0 0 0 68 69
f0_6 f1w_35 f2_246 -0.66 0.66 0.01 0 0 0 68 69
f0_6 f1w_35 f2_408 -0.47 0.47 0.84 0 0 0 68 67
f0_6 f1w_35 f2_493 -0.4 0.4 0.67 0 0 0 68 67
f0_6 f1w_35 f2_500 -0.26 0.26 0.31 0 0 0 68 72
f0_6 f1w_35 f2_744 -0.83 0.83 0.29 0 0 0 68 71
f0_6 f1w_35 f2_815 -0.81 0.81 0.18 0 0 0 68 71
f0_6 f1w_35 f2_839 -0.56 0.56 0.03 0 0 0 68 72
f0_6 f1w_35 f2_864 -0.63 0.63 0.43 0 0 0 68 70
f0_6 f1w_35 f2_980 -0.88 0.88 0.18 0 0 0 68 68
f0_6 f1w_169 f2_864 0.44 -0.44 0.52 0 0 0 71 70
f0_6 f1w_214 f1w_451 0.19 -0.19 0.42 0 0 0 66 72
f0_6 f1w_214 f2_839 0.41 -0.41 0.4 0 0 0 66 72
f0_6 f1w_280 f2_25 0.46 -0.46 0.63 0 0 0 70 69
f0_6 f1w_280 f2_408 -0.03 0.03 0.75 0 0 0 70 67
f0_6 f1w_280 f2_744 0.38 -0.38 0.18 0 0 0 70 71
f0_6 f1w_451 f2_500 -0.01 0.01 0.3 0 0 0 72 72
f0_6 f1w_451 f2_744 0.15 -0.15 0.33 0 0 0 72 71
f0_6 f1w_451 f2_864 0.31 -0.31 0.1 0 0 0 72 70
f0_6 f1w_451 f2_980 -0.08 0.08 0.34 0 0 0 72 68
f0_6 f2_25 f2_337 -0.4 0.4 0.76 0 0 0 69 72
f0_6 f2_246 f2_337 -0.12 0.12 0.42 0 0 0 69 72
f0_6 f2_246 f2_815 -0.15 0.15 0.72 0 0 0 69 71
f0_6 f2_246 f2_864 0.06 -0.06 0.34 0 0 0 69 70
f0_6 f2_337 f2_744 0.26 -0.26 0.46 0 0 0 72 71
f0_6 f2_337 f2_839 0.06 -0.06 0.27 0 0 0 72 72
f0_6 f2_337 f2_980 0.02 -0.02 0.41 0 0 0 72 68
f0_6 f2_454 f2_744 -0.2 0.2 0.5 0 0 0 73 71
f0_6 f2_454 f2_815 -0.68 0.68 0.6 0 0 0 73 71
f0_6 f2_454 f2_864 -0.11 0.11 0.71 0 0 0 73 70
f0_6 f2_493 f2_744 -0.18 0.18 0.53 0 0 0 67 71
f0_6 f2_493 f2_864 0.04 -0.04 0.68 0 0 0 67 70
f0_6 f2_500 f2_789 0.35 -0.35 0.75 0 0 0 72 68
f0_6 f2_500 f2_815 0.04 -0.04 0.12 0 0 0 72 71
f0_6 f2_500 f2_880 0.39 -0.39 0.71 0 0 0 72 71
f0_6 f2_744 f2_815 -0.19 0.19 0.32 0 0 0 71 71
f0_6 f2_744 f2_839 0.16 -0.16 0.33 0 0 0 71 72
f0_6 f2_789 f2_864 -0.25 0.25 0.32 0 0 0 68 70
f0_6 f2_789 f2_980 -0.35 0.35 0.51 0 0 0 68 68
f0_6 f2_815 f2_839 0.5 -0.5 0.59 0 0 0 71 72
f0_6 f2_815 f2_980 0.02 -0.02 0.42 0 0 0 71 68
f0_6 f2_839 f2_864 0.06 -0.06 0.39 0 0 0 72 70
f0_6 f2_839 f2_980 -0.21 0.21 0.36 0 0 0 72 68
f0_6 f2_880 f2_980 -0.43 0.43 0.57 0 0 0 71 68
f0_8 f0_225 f2_61 -0.12 0.12 0.56 0 0 0 72 68
f0_10 f0_146 f2_61 0.7 -0.7 0.35 0 0 0 71 70
f0_10 f0_164 f0_930 0.24 -0.24 0.06 0 0 0 69 73
f0_10 f0_164 f1w_317 0.15 -0.15 0.09 0 0 0 69 69
f0_10 f0_164 f2_61 0.92 -0.92 -0.03 0 0 0 69 70
f0_10 f0_449 f0_503 -0.14 0.14 0.45 0 0 0 68 72
f0_10 f0_449 f0_930 -0.09 0.09 0.39 0 0 0 68 73
f0_10 f0_449 f1h_137 0.25 -0.25 0.66 0 0 0 68 73
f0_10 f0_503 f1h_361 0.45 -0.45 0.42 0 0 0 72 69
f0_10 f0_503 f1w_98 0.55 -0.55 0.3 0 0 0 72 70
f0_10 f0_628 f2_61 0.37 -0.37 0.28 0 0 0 70 70
f0_10 f0_628 f2_892 -0.31 0.31 0.66 0 0 0 70 68
f0_10 f0_628 f2_946 -0.28 0.28 0.98 0 0 0 70 73
f0_10 f0_930 f1w_98 0.39 -0.39 0.42 0 0 0 73 70
f0_10 f0_930 f2_61 0.39 -0.39 0.44 0 0 0 73 70
f0_10 f0_930 f2_892 0.1 -0.1 0.11 0 0 0 73 68
f0_10 f1h_7 f1w_317 -0.29 0.29 0.46 0 0 0 69 69
f0_10 f1h_43 f1h_205 0.04 -0.04 0.7 0 0 0 69 72
f0_10 f1h_43 f2_61 0.08 -0.08 0.92 0 0 0 69 70
f0_10 f1h_48 f2_61 0.96 -0.96 0.63 0 0 0 71 70
f0_10 f1w_98 f1w_317 -0.37 0.37 0.4 0 0 0 70 69
f0_10 f1w_98 f1w_443 -0.19 0.19 0.64 0 0 0 70 68
f0_10 f1w_98 f2_61 0.11 -0.11 0.92 0 0 0 70 70
f0_10 f1w_317 f2_61 0.55 -0.55 0.24 0 0 0 69 70
f0_10 f1w_317 f2_949 0.32 -0.32 0.68 0 0 0 69 70
f0_10 f1w_475 f2_892 -0.49 0.49 0.74 0 0 0 71 68
f0_10 f2_61 f2_781 -0.5 0.5 0.54 0 0 0 70 71
f0_11 f0_781 f0_823 -0.18 0.18 0.46 0 0 0 71 73
f0_11 f0_781 f1h_13 -0.26 0.26 0.18 0 0 0 71 71
f0_11 f0_781 f1h_264 0.8 -0.8 0.56 0 0 0 71 70
f0_11 f0_781 f1w_98 0.07 -0.07 0.73 0 0 0 71 70
f0_11 f0_781 f1w_479 0.07 -0.07 0.77 0 0 0 71 68
f0_11 f0_781 f2_32 -0.14 0.14 0.33 0 0 0 71 73
f0_11 f0_781 f2_444 -0.17 0.17 0.74 0 0 0 71 72
f0_11 f1h_120 f1h_264 0.33 -0.33 1.23 0 0 0 70 70
f0_11 f1h_289 f1w_98 0.53 -0.53 0.59 0 0 0 73 70
f0_11 f1h_429 f1w_98 0.38 -0.38 0.63 0 0 0 71 70
f0_11 f1h_429 f2_444 0.12 -0.12 0.97 0 0 0 71 72
f0_13 f0_225 f2_934 0.19 -0.19 0.45 0 0 0 74 72
f0_13 f0_499 f1w_255 0.09 -0.09 0.65 0 0 0 72 71
f0_13 f0_573 f2_24 0.28 -0.28 0.66 0 0 0 72 69
f0_13 f0_614 f2_934 0.13 -0.13 0.38 0 0 0 73 72
f0_13 f0_734 f2_364 -0.05 0.05 0.74 0 0 0 73 73
f0_13 f0_748 f2_24 0.16 -0.16 0.67 0 0 0 75 69
f0_13 f1h_184 f2_356 0.4 -0.4 0.66 0 0 0 74 73
f0_13 f1w_34 f2_934 0.03 -0.03 0.58 0 0 0 72 72
f0_13 f1w_255 f2_24 0.14 -0.14 0.46 0 0 0 71 69
f0_13 f1w_255 f2_934 0 0 0.45 0 0 0 71 72
f0_13 f1w_377 f2_934 -0.05 0.05 0.33 0 0 0 74 72
f0_13 f2_14 f2_24 0.13 -0.13 0.83 0 0 0 72 69
f0_13 f2_14 f2_356 0.28 -0.28 0.94 0 0 0 72 73
f0_13 f2_24 f2_364 0.03 -0.03 0.55 0 0 0 69 73
f0_13 f2_356 f2_364 -0.22 0.22 0.71 0 0 0 73 73
f0_13 f2_364 f2_934 0.02 -0.02 0.49 0 0 0 73 72
f0_15 f0_13 f1h_196 0.21 -0.21 0.98 0 0 0 73 71
f0_15 f0_75 f1h_457 0.29 -0.29 0.31 0 0 0 74 65
f0_15 f0_75 f2_808 0.32 -0.32 0.61 0 0 0 74 71
f0_15 f0_239 f1h_265 -0.05 0.05 0.5 0 0 0 71 71
f0_15 f0_239 f2_297 -0.1 0.1 0.41 0 0 0 71 69
f0_15 f0_474 f1h_457 0.5 -0.5 0.4 0 0 0 73 65
f0_15 f1h_62 f2_734 0.49 -0.49 0.55 0 0 0 70 68
f0_15 f1h_62 f2_808 0 0 0.12 0 0 0 70 71
f0_15 f1h_181 f2_808 0.38 -0.38 0.67 0 0 0 71 71
f0_15 f1h_196 f1h_457 0.2 -0.2 1.05 0 0 0 71 65
f0_15 f1h_457 f1w_479 -0.07 0.07 0.42 0 0 0 65 68
f0_15 f1h_457 f1w_480 0.03 -0.03 0.17 0 0 0 65 70
f0_15 f1h_457 f2_700 -0.15 0.15 0.81 0 0 0 65 72
f0_15 f1w_40 f2_297 -0.3 0.3 0.67 0 0 0 67 69
f0_15 f1w_40 f2_734 0.29 -0.29 0.89 0 0 0 67 68
f0_15 f1w_40 f2_808 -0.18 0.18 0.52 0 0 0 67 71
f0_15 f2_277 f2_808 0.37 -0.37 1.04 0 0 0 71 71
f0_15 f2_683 f2_808 -0.21 0.21 0.81 0 0 0 71 71
f0_15 f2_700 f2_808 -0.07 0.07 0.94 0 0 0 72 71
f0_18 f0_135 f1w_479 0.08 -0.08 0.51 0 0 0 66 66
f0_19 f0_26 f0_162 0.74 -0.74 0.73 0 0 0 65 69
f0_19 f0_26 f1h_161 -0.06 0.06 0.86 0 0 0 65 67
f0_19 f0_38 f1h_299 -0.09 0.09 0.56 0 0 0 67 64
f0_19 f0_50 f1h_299 -0.22 0.22 0.4 0 0 0 70 64
f0_19 f0_60 f0_416 -0.03 0.03 0.99 0 0 0 69 66
f0_19 f0_162 f1h_299 -0.66 0.66 0.26 0 0 0 69 64
f0_19 f0_162 f1w_39 -0.09 0.09 0.24 0 0 0 69 71
f0_19 f0_162 f2_642 -0.25 0.25 0.18 0 0 0 69 66
f0_19 f0_162 f2_700 -0.74 0.74 0.73 0 0 0 69 69
f0_19 f0_195 f1h_299 0.09 -0.09 0.61 0 0 0 66 64
f0_19 f0_195 f2_61 0.33 -0.33 0.39 0 0 0 66 67
f0_19 f0_208 f1h_299 0.09 -0.09 -0.21 0 0 0 64 64
f0_19 f0_208 f1w_447 0.15 -0.15 0.7 0 0 0 64 71
f0_19 f0_208 f2_642 0.1 -0.1 0.84 0 0 0 64 66
f0_19 f0_208 f2_700 0.24 -0.24 0.02 0 0 0 64 69
f0_19 f0_416 f1h_299 0.04 -0.04 0.53 0 0 0 66 64
f0_19 f0_416 f1w_399 -0.39 0.39 0.17 0 0 0 66 66
f0_19 f0_463 f1h_299 0.11 -0.11 0.58 0 0 0 64 64
f0_19 f0_463 f1w_399 0.14 -0.14 0.75 0 0 0 64 66
f0_19 f0_574 f1h_299 -0.16 0.16 -0.01 0 0 0 65 64
f0_19 f0_574 f2_642 0.06 -0.06 0.78 0 0 0 65 66
f0_19 f0_636 f2_61 0.4 -0.4 0.32 0 0 0 67 67
f0_19 f1h_161 f1h_299 -0.08 0.08 0.11 0 0 0 67 64
f0_19 f1h_161 f2_700 0.12 -0.12 0.76 0 0 0 67 69
f0_19 f1h_299 f1w_40 0.06 -0.06 0.13 0 0 0 64 65
f0_19 f1h_299 f1w_447 0.12 -0.12 0.63 0 0 0 64 71
f0_19 f1h_299 f2_135 0.54 -0.54 -0.25 0 0 0 64 65
f0_19 f1h_299 f2_811 -0.1 0.1 0.21 0 0 0 64 65
f0_19 f1h_299 f2_949 0.04 -0.04 0.56 0 0 0 64 68
f0_19 f1h_299 f2_974 -0.26 0.26 0.33 0 0 0 64 66
f0_19 f1w_39 f1w_40 0.16 -0.16 0.6 0 0 0 71 65
f0_19 f1w_399 f1w_447 0.09 -0.09 0.57 0 0 0 66 71
f0_19 f1w_399 f2_642 0.05 -0.05 0.84 0 0 0 66 66
f0_19 f2_61 f2_135 -0.13 0.13 0.44 0 0 0 67 65
f0_19 f2_61 f2_186 -0.23 0.23 0.56 0 0 0 67 68
f0_19 f2_61 f2_642 -0.1 0.1 0.92 0 0 0 67 66
f0_19 f2_61 f2_949 -0.08 0.08 0.53 0 0 0 67 68
f0_19 f2_61 f2_974 -0.33 0.33 0.61 0 0 0 67 66
f0_19 f2_700 f2_811 0 0 0.91 0 0 0 69 65
f0_20 f0_861 f1h_409 0.4 -0.4 1.18 0 0 0 72 71
f0_21 f0_68 f2_415 -0.44 0.44 1.08 0 0 0 71 71
f0_23 f0_56 f0_188 -0.39 0.39 0.37 0 0 0 73 73
f0_23 f0_56 f0_578 -0.23 0.23 0.54 0 0 0 73 75
f0_23 f0_56 f0_859 -0.1 0.1 1.06 0 0 0 73 74
f0_23 f0_56 f1h_424 -0.52 0.52 0.41 0 0 0 73 73
f0_23 f0_56 f2_873 -0.32 0.32 0.68 0 0 0 73 72
f0_23 f0_188 f0_930 0.16 -0.16 0.49 0 0 0 73 74
f0_23 f0_188 f1h_308 0.16 -0.16 0.23 0 0 0 73 71
f0_23 f0_319 f1w_449 0.16 -0.16 0.71 0 0 0 67 68
f0_23 f0_403 f2_873 -0.05 0.05 0.94 0 0 0 73 72
f0_23 f0_403 f2_879 -0.29 0.29 0.7 0 0 0 73 75
f0_23 f0_578 f0_930 0.06 -0.06 0.7 0 0 0 75 74
f0_23 f0_578 f1h_308 -0.02 0.02 0.58 0 0 0 75 71
f0_23 f0_578 f2_778 -0.22 0.22 0.73 0 0 0 75 71
f0_23 f0_628 f2_879 -0.3 0.3 0.44 0 0 0 72 75
f0_23 f0_630 f0_930 0.1 -0.1 0.54 0 0 0 74 74
f0_23 f0_930 f1h_424 -0.2 0.2 0.41 0 0 0 74 73
f0_23 f0_930 f1w_449 0.01 -0.01 0.6 0 0 0 74 68
f0_23 f0_930 f2_200 0.08 -0.08 0.82 0 0 0 74 72
f0_23 f0_930 f2_700 0.22 -0.22 0.74 0 0 0 74 74
f0_23 f0_930 f2_873 0.13 -0.13 0.37 0 0 0 74 72
f0_23 f1h_150 f2_879 -0.28 0.28 0.79 0 0 0 72 75
f0_23 f1h_308 f2_200 -0.02 0.02 0.48 0 0 0 71 72
f0_23 f1h_308 f2_700 0.22 -0.22 0.62 0 0 0 71 74
f0_23 f1w_158 f2_873 0.19 -0.19 0.78 0 0 0 74 72
f0_23 f1w_449 f2_157 -0.02 0.02 0.46 0 0 0 68 73
f0_23 f2_200 f2_557 0.01 -0.01 0.69 0 0 0 72 74
f0_25 f0_989 f1h_163 0.45 -0.45 1.02 0 0 0 69 71
f0_25 f1h_163 f2_21 -0.44 0.44 0.82 0 0 0 71 71
f0_25 f1h_163 f2_941 -0.04 0.04 1.22 0 0 0 71 70
f0_25 f1h_163 f2_980 -0.28 0.28 0.68 0 0 0 71 68
f0_25 f1h_494 f2_21 0.22 -0.22 1.04 0 0 0 68 71
f0_25 f2_21 f2_980 -0.17 0.17 0.79 0 0 0 71 68
f0_26 f0_74 f1w_222 0.33 -0.33 0.75 0 0 0 66 68
f0_26 f1h_127 f1w_30 -0.37 0.37 0.95 0 0 0 68 65
f0_26 f1h_127 f2_308 -0.44 0.44 1.02 0 0 0 68 67
f0_26 f1h_127 f2_817 -0.68 0.68 0.61 0 0 0 68 68
f0_27 f0_8 f0_781 -0.57 0.57 0.52 0 0 0 71 73
f0_27 f0_8 f1h_62 -0.44 0.44 0.76 0 0 0 71 72
f0_27 f0_8 f1w_100 -0.23 0.23 1.04 0 0 0 71 73
f0_27 f0_8 f2_241 -0.22 0.22 0.86 0 0 0 71 70
f0_27 f0_614 f2_574 0.07 -0.07 1.13 0 0 0 74 73
f0_27 f0_614 f2_945 0.28 -0.28 0.86 0 0 0 74 67
f0_27 f0_876 f2_945 -0.04 0.04 0.49 0 0 0 70 67
f0_27 f1h_62 f2_945 -0.01 0.01 0.42 0 0 0 72 67
f0_27 f1h_103 f2_683 -0.47 0.47 0.5 0 0 0 71 73
f0_27 f2_186 f2_241 0.43 -0.43 0.77 0 0 0 72 70
f0_28 f1h_222 f1h_315 -1.23 1.23 0.63 0 0 0 64 73
f0_29 f0_960 f1h_404 0.24 -0.24 1.18 0 0 0 69 68
f0_31 f1h_91 f1h_117 -0.03 0.03 1.44 0 0 0 70 72
f0_31 f1h_91 f1h_205 0.03 -0.03 0.76 0 0 0 70 70
f0_31 f1h_205 f2_73 -1.21 1.21 -0.19 0 0 1 70 70
f0_34 f1h_233 f2_498 -1 1 1.16 0 0 0 73 72
f0_38 f0_4 f0_960 0.47 -0.47 0.32 0 0 0 70 70
f0_38 f0_19 f0_930 -0.53 0.53 0.2 0 0 0 67 71
f0_38 f0_19 f0_960 0.06 -0.06 0.71 0 0 0 67 70
f0_38 f0_50 f0_960 0.09 -0.09 1.14 0 0 0 70 70
f0_38 f0_350 f1h_161 0.08 -0.08 0.6 0 0 0 62 68
f0_38 f0_350 f2_99 0.37 -0.37 0.7 0 0 0 62 70
f0_38 f0_459 f0_807 0.1 -0.1 0.74 0 0 0 68 68
f0_38 f0_459 f1h_359 -0.06 0.06 0.82 0 0 0 68 68
f0_38 f0_459 f1h_442 -0.03 0.03 0.7 0 0 0 68 68
f0_38 f0_459 f2_554 0.04 -0.04 0.5 0 0 0 68 69
f0_38 f0_459 f2_715 0.03 -0.03 0.77 0 0 0 68 69
f0_38 f0_807 f0_930 -0.46 0.46 0.26 0 0 0 68 71
f0_38 f0_930 f1h_493 0.04 -0.04 0.24 0 0 0 71 67
f0_38 f0_930 f1w_228 0.14 -0.14 0.43 0 0 0 71 70
f0_38 f0_930 f2_99 0.55 -0.55 0.15 0 0 0 71 70
f0_38 f0_930 f2_787 0.09 -0.09 0.34 0 0 0 71 67
f0_38 f0_930 f2_974 0.24 -0.24 0.14 0 0 0 71 65
f0_38 f0_960 f1h_442 -0.44 0.44 0.37 0 0 0 70 68
f0_38 f0_960 f1w_228 -0.3 0.3 0.47 0 0 0 70 70
f0_38 f0_960 f2_99 0 0 0.53 0 0 0 70 70
f0_38 f0_960 f2_554 -0.26 0.26 0.7 0 0 0 70 69
f0_38 f0_960 f2_949 -0.39 0.39 0.62 0 0 0 70 69
f0_38 f1h_161 f1h_442 -0.13 0.13 0.46 0 0 0 68 68
f0_38 f1h_161 f2_761 -0.14 0.14 0.78 0 0 0 68 67
f0_38 f1h_161 f2_787 -0.13 0.13 0.16 0 0 0 68 67
f0_38 f1h_161 f2_817 -0.05 0.05 0.43 0 0 0 68 69
f0_38 f1h_442 f1h_493 -0.15 0.15 0.72 0 0 0 68 67
f0_38 f2_554 f2_787 -0.11 0.11 0.49 0 0 0 69 67
f0_39 f0_123 f2_849 -0.45 0.45 0.44 0 0 0 67 68
f0_39 f1w_326 f2_3 0.13 -0.13 0.86 0 0 0 69 71
f0_39 f1w_397 f1w_437 0.23 -0.23 0.54 0 0 0 66 65
f0_39 f1w_437 f2_3 -0.12 0.12 0.86 0 0 0 65 71
f0_40 f0_176 f0_587 -0.17 0.17 0.98 0 0 0 71 69
f0_41 f0_120 f0_955 -0.18 0.18 1.21 0 0 0 73 72
f0_41 f0_155 f1h_108 0.11 -0.11 0.54 0 0 0 74 74
f0_41 f0_155 f1h_184 0.36 -0.36 0.24 0 0 0 74 74
f0_41 f0_155 f1w_56 0.27 -0.27 0.55 0 0 0 74 71
f0_41 f0_155 f1w_495 0.64 -0.64 -0.13 0 0 0 74 74
f0_41 f0_155 f2_69 0.32 -0.32 -0.02 0 0 0 74 70
f0_41 f0_155 f2_647 0.3 -0.3 -0.03 0 0 0 74 73
f0_41 f1h_184 f2_175 0.06 -0.06 0.15 0 0 0 74 68
f0_41 f1w_56 f1w_253 -0.24 0.24 0.8 0 0 0 71 73
f0_41 f2_175 f2_647 0.18 -0.18 0.11 0 0 0 68 73
f0_42 f0_102 f0_743 -0.6 0.6 0.65 0 0 0 74 74
f0_43 f0_123 f2_647 0.01 -0.01 0.38 0 0 0 69 72
f0_43 f0_230 f1h_405 -0.61 0.61 0.72 0 0 0 75 73
f0_43 f0_230 f2_647 -0.4 0.4 0.58 0 0 0 75 72
f0_43 f1h_405 f2_399 0.09 -0.09 0.95 0 0 0 73 73
f0_43 f2_351 f2_399 -0.61 0.61 0.59 0 0 0 68 73
f0_44 f0_203 f1h_438 0.4 -0.4 1.12 0 0 0 72 71
f0_44 f0_768 f1h_438 0.64 -0.64 1.11 0 0 0 69 71
f0_44 f1h_14 f1h_438 0.28 -0.28 0.62 0 0 0 71 71
f0_44 f1h_173 f1h_438 0.86 -0.86 0.61 0 0 0 72 71
f0_44 f1h_438 f1w_68 -0.38 0.38 1.04 0 0 0 71 72
f0_44 f1h_438 f1w_102 -0.77 0.77 0.74 0 0 0 71 72
f0_44 f1h_438 f1w_136 0.27 -0.27 0.41 0 0 0 71 70
f0_44 f1h_438 f2_133 -0.19 0.19 0.75 0 0 0 71 71
f0_44 f1h_438 f2_226 -0.55 0.55 1.03 0 0 0 71 73
f0_44 f1h_438 f2_503 0.56 -0.56 0.26 0 0 0 71 71
f0_44 f1h_438 f2_547 -0.08 0.08 0.63 0 0 0 71 74
f0_45 f0_68 f2_558 0.12 -0.12 0.64 0 0 0 72 68
f0_45 f0_68 f2_734 -0.02 0.02 0.46 0 0 0 72 70
f0_45 f0_76 f0_470 -0.14 0.14 0.33 0 0 0 68 71
f0_45 f0_76 f1w_82 -0.42 0.42 0.49 0 0 0 68 73
f0_45 f0_76 f1w_281 -0.09 0.09 0.97 0 0 0 68 72
f0_45 f0_76 f2_242 0.04 -0.04 1.14 0 0 0 68 73
f0_45 f0_104 f0_987 -0.7 0.7 0.69 0 0 0 71 73
f0_45 f0_104 f1h_108 -0.07 0.07 0.95 0 0 0 71 74
f0_45 f0_104 f2_14 -0.14 0.14 0.54 0 0 0 71 72
f0_45 f0_172 f1h_108 0.55 -0.55 0.62 0 0 0 72 74
f0_45 f0_172 f2_14 0.31 -0.31 0.56 0 0 0 72 72
f0_45 f0_197 f2_242 0.38 -0.38 0.81 0 0 0 72 73
f0_45 f0_254 f1w_281 -0.19 0.19 0.89 0 0 0 76 72
f0_45 f0_254 f1w_418 -0.19 0.19 0.62 0 0 0 76 71
f0_45 f0_290 f1h_108 -0.27 0.27 0.64 0 0 0 70 74
f0_45 f0_470 f1h_108 0.02 -0.02 0.73 0 0 0 71 74
f0_45 f0_470 f1w_418 -0.07 0.07 0.84 0 0 0 71 71
f0_45 f0_470 f2_14 0.16 -0.16 0.83 0 0 0 71 72
f0_45 f0_614 f1h_193 0.01 -0.01 0.76 0 0 0 74 69
f0_45 f0_769 f1h_108 0.53 -0.53 0.54 0 0 0 73 74
f0_45 f0_769 f1h_407 0.48 -0.48 0.97 0 0 0 73 72
f0_45 f0_987 f2_376 0.02 -0.02 0.82 0 0 0 73 73
f0_45 f0_987 f2_678 0.25 -0.25 0.48 0 0 0 73 72
f0_45 f0_988 f1w_281 -0.05 0.05 0.52 0 0 0 73 72
f0_45 f0_988 f2_242 0.22 -0.22 0.98 0 0 0 73 73
f0_45 f0_988 f2_558 -0.15 0.15 0.68 0 0 0 73 68
f0_45 f1h_14 f1h_128 0.05 -0.05 0.38 0 0 0 72 71
f0_45 f1h_14 f1h_394 -0.02 0.02 0.64 0 0 0 72 74
f0_45 f1h_14 f1h_404 0.24 -0.24 0.05 0 0 0 72 73
f0_45 f1h_108 f1h_123 -0.29 0.29 0.27 0 0 0 74 75
f0_45 f1h_108 f1h_128 -0.29 0.29 0.74 0 0 0 74 71
f0_45 f1h_108 f1w_159 -0.25 0.25 0.66 0 0 0 74 76
f0_45 f1h_108 f1w_281 -0.3 0.3 0.74 0 0 0 74 72
f0_45 f1h_108 f1w_328 -0.31 0.31 0.72 0 0 0 74 67
f0_45 f1h_108 f1w_418 -0.19 0.19 0.16 0 0 0 74 71
f0_45 f1h_108 f1w_459 -0.01 0.01 0.63 0 0 0 74 70
f0_45 f1h_108 f2_242 -0.08 0.08 1.02 0 0 0 74 73
f0_45 f1h_108 f2_256 -0.37 0.37 0.23 0 0 0 74 72
f0_45 f1h_108 f2_376 -0.59 0.59 0.42 0 0 0 74 73
f0_45 f1h_108 f2_558 0.06 -0.06 0.21 0 0 0 74 68
f0_45 f1h_113 f1w_281 -0.18 0.18 0.45 0 0 0 67 72
f0_45 f1h_113 f2_376 -0.36 0.36 0.38 0 0 0 67 73
f0_45 f1h_193 f1w_281 0.09 -0.09 0.75 0 0 0 69 72
f0_45 f1h_193 f2_242 0.13 -0.13 0.95 0 0 0 69 73
f0_45 f1h_193 f2_376 -0.37 0.37 0.9 0 0 0 69 73
f0_45 f1h_367 f1h_407 0.67 -0.67 0.65 0 0 0 74 72
f0_45 f1h_394 f1w_418 -0.11 0.11 0.95 0 0 0 74 71
f0_45 f1h_404 f2_14 0.14 -0.14 0.86 0 0 0 73 72
f0_45 f1h_407 f2_242 -0.33 0.33 0.79 0 0 0 72 73
f0_45 f1h_407 f2_256 -1.25 1.25 0.46 0 0 0 72 72
f0_45 f1w_82 f1w_418 -0.02 0.02 0.74 0 0 0 73 71
f0_45 f1w_159 f2_14 0.14 -0.14 0.7 0 0 0 76 72
f0_45 f1w_281 f1w_328 0.33 -0.33 0.38 0 0 0 72 67
f0_45 f1w_281 f1w_459 0.72 -0.72 -0.22 0 0 0 72 70
f0_45 f1w_281 f2_14 0.31 -0.31 0.16 0 0 0 72 72
f0_45 f1w_281 f2_384 -0.23 0.23 0.59 0 0 0 72 72
f0_45 f1w_281 f2_643 0.22 -0.22 -0.2 0 0 0 72 71
f0_45 f2_14 f2_242 0.18 -0.18 0.67 0 0 0 72 73
f0_45 f2_14 f2_376 -0.38 0.38 0.52 0 0 0 72 73
f0_45 f2_14 f2_558 -0.12 0.12 0.58 0 0 0 72 68
f0_45 f2_14 f2_728 0.08 -0.08 0.36 0 0 0 72 75
f0_45 f2_242 f2_643 -0.32 0.32 0.62 0 0 0 73 71
f0_45 f2_242 f2_791 -0.11 0.11 0.86 0 0 0 73 75
f0_45 f2_558 f2_643 -0.04 0.04 0.74 0 0 0 68 71
f0_45 f2_558 f2_791 0.15 -0.15 0.93 0 0 0 68 75
f0_45 f2_643 f2_728 0.04 -0.04 0.59 0 0 0 71 75
f0_46 f0_780 f0_930 0.63 -0.63 0.23 0 0 0 64 69
f0_46 f0_780 f1h_188 0.27 -0.27 0.62 0 0 0 64 65
f0_46 f0_930 f1h_188 0.29 -0.29 0.7 0 0 0 69 65
f0_46 f0_930 f1h_340 0.25 -0.25 0.98 0 0 0 69 67
f0_46 f0_930 f2_304 -0.4 0.4 0.4 0 0 0 69 67
f0_46 f0_930 f2_456 -0.26 0.26 1.07 0 0 0 69 67
f0_46 f0_930 f2_491 0.25 -0.25 1.01 0 0 0 69 69
f0_46 f0_930 f2_647 -0.24 0.24 0.75 0 0 0 69 68
f0_46 f0_930 f2_892 0.16 -0.16 0.7 0 0 0 69 65
f0_46 f1h_425 f2_456 0.07 -0.07 0.87 0 0 0 69 67
f0_46 f2_304 f2_456 0.46 -0.46 0.54 0 0 0 67 67
f0_46 f2_304 f2_892 0.38 -0.38 0.56 0 0 0 67 65
f0_48 f1h_192 f2_297 -0.89 0.89 0.59 0 0 0 70 66
f0_49 f0_421 f2_24 0.52 -0.52 0.75 0 0 0 74 69
f0_49 f1h_198 f1w_255 -0.31 0.31 0.81 0 0 0 74 72
f0_50 f0_10 f1h_173 0.18 -0.18 0.79 0 0 0 73 73
f0_50 f0_10 f1h_289 0.41 -0.41 0.6 0 0 0 73 75
f0_50 f0_38 f0_110 -0.4 0.4 0.16 0 0 0 70 74
f0_50 f0_110 f0_374 0.4 -0.4 0.45 0 0 0 74 73
f0_50 f0_110 f0_768 0.58 -0.58 0.48 0 0 0 74 70
f0_50 f0_110 f0_953 0.13 -0.13 -0.02 0 0 0 74 71
f0_50 f0_110 f1h_173 0.81 -0.81 0.12 0 0 0 74 73
f0_50 f0_110 f1h_369 0.33 -0.33 0.19 0 0 0 74 74
f0_50 f0_110 f1h_442 0.09 -0.09 0.42 0 0 0 74 71
f0_50 f0_110 f1w_155 0.48 -0.48 0.61 0 0 0 74 73
f0_50 f0_110 f1w_207 0.31 -0.31 0.36 0 0 0 74 67
f0_50 f0_110 f2_547 0.21 -0.21 -0.02 0 0 0 74 75
f0_50 f0_119 f1h_289 -0.14 0.14 0.98 0 0 0 73 75
f0_50 f0_230 f1h_173 0.63 -0.63 0.48 0 0 0 76 73
f0_50 f0_230 f1h_184 -0.28 0.28 -0.1 0 0 0 76 74
f0_50 f0_246 f1h_184 -0.38 0.38 0.57 0 0 0 70 74
f0_50 f0_246 f1h_264 0.19 -0.19 1.08 0 0 0 70 72
f0_50 f0_246 f1h_289 0.32 -0.32 0.49 0 0 0 70 75
f0_50 f0_246 f2_77 -0.24 0.24 1.07 0 0 0 70 72
f0_50 f0_295 f1h_184 -0.11 0.11 0.42 0 0 0 72 74
f0_50 f0_687 f1h_289 0.34 -0.34 0.51 0 0 0 74 75
f0_50 f0_768 f1h_289 0.15 -0.15 0.91 0 0 0 70 75
f0_50 f0_829 f1h_173 0.33 -0.33 0.86 0 0 0 71 73
f0_50 f0_829 f1h_442 -0.37 0.37 0.65 0 0 0 71 71
f0_50 f0_829 f1h_459 0.04 -0.04 1.26 0 0 0 71 72
f0_50 f0_953 f1h_289 -0.29 0.29 0.9 0 0 0 71 75
f0_50 f0_955 f1h_173 0.67 -0.67 0.41 0 0 0 72 73
f0_50 f0_955 f1h_184 0.03 -0.03 0.33 0 0 0 72 74
f0_50 f0_955 f2_554 -0.04 0.04 0.94 0 0 0 72 73
f0_50 f1h_104 f1h_173 0.22 -0.22 1.04 0 0 0 71 73
f0_50 f1h_104 f1h_289 0.01 -0.01 0.99 0 0 0 71 75
f0_50 f1h_104 f1h_442 -0.41 0.41 0.49 0 0 0 71 71
f0_50 f1h_173 f1w_326 -0.52 0.52 0.46 0 0 0 73 73
f0_50 f1h_184 f1h_459 0.54 -0.54 0.49 0 0 0 74 72
f0_50 f1h_184 f1w_484 0.28 -0.28 0.6 0 0 0 74 75
f0_50 f1h_184 f2_399 0.05 -0.05 0.57 0 0 0 74 73
f0_50 f1h_264 f1h_442 -0.56 0.56 0.57 0 0 0 72 71
f0_50 f1h_264 f2_744 -0.67 0.67 0.69 0 0 0 72 73
f0_50 f1h_289 f1h_459 -0.03 0.03 1.02 0 0 0 75 72
f0_50 f1h_289 f1w_155 -0.21 0.21 0.77 0 0 0 75 73
f0_50 f1h_289 f1w_326 -0.41 0.41 0.47 0 0 0 75 73
f0_50 f1h_289 f2_114 -0.3 0.3 0.56 0 0 0 75 73
f0_50 f1h_289 f2_547 -0.1 0.1 0.61 0 0 0 75 75
f0_50 f1h_289 f2_554 -0.1 0.1 0.63 0 0 0 75 73
f0_50 f1h_369 f1h_459 0.23 -0.23 0.86 0 0 0 74 72
f0_50 f1h_442 f1w_326 0.17 -0.17 0.44 0 0 0 71 73
f0_50 f2_547 f2_742 -0.06 0.06 0.82 0 0 0 75 70
f0_50 f2_547 f2_744 -0.31 0.31 0.48 0 0 0 75 73
f0_54 f0_77 f1w_91 -0.16 0.16 0.18 0 0 0 67 63
f0_54 f0_77 f1w_455 0.29 -0.29 0.34 0 0 0 67 68
f0_54 f0_84 f1w_91 -0.05 0.05 0.42 0 0 0 67 63
f0_54 f0_84 f2_534 0.27 -0.27 0.81 0 0 0 67 68
f0_54 f0_825 f2_635 -0.2 0.2 0.39 0 0 0 69 66
f0_54 f0_960 f1h_359 -0.06 0.06 0.53 0 0 0 68 66
f0_54 f0_960 f1w_91 0.2 -0.2 0.37 0 0 0 68 63
f0_54 f0_960 f1w_409 -0.3 0.3 -0.25 0 0 0 68 66
f0_54 f0_960 f1w_479 0.46 -0.46 0.36 0 0 0 68 65
f0_54 f0_960 f2_138 0.21 -0.21 0.32 0 0 0 68 62
f0_54 f0_960 f2_635 -0.03 0.03 0.31 0 0 0 68 66
f0_54 f0_966 f1w_479 -0.38 0.38 0.51 0 0 0 69 65
f0_54 f0_966 f2_138 -0.73 0.73 0.69 0 0 0 69 62
f0_54 f1w_91 f1w_409 0.45 -0.45 0.01 0 0 0 63 66
f0_54 f1w_91 f1w_495 -0.08 0.08 0.4 0 0 0 63 67
f0_54 f1w_91 f2_635 0.13 -0.13 -0.06 0 0 0 63 66
f0_54 f1w_91 f2_817 0.24 -0.24 0.26 0 0 0 63 67
f0_54 f1w_409 f2_806 -0.43 0.43 0.7 0 0 0 66 66
f0_54 f1w_455 f2_138 -0.19 0.19 0.57 0 0 0 68 62
f0_54 f1w_455 f2_399 -0.15 0.15 0.47 0 0 0 68 67
f0_54 f1w_455 f2_534 0.11 -0.11 0.48 0 0 0 68 68
f0_54 f1w_479 f2_635 -0.41 0.41 0.35 0 0 0 65 66
f0_56 f0_23 f1h_305 0 0 0.87 0 0 0 73 74
f0_56 f0_23 f1w_62 -0.11 0.11 0.61 0 0 0 73 75
f0_56 f0_102 f1h_305 -0.04 0.04 0.75 0 0 0 73 74
f0_56 f0_403 f2_14 0.54 -0.54 0.91 0 0 0 72 71
f0_56 f0_419 f0_930 0.14 -0.14 0.49 0 0 0 72 73
f0_56 f0_493 f1h_305 0.19 -0.19 0.42 0 0 0 71 74
f0_56 f0_493 f1w_62 0.24 -0.24 0.61 0 0 0 71 75
f0_56 f0_493 f2_14 0.69 -0.69 0.45 0 0 0 71 71
f0_56 f0_493 f2_627 0.24 -0.24 0.77 0 0 0 71 68
f0_56 f0_841 f0_930 -0.32 0.32 0.17 0 0 0 71 73
f0_56 f0_841 f1h_123 -0.25 0.25 0.79 0 0 0 71 74
f0_56 f0_841 f1h_305 0.63 -0.63 0.59 0 0 0 71 74
f0_56 f0_930 f1w_62 0.17 -0.17 0.67 0 0 0 73 75
f0_56 f0_930 f2_14 0.57 -0.62 0.62 0 0 0 73 71
f0_56 f1h_171 f1h_305 0.47 -0.47 0.93 0 0 0 70 74
f0_56 f1h_305 f1h_425 -0.8 0.57 0.15 0 0 0 74 73
f0_56 f1h_305 f1w_35 -0.6 0.6 0.91 0 0 0 74 69
f0_56 f1h_305 f1w_418 -0.54 0.23 0.2 0 0 0 74 70
f0_56 f1h_305 f1w_425 -0.77 0.77 0.57 0 0 0 74 72
f0_56 f1h_425 f1w_201 0.31 -0.31 -0.11 0 0 0 73 73
f0_56 f1h_425 f2_14 0.89 -0.89 0.27 0 0 0 73 71
f0_56 f1h_425 f2_627 0.75 -0.75 0.08 0 0 0 73 68
f0_56 f1h_481 f1w_62 0.03 -0.03 1.07 0 0 0 72 75
f0_56 f1h_481 f2_14 0.32 -0.32 0.99 0 0 0 72 71
f0_56 f1h_481 f2_627 0.03 -0.03 0.85 0 0 0 72 68
f0_56 f1w_62 f1w_67 0.21 -0.21 1.06 0 0 0 75 73
f0_56 f1w_62 f1w_201 -0.37 0.37 0.11 0 0 0 75 73
f0_56 f1w_62 f1w_418 -0.51 0.51 0.49 0 0 0 75 70
f0_56 f1w_67 f2_14 0.11 -0.11 1.16 0 0 0 73 71
f0_56 f1w_201 f2_14 0.66 -0.66 0.37 0 0 0 73 71
f0_56 f1w_238 f2_14 0.38 -0.38 0.25 0 0 0 71 71
f0_56 f1w_418 f2_14 0.61 -0.61 0.33 0 0 0 70 71
f0_56 f1w_418 f2_627 0.36 -0.36 0.56 0 0 0 70 68
f0_56 f1w_431 f2_14 0.76 -0.76 0.28 0 0 0 70 71
f0_56 f1w_431 f2_627 0.19 -0.19 0.73 0 0 0 70 68
f0_56 f2_14 f2_52 -0.99 0.99 0.1 0 0 0 71 75
f0_56 f2_14 f2_61 -0.36 0.36 0.84 0 0 0 71 70
f0_56 f2_61 f2_627 0.14 -0.14 0.67 0 0 0 70 68
f0_57 f1h_313 f2_454 -0.77 0.77 1.04 0 0 0 70 75
f0_59 f0_866 f2_584 -0.03 0.03 0.85 0 0 0 68 66
f0_59 f0_866 f2_914 0.47 -0.47 0.97 0 0 0 68 67
f0_59 f1h_163 f2_914 0.51 -0.51 0.49 0 0 0 69 67
f0_59 f1w_214 f2_914 -0.1 0.1 0.55 0 0 0 65 67
f0_60 f0_19 f1h_130 0.56 -0.56 1.07 0 0 0 69 66
f0_60 f0_19 f1h_393 0.65 -0.65 0.93 0 0 0 69 74
f0_60 f0_77 f1h_393 1.22 -1.22 0.19 0 0 0 71 74
f0_60 f0_630 f1h_3 0.64 -0.64 0.93 0 0 0 73 71
f0_60 f0_630 f1h_21 0.99 -0.99 1 0 0 0 73 72
f0_60 f1h_3 f1h_393 1.1 -1.1 0.37 0 0 0 71 74
f0_60 f1h_3 f1w_317 -0.67 0.67 0.87 0 0 0 71 70
f0_60 f1h_21 f1h_393 0.57 -0.57 0.98 0 0 0 72 74
f0_60 f1h_393 f2_518 -1.26 1.03 0.8 0 0 0 74 72
f0_61 f0_127 f1h_345 0.26 -0.26 0.56 0 0 0 74 75
f0_61 f0_213 f0_748 0.47 -0.47 0.58 0 0 0 72 75
f0_61 f0_253 f1h_82 0.41 -0.41 0.76 0 0 0 74 69
f0_61 f0_253 f1h_345 0.32 -0.32 -0.1 0 0 0 74 75
f0_61 f0_253 f1w_310 0.2 -0.2 0.35 0 0 0 74 74
f0_61 f0_253 f2_986 0.48 -0.48 0.25 0 0 0 74 75
f0_61 f0_748 f1h_272 0.45 -0.45 0.64 0 0 0 75 71
f0_61 f0_748 f1w_433 0.08 -0.08 1 0 0 0 75 71
f0_61 f0_748 f2_20 -0.2 0.2 0.76 0 0 0 75 73
f0_61 f0_930 f1h_345 0.44 -0.44 0.45 0 0 0 74 75
f0_61 f0_930 f1w_286 -0.05 0.05 0.41 0 0 0 74 72
f0_61 f0_930 f1w_310 0.11 -0.11 0.52 0 0 0 74 74
f0_61 f0_930 f1w_433 0.47 -0.47 0.37 0 0 0 74 71
f0_61 f0_930 f2_20 0.09 -0.09 0.55 0 0 0 74 73
f0_61 f0_930 f2_986 0.82 -0.82 0.36 0 0 0 74 75
f0_61 f1h_25 f1h_345 0.39 -0.39 0.42 0 0 0 73 75
f0_61 f1h_25 f2_986 0.78 -0.78 0.45 0 0 0 73 75
f0_61 f1h_82 f1h_108 -0.39 0.39 0.78 0 0 0 69 74
f0_61 f1h_107 f1h_345 -0.11 0.11 0.47 0 0 0 73 75
f0_61 f1h_107 f2_493 -0.62 0.62 0.78 0 0 0 73 70
f0_61 f1h_108 f1h_345 0.42 -0.42 0.67 0 0 0 74 75
f0_61 f1h_108 f2_986 0.4 -0.4 0.6 0 0 0 74 75
f0_61 f1h_184 f1w_99 0.14 -0.14 0.58 0 0 0 74 72
f0_61 f1h_184 f2_259 -0.43 0.43 0.82 0 0 0 74 74
f0_61 f1h_184 f2_267 -0.23 0.23 0.92 0 0 0 74 76
f0_61 f1h_184 f2_340 -0.35 0.35 0.36 0 0 0 74 71
f0_61 f1h_184 f2_697 -0.65 0.65 0.3 0 0 0 74 68
f0_61 f1h_243 f2_267 -0.2 0.2 1.08 0 0 0 70 76
f0_61 f1h_243 f2_340 -0.71 0.71 0.5 0 0 0 70 71
f0_61 f1h_272 f1h_345 0.39 -0.39 0.61 0 0 0 71 75
f0_61 f1h_289 f1h_345 0.16 -0.16 0.6 0 0 0 75 75
f0_61 f1h_289 f1w_310 -0.56 0.56 0.53 0 0 0 75 74
f0_61 f1h_289 f2_986 0.22 -0.22 0.69 0 0 0 75 75
f0_61 f1h_345 f2_267 0.01 -0.01 1.12 0 0 0 75 76
f0_61 f1h_345 f2_642 -0.07 0.07 0.53 0 0 0 75 70
f0_61 f1w_86 f1w_310 -0.03 0.03 0.54 0 0 0 73 74
f0_61 f1w_86 f2_986 0.83 -0.83 0.41 0 0 0 73 75
f0_61 f1w_99 f1w_433 -0.12 0.12 1.55 0 0 0 72 71
f0_61 f1w_99 f2_20 -0.33 0.33 1.1 0 0 0 72 73
f0_61 f1w_310 f2_269 -0.12 0.12 0.76 0 0 0 74 73
f0_61 f1w_310 f2_642 0.04 -0.04 0.69 0 0 0 74 70
f0_61 f2_20 f2_986 0.58 -0.58 0.64 0 0 0 73 75
f0_61 f2_697 f2_986 0.73 -0.73 0.34 0 0 0 68 75
f0_62 f0_551 f1h_138 1.12 -1.12 -0.14 0 0 1 75 73
f0_62 f0_583 f1h_138 0.75 -0.75 0.98 0 0 0 73 73
f0_62 f0_583 f1h_491 0.57 -0.57 1 0 0 0 73 76
f0_62 f1h_120 f1w_276 -0.03 0.03 -0.41 0 0 1 73 72
f0_62 f1h_491 f1w_276 -0.43 0.43 -0.28 0 0 1 76 72
f0_62 f1h_491 f2_198 -0.36 0.36 -0.02 0 0 1 76 74
f0_63 f1h_124 f2_332 0.18 -0.18 1.57 0 0 0 69 68
f0_67 f0_142 f1h_9 0.61 -0.61 1.36 0 0 0 69 71
f0_67 f1h_9 f1w_214 -0.56 0.56 1.13 0 0 0 71 65
f0_67 f1h_22 f2_934 -0.59 0.59 0.46 0 0 0 72 70
f0_67 f1w_214 f2_934 -0.41 0.41 0.48 0 0 0 65 70
f0_67 f2_748 f2_934 -0.26 0.26 0.19 0 0 0 72 70
f0_68 f0_21 f0_192 0.09 -0.09 1.12 0 0 0 71 71
f0_68 f0_21 f0_206 -0.21 0.21 0.5 0 0 0 71 70
f0_68 f0_21 f1h_299 -0.43 0.43 0.6 0 0 0 71 67
f0_68 f0_21 f1w_478 -0.39 0.39 0.54 0 0 0 71 70
f0_68 f0_45 f1h_299 -0.37 0.37 0.75 0 0 0 72 67
f0_68 f0_45 f1w_451 -0.41 0.41 0.84 0 0 0 72 71
f0_68 f0_104 f0_535 -0.28 0.28 0.91 0 0 0 70 71
f0_68 f0_104 f2_175 -0.34 0.34 0.77 0 0 0 70 66
f0_68 f0_152 f1h_494 -0.28 0.28 0.78 0 0 0 70 67
f0_68 f0_152 f2_663 0.04 -0.04 0.49 0 0 0 70 71
f0_68 f0_206 f1h_336 -0.15 0.15 0.52 0 0 0 70 70
f0_68 f0_206 f1h_445 0.1 -0.1 0.59 0 0 0 70 73
f0_68 f0_206 f2_404 0.01 -0.01 1.09 0 0 0 70 71
f0_68 f0_206 f2_663 0.36 -0.36 0.27 0 0 0 70 71
f0_68 f0_535 f2_663 0.34 -0.34 0.42 0 0 0 71 71
f0_68 f0_574 f1h_339 0.6 -0.6 0.58 0 0 0 68 70
f0_68 f0_574 f1h_445 0.39 -0.39 0.4 0 0 0 68 73
f0_68 f0_574 f2_242 0.14 -0.14 0.48 0 0 0 68 71
f0_68 f0_574 f2_299 0.46 -0.46 0.08 0 0 0 68 69
f0_68 f0_614 f1w_287 -0.13 0.13 0.8 0 0 0 71 71
f0_68 f0_614 f2_175 0.01 -0.01 0.84 0 0 0 71 66
f0_68 f0_614 f2_789 0.39 -0.39 0.92 0 0 0 71 68
f0_68 f0_914 f2_299 -0.24 0.24 0.93 0 0 0 70 69
f0_68 f1h_147 f1h_164 0.09 -0.09 0.99 0 0 0 71 68
f0_68 f1h_164 f2_299 0.19 -0.19 0.86 0 0 0 68 69
f0_68 f1h_164 f2_903 0.06 -0.06 0.88 0 0 0 68 66
f0_68 f1h_274 f1h_299 -0.35 0.35 0.43 0 0 0 69 67
f0_68 f1h_274 f1w_478 -0.27 0.27 0.54 0 0 0 69 70
f0_68 f1h_299 f1h_336 0 0 0.7 0 0 0 67 70
f0_68 f1h_299 f1h_445 0.33 -0.33 0.33 0 0 0 67 73
f0_68 f1h_299 f2_663 0.52 -0.52 0.16 0 0 0 67 71
f0_68 f1h_336 f1w_478 -0.01 0.01 0.37 0 0 0 70 70
f0_68 f1h_336 f2_299 0.2 -0.2 0.46 0 0 0 70 69
f0_68 f1h_336 f2_921 0.29 -0.29 0.73 0 0 0 70 72
f0_68 f1h_367 f1h_445 0.03 -0.03 0.99 0 0 0 72 73
f0_68 f1h_367 f2_175 -0.53 0.53 0.37 0 0 0 72 66
f0_68 f1h_445 f1w_328 -0.11 0.11 0.29 0 0 0 73 65
f0_68 f1h_445 f1w_418 -0.16 0.16 0.7 0 0 0 73 69
f0_68 f1h_445 f1w_478 -0.31 0.31 0.33 0 0 0 73 70
f0_68 f1h_445 f2_921 -0.06 0.06 0.82 0 0 0 73 72
f0_68 f1h_494 f2_121 0.56 -0.56 1.01 0 0 0 67 72
f0_68 f1w_418 f2_242 0.01 -0.01 0.75 0 0 0 69 71
f0_68 f1w_418 f2_299 0.26 -0.26 0.04 0 0 0 69 69
f0_68 f1w_478 f2_242 0.06 -0.06 0.89 0 0 0 70 71
f0_68 f2_92 f2_121 0.42 -0.42 -0.01 0 0 0 70 72
f0_68 f2_148 f2_299 -0.19 0.19 0.75 0 0 0 68 69
f0_68 f2_175 f2_299 0.45 -0.45 0.13 0 0 0 66 69
f0_68 f2_175 f2_678 -0.1 0.1 0.63 0 0 0 66 70
f0_68 f2_663 f2_921 -0.08 0.08 0.93 0 0 0 71 72
f0_69 f1h_357 f2_133 0.88 -0.88 0.03 0 0 0 73 71
f0_73 f1h_206 f1h_241 -0.62 0.62 1.14 0 0 0 72 67
f0_76 f0_45 f0_208 -0.25 0.25 0.65 0 0 0 68 64
f0_76 f0_45 f0_781 -0.34 0.34 1.1 0 0 0 68 67
f0_76 f0_206 f0_823 -0.03 0.03 0.99 0 0 0 67 69
f0_76 f0_206 f1h_13 -0.3 0.3 0.55 0 0 0 67 66
f0_76 f0_206 f1h_108 0.23 -0.23 0.63 0 0 0 67 68
f0_76 f0_206 f1w_91 -0.28 0.28 0.62 0 0 0 67 64
f0_76 f0_206 f1w_223 -0.52 0.52 0.66 0 0 0 67 66
f0_76 f0_208 f1h_108 0.66 -0.66 0.17 0 0 0 64 68
f0_76 f0_208 f2_817 -0.22 0.22 0.8 0 0 0 64 67
f0_76 f0_213 f1h_147 0.09 -0.09 1.07 0 0 0 67 67
f0_76 f0_213 f1h_173 0.46 -0.46 1.06 0 0 0 67 67
f0_76 f0_419 f1h_108 0.9 -0.9 0.48 0 0 0 68 68
f0_76 f0_419 f2_500 0.78 -0.78 0.31 0 0 0 68 68
f0_76 f0_428 f0_476 0.28 -0.28 0.77 0 0 0 66 66
f0_76 f0_463 f2_500 0.69 -0.69 0.72 0 0 0 65 68
f0_76 f0_535 f1w_320 0.15 -0.15 0.96 0 0 0 67 65
f0_76 f0_781 f1h_108 0.55 -0.55 0.41 0 0 0 67 68
f0_76 f0_781 f1h_113 -0.07 0.07 0.8 0 0 0 67 61
f0_76 f0_781 f1h_193 0.62 -0.62 0.91 0 0 0 67 64
f0_76 f0_781 f2_14 -0.15 0.15 0.81 0 0 0 67 66
f0_76 f0_823 f1h_173 0.27 -0.27 1.26 0 0 0 69 67
f0_76 f0_914 f1h_193 0.31 -0.31 1.06 0 0 0 65 64
f0_76 f0_914 f1h_465 0.02 -0.02 1.34 0 0 0 65 65
f0_76 f0_914 f1w_91 -0.13 0.13 1.06 0 0 0 65 64
f0_76 f0_914 f2_382 -0.35 0.35 0.95 0 0 0 65 67
f0_76 f1h_108 f1h_147 -0.2 0.2 0.96 0 0 0 68 67
f0_76 f1h_108 f1h_181 0.22 -0.22 0.95 0 0 0 68 68
f0_76 f1h_108 f1w_479 -0.03 0.03 0.89 0 0 0 68 64
f0_76 f1h_108 f2_472 -0.57 0.57 1.01 0 0 0 68 69
f0_76 f1h_173 f1w_91 -0.54 0.54 0.43 0 0 0 67 64
f0_76 f1h_173 f2_500 -0.1 0.1 1.23 0 0 0 67 68
f0_76 f1h_465 f1w_320 -0.16 0.16 1.07 0 0 0 65 65
f0_76 f1w_91 f2_500 0.42 -0.42 0.38 0 0 0 64 68
f0_76 f1w_109 f1w_320 0.22 -0.22 1.1 0 0 0 68 65
f0_76 f2_101 f2_500 0.53 -0.53 0.98 0 0 0 68 68
f0_76 f2_384 f2_500 -0.19 0.19 0.24 0 0 0 66 68
f0_77 f0_54 f0_302 -0.03 0.03 1.05 0 0 0 67 69
f0_77 f1h_150 f1h_156 -0.28 0.28 0.78 0 0 0 70 68
f0_77 f2_136 f2_949 0.23 -0.23 0.98 0 0 0 72 70
f0_78 f0_34 f0_173 -0.05 0.05 0.44 0 0 0 72 72
f0_78 f0_34 f0_558 -0.13 0.13 0.43 0 0 0 72 68
f0_78 f0_34 f1h_361 0.59 -0.59 0.41 0 0 0 72 69
f0_78 f0_34 f2_807 0.24 -0.24 0.58 0 0 0 72 74
f0_78 f0_173 f1h_223 -0.16 0.16 0.88 0 0 0 72 70
f0_78 f0_173 f2_400 0.22 -0.22 0.35 0 0 0 72 67
f0_78 f0_558 f0_851 0.17 -0.17 0.85 0 0 0 68 70
f0_78 f0_558 f2_400 0.13 -0.13 0.79 0 0 0 68 67
f0_78 f1h_233 f1h_361 0.5 -0.5 0.7 0 0 0 71 69
f0_78 f1h_361 f1w_39 -0.05 0.05 0.65 0 0 0 69 73
f0_78 f1h_361 f2_466 -0.68 0.68 0.68 0 0 0 69 71
f0_78 f2_466 f2_807 0.45 -0.45 0.92 0 0 0 71 74
f0_79 f1h_128 f1h_360 -0.4 0.4 0.99 0 0 0 68 66
f0_79 f1h_128 f1w_410 -0.59 0.59 0.82 0 0 0 68 70
f0_79 f1h_360 f1h_391 0.41 -0.41 0.86 0 0 0 66 70
f0_79 f1h_391 f1w_410 -0.57 0.57 0.59 0 0 0 70 70
f0_79 f1h_391 f2_404 -0.35 0.35 0.81 0 0 0 70 70
f0_79 f1h_391 f2_558 -0.62 0.62 0.66 0 0 0 70 67
f0_82 f0_4 f1h_383 0.11 -0.11 1.36 0 0 0 69 68
f0_82 f0_34 f1h_340 0.6 -0.6 0.52 0 0 0 68 67
f0_82 f0_34 f1w_373 0.73 -0.73 0.48 0 0 0 68 67
f0_82 f0_228 f1h_383 -0.01 0.01 1.08 0 0 0 64 68
f0_82 f1h_13 f2_465 0.38 -0.38 1.06 0 0 0 66 64
f0_82 f1h_382 f2_465 0.31 -0.31 1.05 0 0 0 65 64
f0_82 f2_465 f2_577 -0.41 0.41 0.95 0 0 0 64 63
f0_82 f2_465 f2_895 -0.33 0.33 0.85 0 0 0 64 64
f0_84 f0_54 f1w_235 0.13 -0.13 0.99 0 0 0 67 73
f0_84 f0_228 f1w_235 0.37 -0.37 0.38 0 0 0 68 73
f0_84 f0_810 f1w_235 0.09 -0.09 0.66 0 0 0 65 73
f0_84 f1w_235 f1w_455 -0.19 0.19 0.24 0 0 0 73 71
f0_85 f0_208 f2_376 0.26 -0.26 0.87 0 0 0 68 72
f0_85 f0_303 f1h_43 0.32 -0.32 0.93 0 0 0 74 70
f0_85 f0_303 f1h_439 0.12 -0.12 0.99 0 0 0 74 71
f0_85 f0_404 f1h_439 0.68 -0.68 0.87 0 0 0 72 71
f0_85 f0_781 f2_919 -0.05 0.05 0.98 0 0 0 72 68
f0_85 f0_955 f1h_439 0.76 -0.76 0.5 0 0 0 71 71
f0_85 f0_955 f2_941 0.93 -0.93 0.78 0 0 0 71 71
f0_85 f1h_43 f2_242 -0.17 0.17 1.19 0 0 0 70 72
f0_85 f1h_43 f2_919 -0.76 0.76 0.41 0 0 0 70 68
f0_85 f1h_43 f2_941 0.16 -0.16 1.13 0 0 0 70 71
f0_85 f1h_289 f1h_439 -0.37 0.37 0.96 0 0 0 74 71
f0_85 f1h_289 f2_259 0.15 -0.15 1.07 0 0 0 74 73
f0_85 f1h_439 f1w_491 -0.8 0.8 0.52 0 0 0 71 71
f0_85 f1h_439 f2_1 0.49 -0.49 1.22 0 0 0 71 71
f0_85 f1h_439 f2_986 -0.08 0.08 1.04 0 0 0 71 74
f0_85 f1w_491 f2_376 0.22 -0.22 0.89 0 0 0 71 72
f0_89 f1h_280 f1w_443 -1.07 0.84 0.29 0 0 0 72 69
f0_90 f0_96 f1h_279 0.23 -0.23 1.2 0 0 0 71 67
f0_90 f0_96 f2_256 -0.02 0.02 1.06 0 0 0 71 71
f0_90 f0_312 f2_643 0.46 -0.46 0.67 0 0 0 70 69
f0_90 f0_312 f2_925 1.12 -1.12 0.95 0 0 0 70 71
f0_90 f0_831 f1h_14 0.68 -0.68 0.74 0 0 0 69 71
f0_90 f0_831 f1h_48 0.45 -0.45 0.79 0 0 0 69 71
f0_90 f0_831 f2_925 0.48 -0.48 0.91 0 0 0 69 71
f0_90 f1h_9 f1h_14 0.35 -0.35 1.11 0 0 0 71 71
f0_90 f1h_9 f1h_48 -0.12 0.12 1.4 0 0 0 71 71
f0_90 f1h_9 f1h_264 -0.09 0.09 1.25 0 0 0 71 70
f0_90 f1h_9 f1h_279 0.03 -0.03 1.31 0 0 0 71 67
f0_90 f1h_9 f2_690 0.24 -0.24 0.63 0 0 0 71 72
f0_90 f1h_14 f1h_279 -0.24 0.24 1.22 0 0 0 71 67
f0_90 f1h_14 f1h_310 -0.91 0.91 1.03 0 0 0 71 71
f0_90 f1h_14 f2_256 -0.45 0.45 1.04 0 0 0 71 71
f0_90 f1h_14 f2_485 -1.08 1.08 0.93 0 0 0 71 71
f0_90 f1h_14 f2_643 -0.43 -0.57 1.72 0 0 0 71 69
f0_90 f1h_14 f2_910 -1.41 1.38 0.47 0 0 0 71 71
f0_90 f1h_48 f1h_212 0.27 -0.27 1.2 0 0 0 71 70
f0_90 f1h_48 f2_643 -0.01 0.01 1.2 0 0 0 71 69
f0_90 f1h_77 f2_643 -0.14 0.14 1.01 0 0 0 72 69
f0_90 f1h_212 f2_256 -0.11 0.11 1.2 0 0 0 70 71
f0_90 f1h_212 f2_643 -0.08 -0.52 1.48 0 0 0 70 69
f0_90 f1h_212 f2_925 0.08 -0.08 1.5 0 0 0 70 71
f0_90 f1h_257 f1w_99 -0.17 0.17 1.36 0 0 0 73 70
f0_90 f1h_257 f2_256 -0.02 0.02 1.07 0 0 0 73 71
f0_90 f1h_257 f2_485 -0.4 0.4 1.19 0 0 0 73 71
f0_90 f1h_257 f2_643 0.43 -0.43 0.64 0 0 0 73 69
f0_90 f1h_264 f2_925 0.45 -0.45 1.75 0 0 0 70 71
f0_90 f1h_279 f2_643 0.2 -0.2 0.75 0 0 0 67 69
f0_90 f1h_279 f2_925 -0.05 0.05 1.44 0 0 0 67 71
f0_90 f1h_310 f2_643 0.58 -0.58 0.91 0 0 0 71 69
f0_90 f1h_310 f2_925 0.12 -0.12 1.53 0 0 0 71 71
f0_90 f2_485 f2_831 0.74 -0.74 1.26 0 0 0 71 71
f0_90 f2_643 f2_831 0.24 -0.24 1.28 0 0 0 69 71
f0_90 f2_910 f2_925 1.54 -1.54 0.58 0 0 0 71 71
f0_96 f0_10 f0_529 0.03 -0.03 0.97 0 0 0 71 72
f0_96 f0_10 f0_645 0.33 -0.33 0.61 0 0 0 71 71
f0_96 f0_10 f0_808 -0.1 0.1 0.8 0 0 0 71 68
f0_96 f0_10 f1h_412 -0.16 0.16 0.47 0 0 0 71 70
f0_96 f0_10 f1h_428 -0.29 0.29 0.47 0 0 0 71 71
f0_96 f0_10 f2_127 -0.23 0.23 0.34 0 0 0 71 73
f0_96 f0_10 f2_200 -0.56 0.56 -0.02 0 0 0 71 71
f0_96 f0_10 f2_700 0.1 -0.1 0.61 0 0 0 71 73
f0_96 f0_43 f0_879 0.23 -0.23 0.45 0 0 0 72 74
f0_96 f0_50 f0_213 -0.43 0.43 0.21 0 0 0 73 71
f0_96 f0_90 f0_529 -0.01 0.01 0.72 0 0 0 71 72
f0_96 f0_90 f0_808 -0.48 0.48 0.78 0 0 0 71 68
f0_96 f0_90 f0_879 -0.28 0.28 0.84 0 0 0 71 74
f0_96 f0_90 f1h_412 -0.23 0.23 0.86 0 0 0 71 70
f0_96 f0_90 f2_200 -0.62 0.62 0.27 0 0 0 71 71
f0_96 f0_213 f0_645 0.38 -0.38 0.22 0 0 0 71 71
f0_96 f0_213 f0_879 0.32 -0.32 0.12 0 0 0 71 74
f0_96 f0_213 f1h_359 0.2 -0.2 0.54 0 0 0 71 71
f0_96 f0_213 f1h_394 -0.03 0.03 0.32 0 0 0 71 73
f0_96 f0_213 f1h_412 0.23 -0.23 0.19 0 0 0 71 70
f0_96 f0_213 f1w_40 -0.16 0.16 0.16 0 0 0 71 68
f0_96 f0_213 f1w_84 0.12 -0.12 0.26 0 0 0 71 74
f0_96 f0_213 f1w_280 -0.06 0.06 0.18 0 0 0 71 71
f0_96 f0_213 f2_127 0.21 -0.21 0.15 0 0 0 71 73
f0_96 f0_213 f2_181 0.01 -0.01 0.52 0 0 0 71 70
f0_96 f0_213 f2_200 -0.11 0.11 0.08 0 0 0 71 71
f0_96 f0_213 f2_317 0.35 -0.35 0.52 0 0 0 71 72
f0_96 f0_213 f2_384 -0.08 0.08 0.53 0 0 0 71 71
f0_96 f0_213 f2_643 0.14 -0.14 0.32 0 0 0 71 71
f0_96 f0_213 f2_700 0.25 -0.25 0.24 0 0 0 71 73
f0_96 f0_213 f2_820 -0.01 0.01 0.43 0 0 0 71 72
f0_96 f0_213 f2_821 -0.13 0.13 0.48 0 0 0 71 67
f0_96 f0_213 f2_925 0.24 -0.24 0.35 0 0 0 71 72
f0_96 f0_529 f1h_137 0.06 -0.06 0.5 0 0 0 72 74
f0_96 f0_529 f1h_272 0.42 -0.42 0.57 0 0 0 72 69
f0_96 f0_529 f1w_30 0.67 -0.67 0.25 0 0 0 72 70
f0_96 f0_529 f2_444 -0.25 0.25 0.42 0 0 0 72 73
f0_96 f0_594 f0_955 -0.28 0.28 0.2 0 0 0 70 71
f0_96 f0_594 f1h_272 0.42 -0.42 0.7 0 0 0 70 69
f0_96 f0_594 f2_127 0.26 -0.26 0.48 0 0 0 70 73
f0_96 f0_594 f2_439 0.08 -0.08 0.79 0 0 0 70 68
f0_96 f0_594 f2_444 -0.28 0.28 0.32 0 0 0 70 73
f0_96 f0_645 f0_831 0.02 -0.02 0.34 0 0 0 71 70
f0_96 f0_645 f0_879 -0.24 0.24 0.54 0 0 0 71 74
f0_96 f0_645 f0_955 -0.62 0.62 0.13 0 0 0 71 71
f0_96 f0_645 f1h_137 -0.28 0.28 0.56 0 0 0 71 74
f0_96 f0_645 f1h_196 -0.6 0.6 0.3 0 0 0 71 72
f0_96 f0_645 f1h_412 -0.12 0.12 0.62 0 0 0 71 70
f0_96 f0_645 f1w_30 0.18 -0.18 0.99 0 0 0 71 70
f0_96 f0_645 f1w_40 -0.51 0.51 0.35 0 0 0 71 68
f0_96 f0_645 f1w_99 -0.17 0.17 0.75 0 0 0 71 71
f0_96 f0_645 f1w_115 -0.24 0.24 0.75 0 0 0 71 69
f0_96 f0_645 f1w_285 -0.17 0.17 0.29 0 0 0 71 66
f0_96 f0_645 f2_200 -0.45 0.45 0.18 0 0 0 71 71
f0_96 f0_645 f2_317 0.05 -0.05 0.85 0 0 0 71 72
f0_96 f0_645 f2_357 -0.26 0.26 0.48 0 0 0 71 70
f0_96 f0_645 f2_643 -0.2 0.2 0.54 0 0 0 71 71
f0_96 f0_645 f2_700 0 0 1.05 0 0 0 71 73
f0_96 f0_645 f2_820 -0.33 0.33 0.64 0 0 0 71 72
f0_96 f0_645 f2_925 -0.08 0.08 0.8 0 0 0 71 72
f0_96 f0_808 f0_955 -0.21 0.21 0.42 0 0 0 68 71
f0_96 f0_808 f1h_264 0.19 -0.19 0.85 0 0 0 68 71
f0_96 f0_808 f1h_272 0.49 -0.49 0.64 0 0 0 68 69
f0_96 f0_808 f1w_30 0.78 -0.78 0.32 0 0 0 68 70
f0_96 f0_831 f0_879 0.1 -0.1 0.67 0 0 0 70 74
f0_96 f0_831 f1h_216 -0.23 0.23 0.26 0 0 0 70 72
f0_96 f0_831 f1h_272 0.43 -0.43 0.17 0 0 0 70 69
f0_96 f0_831 f1h_412 0.29 -0.29 0.35 0 0 0 70 70
f0_96 f0_831 f2_127 0.2 -0.2 0.27 0 0 0 70 73
f0_96 f0_831 f2_200 -0.33 0.33 -0.11 0 0 0 70 71
f0_96 f0_831 f2_317 0.35 -0.35 0.77 0 0 0 70 72
f0_96 f0_831 f2_384 -0.13 0.13 0.58 0 0 0 70 71
f0_96 f0_831 f2_700 0.03 -0.03 0.33 0 0 0 70 73
f0_96 f0_831 f2_821 -0.16 0.16 0.37 0 0 0 70 67
f0_96 f0_879 f1h_212 0.1 -0.1 0.55 0 0 0 74 71
f0_96 f0_879 f1h_264 0.07 -0.07 0.7 0 0 0 74 71
f0_96 f0_879 f1w_99 -0.14 0.14 0.43 0 0 0 74 71
f0_96 f0_879 f1w_280 -0.16 0.16 0.75 0 0 0 74 71
f0_96 f0_879 f1w_285 -0.2 0.2 0.72 0 0 0 74 66
f0_96 f0_879 f2_200 -0.63 0.63 -0.07 0 0 0 74 71
f0_96 f0_879 f2_436 -0.3 0.3 0.22 0 0 0 74 70
f0_96 f0_879 f2_643 -0.08 0.08 0.62 0 0 0 74 71
f0_96 f0_879 f2_925 -0.01 0.01 0.71 0 0 0 74 72
f0_96 f0_955 f1h_212 -0.09 0.09 0.01 0 0 0 71 71
f0_96 f0_955 f1h_428 0.01 -0.01 0.16 0 0 0 71 71
f0_96 f0_955 f1w_285 0.18 -0.18 0.32 0 0 0 71 66
f0_96 f0_955 f2_317 0.62 -0.62 0.3 0 0 0 71 72
f0_96 f0_955 f2_384 0.2 -0.2 0.44 0 0 0 71 71
f0_96 f0_955 f2_643 -0.04 0.04 0.2 0 0 0 71 71
f0_96 f1h_137 f1h_212 -0.13 0.13 0.3 0 0 0 74 71
f0_96 f1h_137 f1h_394 -0.04 0.04 0.81 0 0 0 74 73
f0_96 f1h_137 f1h_428 -0.36 0.36 0.14 0 0 0 74 71
f0_96 f1h_137 f1w_285 -0.11 0.11 0.55 0 0 0 74 66
f0_96 f1h_137 f1w_353 -0.17 0.17 0.69 0 0 0 74 70
f0_96 f1h_137 f2_127 0.12 -0.12 0.46 0 0 0 74 73
f0_96 f1h_137 f2_200 -0.11 0.11 0.04 0 0 0 74 71
f0_96 f1h_137 f2_317 0.2 -0.2 0.5 0 0 0 74 72
f0_96 f1h_137 f2_384 -0.17 0.17 0.52 0 0 0 74 71
f0_96 f1h_137 f2_643 0.05 -0.05 0.4 0 0 0 74 71
f0_96 f1h_137 f2_648 -0.2 0.2 0.33 0 0 0 74 73
f0_96 f1h_137 f2_821 -0.2 0.2 0.35 0 0 0 74 67
f0_96 f1h_196 f1h_272 0.7 -0.7 0.2 0 0 0 72 69
f0_96 f1h_196 f1w_40 0.12 -0.12 0.44 0 0 0 72 68
f0_96 f1h_196 f2_821 0.11 -0.11 0.54 0 0 0 72 67
f0_96 f1h_212 f1h_216 -0.47 0.47 0.24 0 0 0 71 72
f0_96 f1h_212 f1h_359 -0.03 0.03 0.87 0 0 0 71 71
f0_96 f1h_212 f1h_412 0.05 -0.05 0.81 0 0 0 71 70
f0_96 f1h_212 f1w_30 0.46 -0.46 0.53 0 0 0 71 70
f0_96 f1h_212 f2_200 -0.28 0.28 0.4 0 0 0 71 71
f0_96 f1h_212 f2_700 0.07 -0.07 0.87 0 0 0 71 73
f0_96 f1h_216 f1h_444 0.13 -0.13 0.79 0 0 0 72 69
f0_96 f1h_216 f1w_40 -0.26 0.26 -0.46 0 0 0 72 68
f0_96 f1h_216 f1w_353 0.2 -0.2 0.42 0 0 0 72 70
f0_96 f1h_216 f2_217 0.44 -0.44 0.63 0 0 0 72 72
f0_96 f1h_216 f2_357 0.35 -0.35 0.34 0 0 0 72 70
f0_96 f1h_216 f2_436 0.35 -0.35 0.54 0 0 0 72 70
f0_96 f1h_216 f2_648 0.15 -0.15 0.65 0 0 0 72 73
f0_96 f1h_216 f2_953 0.07 -0.07 0.56 0 0 0 72 73
f0_96 f1h_264 f1h_412 0.06 -0.06 0.87 0 0 0 71 70
f0_96 f1h_264 f2_200 -0.33 0.33 0.35 0 0 0 71 71
f0_96 f1h_272 f1h_359 -0.22 0.22 0.84 0 0 0 69 71
f0_96 f1h_272 f1h_412 -0.25 0.25 0.58 0 0 0 69 70
f0_96 f1h_272 f1h_444 -0.56 0.56 0.59 0 0 0 69 69
f0_96 f1h_272 f1w_40 -0.67 0.67 0.19 0 0 0 69 68
f0_96 f1h_272 f1w_84 -0.39 0.39 0.72 0 0 0 69 74
f0_96 f1h_272 f1w_115 -0.41 0.41 0.59 0 0 0 69 69
f0_96 f1h_272 f2_200 -0.58 0.58 0.12 0 0 0 69 71
f0_96 f1h_272 f2_217 -0.24 0.24 1.11 0 0 0 69 72
f0_96 f1h_272 f2_357 -0.44 0.44 0.44 0 0 0 69 70
f0_96 f1h_272 f2_436 -0.25 0.25 0.46 0 0 0 69 70
f0_96 f1h_272 f2_648 -0.6 0.6 0.37 0 0 0 69 73
f0_96 f1h_272 f2_700 -0.22 0.22 0.59 0 0 0 69 73
f0_96 f1h_272 f2_820 -0.47 0.47 0 0 0 0 69 72
f0_96 f1h_359 f1h_428 -0.13 0.13 0.36 0 0 0 71 71
f0_96 f1h_359 f2_127 0 0 0.76 0 0 0 71 73
f0_96 f1h_394 f1w_30 0.75 -0.75 0.46 0 0 0 73 70
f0_96 f1h_394 f2_444 -0.22 0.22 0.51 0 0 0 73 73
f0_96 f1h_412 f1w_30 0.55 -0.55 0.26 0 0 0 70 70
f0_96 f1h_412 f1w_353 -0.2 0.2 0.58 0 0 0 70 70
f0_96 f1h_412 f2_181 -0.03 0.03 0.34 0 0 0 70 70
f0_96 f1h_412 f2_217 -0.29 0.29 0.49 0 0 0 70 72
f0_96 f1h_412 f2_384 -0.11 0.11 0.49 0 0 0 70 71
f0_96 f1h_412 f2_436 -0.23 0.23 0.6 0 0 0 70 70
f0_96 f1h_412 f2_444 -0.45 0.45 0.33 0 0 0 70 73
f0_96 f1h_412 f2_648 -0.13 0.13 0.46 0 0 0 70 73
f0_96 f1h_412 f2_821 -0.35 0.35 0.25 0 0 0 70 67
f0_96 f1h_428 f1w_40 0.08 -0.08 0.42 0 0 0 71 68
f0_96 f1h_428 f2_200 -0.12 0.12 -0.01 0 0 0 71 71
f0_96 f1h_428 f2_643 0.35 -0.35 0.29 0 0 0 71 71
f0_96 f1h_428 f2_700 0.48 -0.48 0.21 0 0 0 71 73
f0_96 f1h_428 f2_821 0.09 -0.09 0.35 0 0 0 71 67
f0_96 f1h_428 f2_925 0.51 -0.51 0.43 0 0 0 71 72
f0_96 f1h_444 f2_127 0.33 -0.33 0.61 0 0 0 69 73
f0_96 f1h_444 f2_200 -0.18 0.18 0.32 0 0 0 69 71
f0_96 f1w_30 f1w_40 -0.46 0.46 0.3 0 0 0 70 68
f0_96 f1w_30 f1w_285 -0.41 0.41 0.43 0 0 0 70 66
f0_96 f1w_30 f1w_353 -0.76 0.76 0.46 0 0 0 70 70
f0_96 f1w_30 f2_127 -0.42 0.42 0.49 0 0 0 70 73
f0_96 f1w_30 f2_357 -0.14 0.14 0.31 0 0 0 70 70
f0_96 f1w_30 f2_384 -0.72 0.72 0.68 0 0 0 70 71
f0_96 f1w_30 f2_643 -0.52 0.52 0.29 0 0 0 70 71
f0_96 f1w_30 f2_648 -0.78 0.78 0.56 0 0 0 70 73
f0_96 f1w_30 f2_700 -0.24 0.24 0.57 0 0 0 70 73
f0_96 f1w_40 f1w_280 0.1 -0.1 0.43 0 0 0 68 71
f0_96 f1w_40 f2_127 0.4 -0.4 0.42 0 0 0 68 73
f0_96 f1w_40 f2_200 -0.48 0.48 0.04 0 0 0 68 71
f0_96 f1w_40 f2_444 0.02 -0.02 0.18 0 0 0 68 73
f0_96 f1w_84 f2_127 0.23 -0.23 0.71 0 0 0 74 73
f0_96 f1w_84 f2_200 -0.08 0.08 0.52 0 0 0 74 71
f0_96 f1w_99 f2_127 -0.11 0.11 0.39 0 0 0 71 73
f0_96 f1w_99 f2_444 -0.45 0.45 0.17 0 0 0 71 73
f0_96 f1w_115 f2_127 0.13 -0.13 0.7 0 0 0 69 73
f0_96 f1w_280 f2_821 -0.09 0.09 0.4 0 0 0 71 67
f0_96 f1w_285 f2_127 0.26 -0.26 0.46 0 0 0 66 73
f0_96 f1w_285 f2_439 0.1 -0.1 0.79 0 0 0 66 68
f0_96 f1w_285 f2_444 -0.19 0.19 0.23 0 0 0 66 73
f0_96 f1w_353 f2_200 -0.01 0.01 0.44 0 0 0 70 71
f0_96 f2_127 f2_181 -0.24 0.24 0.54 0 0 0 73 70
f0_96 f2_127 f2_200 -0.33 0.33 0.19 0 0 0 73 71
f0_96 f2_127 f2_217 -0.26 0.26 0.51 0 0 0 73 72
f0_96 f2_127 f2_436 -0.14 0.14 0.52 0 0 0 73 70
f0_96 f2_127 f2_643 -0.1 0.1 0.6 0 0 0 73 71
f0_96 f2_127 f2_648 -0.38 0.38 0.28 0 0 0 73 73
f0_96 f2_127 f2_700 0.01 -0.01 0.63 0 0 0 73 73
f0_96 f2_127 f2_821 -0.17 0.17 0.35 0 0 0 73 67
f0_96 f2_127 f2_925 0.02 -0.02 0.84 0 0 0 73 72
f0_96 f2_181 f2_200 -0.08 0.08 0.45 0 0 0 70 71
f0_96 f2_181 f2_439 0.14 -0.14 0.66 0 0 0 70 68
f0_96 f2_200 f2_217 0.05 -0.05 0.44 0 0 0 71 72
f0_96 f2_200 f2_357 0.58 -0.58 0.02 0 0 0 71 70
f0_96 f2_200 f2_384 0.01 -0.01 0.42 0 0 0 71 71
f0_96 f2_200 f2_436 0.11 -0.11 0.49 0 0 0 71 70
f0_96 f2_200 f2_439 0.47 -0.47 -0.01 0 0 0 71 68
f0_96 f2_200 f2_444 -0.19 0.19 0.2 0 0 0 71 73
f0_96 f2_200 f2_648 0.31 -0.31 0.19 0 0 0 71 73
f0_96 f2_200 f2_821 -0.01 0.01 0.25 0 0 0 71 67
f0_96 f2_200 f2_953 -0.17 0.17 0.34 0 0 0 71 73
f0_96 f2_217 f2_700 0.36 -0.36 0.62 0 0 0 72 73
f0_96 f2_357 f2_444 -0.19 0.19 0.28 0 0 0 70 73
f0_96 f2_436 f2_700 0.25 -0.25 0.64 0 0 0 70 73
f0_96 f2_439 f2_643 -0.01 0.01 0.74 0 0 0 68 71
f0_96 f2_439 f2_700 -0.04 0.04 0.52 0 0 0 68 73
f0_96 f2_439 f2_925 0.14 -0.14 0.85 0 0 0 68 72
f0_96 f2_444 f2_643 0.37 -0.37 0.14 0 0 0 73 71
f0_96 f2_444 f2_700 0.54 -0.54 0.38 0 0 0 73 73
f0_96 f2_444 f2_821 -0.01 0.01 0.16 0 0 0 73 67
f0_96 f2_700 f2_821 -0.4 0.4 0.41 0 0 0 73 67
f0_97 f0_73 f0_876 0.56 -0.56 0.65 0 0 0 69 67
f0_98 f1h_12 f1w_317 -0.16 0.16 0.76 0 0 0 74 70
f0_100 f1h_54 f1h_198 -0.54 0.54 1.31 0 0 0 74 74
f0_100 f1h_54 f1h_407 -1.16 0.56 2.03 0 0 0 74 73
f0_100 f1h_198 f1h_407 -0.64 0.44 0.04 0 0 1 74 73
f0_102 f0_42 f1w_443 -0.47 0.47 0.95 0 0 0 74 70
f0_102 f0_56 f2_502 -0.28 0.28 0.78 0 0 0 73 70
f0_102 f1h_412 f2_176 0.21 -0.21 0.94 0 0 0 72 73
f0_102 f1w_443 f2_176 0.27 -0.27 1.13 0 0 0 70 73
f0_102 f2_176 f2_200 -0.21 0.21 0.97 0 0 0 73 72
f0_103 f1h_279 f1h_472 -0.33 0.33 1.12 0 0 0 66 69
f0_104 f0_21 f0_704 0.06 -0.06 0.64 0 0 0 70 67
f0_104 f0_23 f0_161 0.18 -0.18 0.69 0 0 0 71 68
f0_104 f0_23 f1w_465 0.1 -0.1 0.88 0 0 0 71 67
f0_104 f0_45 f1h_86 0.02 -0.02 1.26 0 0 0 71 72
f0_104 f0_45 f1h_395 -0.34 0.34 0.96 0 0 0 71 70
f0_104 f0_45 f1w_111 -0.33 0.33 0.54 0 0 0 71 69
f0_104 f0_45 f1w_465 -0.43 0.43 0.63 0 0 0 71 67
f0_104 f0_68 f1h_86 0.27 -0.27 0.98 0 0 0 70 72
f0_104 f0_68 f1h_404 0.41 -0.41 1 0 0 0 70 71
f0_104 f0_68 f1w_111 0.54 -0.54 -0.03 0 0 0 70 69
f0_104 f0_68 f1w_465 -0.2 0.2 0.34 0 0 0 70 67
f0_104 f0_161 f0_175 -0.1 0.1 0.8 0 0 0 68 70
f0_104 f0_161 f0_544 -0.12 0.12 0.89 0 0 0 68 71
f0_104 f0_161 f1h_14 -0.19 0.19 0.43 0 0 0 68 69
f0_104 f0_161 f1h_269 -0.61 0.61 -0.3 0 0 0 68 73
f0_104 f0_161 f1w_437 -0.27 0.27 0.46 0 0 0 68 66
f0_104 f0_161 f2_108 -0.13 0.13 0.85 0 0 0 68 72
f0_104 f0_161 f2_127 -0.2 0.2 0.32 0 0 0 68 71
f0_104 f0_161 f2_305 -0.21 0.21 0.27 0 0 0 68 70
f0_104 f0_161 f2_925 -0.12 0.12 0.75 0 0 0 68 71
f0_104 f0_175 f1h_16 0.56 -0.56 0.89 0 0 0 70 71
f0_104 f0_555 f1w_82 -0.13 0.13 0.58 0 0 0 72 70
f0_104 f0_704 f0_914 0.44 -0.44 0.72 0 0 0 67 69
f0_104 f0_914 f1w_465 -0.51 0.51 0.67 0 0 0 69 67
f0_104 f1h_16 f1w_465 -0.28 0.28 0.2 0 0 0 71 67
f0_104 f1h_16 f2_305 -0.6 0.6 0.44 0 0 0 71 70
f0_104 f1h_86 f1w_437 -0.51 0.51 0.74 0 0 0 72 66
f0_104 f1h_86 f2_678 -0.17 0.17 1.02 0 0 0 72 69
f0_104 f1h_269 f1h_494 0.54 -0.54 0.39 0 0 0 73 67
f0_104 f1h_404 f2_305 -0.71 0.71 0.37 0 0 0 71 70
f0_104 f1h_404 f2_678 -0.28 0.28 1.12 0 0 0 71 69
f0_104 f1h_494 f2_127 -0.3 0.3 0.76 0 0 0 67 71
f0_104 f1h_494 f2_305 -0.5 0.5 0.06 0 0 0 67 70
f0_104 f1h_494 f2_374 -0.37 0.37 0.85 0 0 0 67 70
f0_104 f1w_82 f1w_465 0.02 -0.02 0.62 0 0 0 70 67
f0_104 f1w_82 f2_305 0.17 -0.17 0.46 0 0 0 70 70
f0_104 f1w_111 f1w_465 0.07 -0.07 0.29 0 0 0 69 67
f0_104 f1w_111 f1w_475 0.07 -0.07 0.92 0 0 0 69 70
f0_104 f1w_111 f2_305 0.2 -0.2 0.48 0 0 0 69 70
f0_104 f1w_437 f1w_465 -0.56 0.56 -0.46 0 0 0 66 67
f0_104 f1w_465 f2_467 -0.13 0.13 0.61 0 0 0 67 68
f0_104 f1w_465 f2_678 0.42 -0.42 0.22 0 0 0 67 69
f0_105 f0_520 f1h_299 -0.05 0.05 0.96 0 0 0 70 69
f0_107 f0_204 f1h_291 0.59 -0.59 0.94 0 0 0 69 71
f0_107 f1h_291 f2_495 -0.85 0.85 0.28 0 0 0 71 70
f0_110 f0_470 f2_59 0.31 -0.31 1.42 0 0 0 71 73
f0_110 f1h_82 f2_59 0.29 -0.29 1.08 0 0 0 69 73
f0_110 f1h_223 f2_59 -0.05 0.05 1.06 0 0 0 72 73
f0_111 f1w_465 f2_359 -0.23 0.23 0.57 0 0 0 70 71
f0_112 f1h_336 f1h_356 0.03 -0.03 1.74 0 0 0 68 69
f0_114 f0_455 f2_580 0.98 -0.98 0.46 0 0 0 72 74
f0_114 f1h_304 f2_919 0.04 -0.04 -0.42 0 0 1 73 69
f0_114 f2_580 f2_778 -0.47 0.47 0.91 0 0 0 74 70
f0_115 f0_215 f1h_436 0.84 -0.84 -0.14 0 0 1 71 68
f0_115 f0_215 f1h_461 0.68 -0.68 0.63 0 0 0 71 71
f0_115 f1h_436 f1h_461 0.44 -0.44 0.69 0 0 0 68 71
f0_115 f1h_436 f2_424 -0.05 0.05 1.77 0 0 0 68 68
f0_115 f2_424 f2_721 -0.59 0.59 0.72 0 0 0 68 69
f0_116 f0_213 f1h_97 0.59 -0.59 0.83 0 0 0 72 70
f0_116 f1h_97 f1h_150 -0.12 0.12 1.22 0 0 0 70 72
f0_116 f1h_97 f1w_489 -0.95 0.95 0.56 0 0 0 70 71
f0_116 f1h_97 f1w_495 -0.49 0.49 1.01 0 0 0 70 73
f0_116 f1h_97 f2_719 -0.32 0.32 0.94 0 0 0 70 75
f0_116 f1h_97 f2_761 -0.11 0.11 1.46 0 0 0 70 71
f0_117 f1h_12 f2_381 -1.28 1.28 0 0 0 0 75 71
f0_117 f1h_188 f1h_494 0.44 -0.44 1.25 0 0 0 68 68
f0_117 f1h_188 f2_381 -0.49 0.49 1.1 0 0 0 68 71
f0_119 f0_45 f0_628 0.27 -0.27 0.29 0 0 0 74 71
f0_119 f0_45 f0_768 -0.03 0.03 0.51 0 0 0 74 70
f0_119 f0_50 f1h_123 -0.41 0.41 0.88 0 0 0 73 74
f0_119 f0_50 f2_937 -0.4 0.4 0.77 0 0 0 73 67
f0_119 f0_64 f0_628 0.28 -0.28 0.44 0 0 0 71 71
f0_119 f0_64 f1w_482 0.54 -0.54 0.79 0 0 0 71 72
f0_119 f0_575 f0_628 -0.24 0.24 0.5 0 0 0 72 71
f0_119 f0_575 f0_768 0.1 -0.1 0.94 0 0 0 72 70
f0_119 f0_575 f1h_123 -0.3 0.3 0.54 0 0 0 72 74
f0_119 f0_575 f1h_150 -0.53 0.53 0.52 0 0 0 72 71
f0_119 f0_575 f1w_482 0.38 -0.38 0.77 0 0 0 72 72
f0_119 f0_575 f2_937 -0.06 0.06 0.54 0 0 0 72 67
f0_119 f0_628 f0_637 -0.15 0.15 0.41 0 0 0 71 72
f0_119 f0_628 f0_681 -0.01 0.01 0.92 0 0 0 71 70
f0_119 f0_628 f1h_123 -0.07 0.07 0.57 0 0 0 71 74
f0_119 f0_628 f1h_425 -0.27 0.27 0.18 0 0 0 71 73
f0_119 f0_628 f1w_61 -0.38 0.38 0.34 0 0 0 71 74
f0_119 f0_628 f2_186 0.44 -0.44 0.13 0 0 0 71 71
f0_119 f0_628 f2_246 0.11 -0.11 -0.11 0 0 0 71 70
f0_119 f0_628 f2_461 -0.57 0.57 0.05 0 0 0 71 74
f0_119 f0_628 f2_642 -0.15 0.15 0.56 0 0 0 71 69
f0_119 f0_628 f2_937 -0.09 0.09 0.37 0 0 0 71 67
f0_119 f0_637 f1h_425 -0.48 0.48 0.4 0 0 0 72 73
f0_119 f0_681 f1w_39 -0.35 0.35 0.66 0 0 0 70 74
f0_119 f0_681 f1w_326 -0.48 0.48 0.56 0 0 0 70 72
f0_119 f0_768 f1h_123 -0.1 0.1 0.64 0 0 0 70 74
f0_119 f0_768 f2_246 -0.51 0.51 0.69 0 0 0 70 70
f0_119 f0_768 f2_461 -0.37 0.37 0.57 0 0 0 70 74
f0_119 f0_768 f2_642 -0.29 0.29 0.79 0 0 0 70 69
f0_119 f0_768 f2_937 -0.31 0.31 0.63 0 0 0 70 67
f0_119 f0_953 f1h_123 -0.18 0.18 0.67 0 0 0 70 74
f0_119 f0_953 f2_937 -0.12 0.12 0.49 0 0 0 70 67
f0_119 f1h_123 f1w_39 -0.16 0.16 0.66 0 0 0 74 74
f0_119 f1h_123 f1w_326 -0.26 0.26 0.45 0 0 0 74 72
f0_119 f1h_339 f1h_425 -0.24 0.24 0.46 0 0 0 71 73
f0_119 f1h_339 f2_937 0.17 -0.17 0.35 0 0 0 71 67
f0_119 f1h_425 f1w_39 -0.15 0.15 0.02 0 0 0 73 74
f0_119 f1h_425 f2_632 0.15 -0.15 0.74 0 0 0 73 70
f0_119 f1w_39 f2_937 0.2 -0.2 0.27 0 0 0 74 67
f0_119 f2_143 f2_186 -0.05 0.05 1.13 0 0 0 71 71
f0_119 f2_143 f2_937 -0.17 0.17 0.53 0 0 0 71 67
f0_119 f2_632 f2_937 0.26 -0.26 0.38 0 0 0 70 67
f0_120 f1h_124 f1h_299 0.52 -0.52 0.37 0 0 0 71 68
f0_120 f1h_299 f2_21 0.48 -0.48 0.68 0 0 0 68 72
f0_121 f0_75 f0_548 0 0 -0.36 0 0 1 74 72
f0_123 f0_953 f1h_297 -0.22 0.22 0.82 0 0 0 68 65
f0_124 f1h_333 f2_889 0.02 -0.02 1.23 0 0 0 66 72
f0_125 f0_355 f0_587 -0.04 0.04 1.09 0 0 0 75 72
f0_125 f0_355 f1h_350 0.31 -0.31 0.95 0 0 0 75 72
f0_125 f0_355 f1h_405 -0.22 0.22 0.66 0 0 0 75 75
f0_125 f0_355 f1h_489 0.58 -0.58 0.55 0 0 0 75 74
f0_125 f0_441 f1h_350 0.8 -0.8 0.4 0 0 0 77 72
f0_125 f1h_350 f2_145 -0.81 0.81 0.58 0 0 0 72 73
f0_125 f1h_350 f2_642 -0.99 0.99 0.75 0 0 0 72 71
f0_127 f0_61 f2_444 -0.19 0.19 1.19 0 0 0 74 74
f0_127 f1h_289 f1h_356 0.01 -0.01 1.35 0 0 0 75 73
f0_127 f1h_289 f2_127 -0.28 0.28 1.1 0 0 0 75 74
f0_128 f0_120 f1h_257 -0.06 0.06 2.07 0 0 0 75 75
f0_129 f0_465 f1h_212 -0.48 0.48 0.45 0 0 0 72 72
f0_129 f0_465 f1h_241 -0.11 0.11 1.1 0 0 0 72 69
f0_129 f0_868 f2_489 0.39 -0.39 0.61 0 0 0 72 68
f0_130 f0_148 f0_175 0.91 -0.91 0.58 0 0 0 72 70
f0_130 f0_148 f0_934 0.05 -0.05 0.62 0 0 0 72 69
f0_130 f0_555 f1h_235 0.11 -0.11 1.25 0 0 0 72 67
f0_130 f0_596 f2_821 0.27 -0.27 1.01 0 0 0 69 65
f0_130 f1h_209 f2_304 -0.64 0.64 0.69 0 0 0 70 69
f0_130 f1h_340 f1h_452 0.56 -0.56 1.07 0 0 0 70 69
f0_131 f1h_26 f2_547 -0.12 0.12 1.37 0 0 0 73 75
f0_131 f1h_77 f1w_37 -0.82 0.82 0.45 0 0 0 73 72
f0_131 f1h_382 f1w_253 -0.22 0.22 0.56 0 0 0 71 73
f0_132 f0_192 f2_495 0.24 -0.24 0.91 0 0 0 68 68
f0_132 f0_325 f2_135 -0.12 0.12 -0.36 0 0 1 69 64
f0_132 f0_325 f2_495 0.15 -0.15 0.48 0 0 0 69 68
f0_132 f0_436 f2_495 0.2 -0.2 0.6 0 0 0 68 68
f0_132 f0_474 f1h_82 0.41 -0.41 -0.33 0 0 1 69 65
f0_132 f0_474 f2_495 0.39 -0.39 0.37 0 0 0 69 68
f0_132 f0_603 f0_851 0.21 -0.21 -0.28 0 0 1 68 67
f0_132 f1h_7 f2_495 0.4 -0.4 0.32 0 0 0 67 68
f0_132 f1h_258 f2_495 0.38 -0.38 0.54 0 0 0 68 68
f0_134 f1h_90 f1h_484 0.49 -0.49 1.11 0 0 0 67 70
f0_135 f0_174 f1h_20 -0.04 0.04 1.03 0 0 0 66 65
f0_135 f1h_20 f2_720 -0.37 0.37 0.98 0 0 0 65 69
f0_136 f0_132 f1h_405 0.76 -0.76 0.71 0 0 0 68 73
f0_136 f1h_405 f2_685 -0.07 0.07 1.13 0 0 0 73 73
f0_137 f1h_118 f2_149 -0.32 0.32 1.06 0 0 0 73 74
f0_138 f0_98 f0_844 0.04 -0.04 0.92 0 0 0 71 71
f0_138 f0_98 f0_988 -0.24 0.24 1.01 0 0 0 71 72
f0_138 f0_628 f1h_345 0.18 -0.18 0.23 0 0 0 71 74
f0_138 f0_628 f2_377 -0.19 0.19 0.86 0 0 0 71 71
f0_138 f0_628 f2_919 -0.42 0.42 0.5 0 0 0 71 68
f0_138 f0_844 f1h_493 -0.1 0.1 0.78 0 0 0 71 70
f0_138 f1h_305 f1h_345 0.75 -0.75 0.66 0 0 0 74 74
f0_138 f1h_345 f1w_83 -0.33 0.33 0.97 0 0 0 74 72
f0_138 f1h_345 f1w_276 -0.59 0.59 0.55 0 0 0 74 71
f0_138 f1h_345 f2_61 -0.72 0.72 0.83 0 0 0 74 70
f0_138 f1h_345 f2_377 0.27 -0.27 0.33 0 0 0 74 71
f0_138 f1h_345 f2_469 -0.16 0.16 0.3 0 0 0 74 70
f0_138 f1h_418 f2_975 -0.1 0.1 -0.06 0 0 0 71 70
f0_138 f1h_493 f1w_83 0.36 -0.36 0.55 0 0 0 70 72
f0_138 f1w_83 f2_919 -0.14 0.14 0.72 0 0 0 72 68
f0_138 f1w_276 f2_919 -0.05 0.05 0.26 0 0 0 71 68
f0_138 f2_377 f2_919 -0.63 0.63 0.04 0 0 0 71 68
f0_139 f1h_7 f1h_412 -0.24 0.24 0.65 0 0 0 70 70
f0_139 f1h_103 f1w_445 0.38 -0.38 0.37 0 0 0 70 69
f0_140 f0_254 f2_498 -0.69 0.69 1.23 0 0 0 78 73
f0_141 f1w_222 f2_297 -0.16 0.16 1.23 0 0 0 73 70
f0_141 f1w_222 f2_817 -0.32 0.32 0.98 0 0 0 73 73
f0_142 f0_272 f0_355 -0.21 0.21 0.42 0 0 0 72 73
f0_142 f0_272 f2_873 0.05 -0.05 1.1 0 0 0 72 70
f0_142 f1h_69 f1h_82 -1.11 1.11 0.67 0 0 0 68 67
f0_142 f1h_82 f2_304 0.31 -0.31 0.58 0 0 0 67 69
f0_142 f1h_289 f2_495 0.03 -0.03 0.43 0 0 0 73 71
f0_142 f1h_499 f2_495 -0.25 0.25 0.65 0 0 0 72 71
f0_142 f1w_214 f2_495 -0.24 0.24 0.5 0 0 0 66 71
f0_142 f1w_410 f2_304 0.13 -0.13 0.58 0 0 0 71 69
f0_142 f2_488 f2_495 0.01 -0.01 0.29 0 0 0 70 71
f0_142 f2_493 f2_495 0.12 -0.12 0.41 0 0 0 67 71
f0_142 f2_495 f2_569 -0.02 0.02 0.53 0 0 0 71 71
f0_145 f0_109 f1h_442 -0.58 0.58 0.85 0 0 0 73 71
f0_146 f1h_411 f1h_465 -0.08 0.08 0.9 0 0 0 74 70
f0_147 f1h_382 f1w_207 -0.75 0.75 0.8 0 0 0 71 67
f0_147 f1w_432 f2_351 -0.07 0.07 1.19 0 0 0 66 69
f0_151 f1h_329 f1h_354 0.11 -0.11 0.28 0 0 1 70 71
f0_151 f1h_354 f1h_466 0.63 -0.63 2.35 0 0 0 71 70
f0_152 f0_154 f0_312 0.61 -0.61 0.7 0 0 0 72 70
f0_152 f0_194 f0_312 0.83 -0.83 0.26 0 0 0 68 70
f0_152 f0_194 f0_341 0.62 -0.62 0.68 0 0 0 68 70
f0_152 f0_211 f1h_356 0.35 -0.35 0.67 0 0 0 72 71
f0_152 f0_312 f1h_320 -0.58 0.58 0.51 0 0 0 70 71
f0_152 f0_312 f1h_356 -0.48 0.48 0.68 0 0 0 70 71
f0_152 f0_341 f1h_356 -0.1 0.1 1.02 0 0 0 70 71
f0_152 f0_341 f2_2 -0.41 0.41 1.18 0 0 0 70 72
f0_152 f1h_356 f2_339 0.12 -0.12 0.69 0 0 0 71 72
f0_152 f1h_356 f2_564 -0.54 0.54 0.84 0 0 0 71 69
f0_152 f2_359 f2_703 0.68 -0.68 0.6 0 0 0 69 71
f0_153 f1h_187 f1h_235 -0.19 0.19 1.76 0 0 0 72 70
f0_153 f1h_187 f2_734 0.09 -0.09 -0.49 0 0 1 72 70
f0_154 f0_768 f1h_238 -0.4 0.4 0.68 0 0 0 70 71
f0_154 f0_824 f1h_442 0.03 -0.03 0.96 0 0 0 75 71
f0_154 f0_945 f2_574 0.27 -0.27 1.05 0 0 0 74 73
f0_154 f1h_161 f2_252 -0.59 0.59 1.13 0 0 0 72 74
f0_154 f1h_161 f2_802 -0.42 0.42 0.64 0 0 0 72 70
f0_154 f1h_238 f1w_495 0.22 -0.22 0.91 0 0 0 71 73
f0_157 f0_6 f1h_492 0.51 -0.51 1.15 0 0 0 71 72
f0_157 f0_200 f1h_492 0.05 -0.05 1.49 0 0 0 71 72
f0_157 f1h_492 f1w_412 -0.75 0.75 0.96 0 0 0 72 70
f0_157 f1h_492 f2_1 -0.5 0.5 1.14 0 0 0 72 69
f0_157 f1h_492 f2_527 -0.54 0.54 1.11 0 0 0 72 69
f0_158 f1h_493 f2_359 -0.52 0.52 0.84 0 0 0 68 67
f0_158 f1h_493 f2_820 -0.5 0.5 1.01 0 0 0 68 68
f0_162 f0_369 f1h_161 0.74 -0.74 0.41 0 0 0 71 72
f0_162 f0_608 f1w_443 -0.22 0.22 0.8 0 0 0 70 70
f0_162 f0_765 f1h_403 0.9 -0.9 0.6 0 0 0 68 70
f0_162 f1h_161 f2_24 -0.48 0.48 0.93 0 0 0 72 68
f0_162 f1h_161 f2_511 -0.52 0.52 0.53 0 0 0 72 68
f0_162 f1h_403 f1w_443 -0.53 0.53 0.59 0 0 0 70 70
f0_162 f1w_443 f1w_447 0.05 -0.05 1.11 0 0 0 70 76
f0_162 f1w_443 f2_511 -0.17 0.17 0.17 0 0 0 70 68
f0_163 f1h_22 f1w_310 -0.24 0.24 1.09 0 0 0 72 72
f0_163 f2_461 f2_986 1.3 -1.3 0.51 0 0 0 73 73
f0_166 f0_704 f2_602 0.2 -0.2 1.13 0 0 0 68 74
f0_166 f1h_361 f2_602 0.15 -0.15 0.92 0 0 0 69 74
f0_166 f1h_403 f1h_493 -0.59 0.59 0.79 0 0 0 69 70
f0_166 f1h_403 f2_602 0.03 -0.03 0.94 0 0 0 69 74
f0_168 f0_37 f0_166 0.51 -0.51 0.49 0 0 0 71 71
f0_168 f0_166 f1h_142 0.95 -0.95 0.67 0 0 0 71 69
f0_168 f0_166 f1h_194 -0.69 0.69 0.69 0 0 0 71 71
f0_168 f0_166 f1h_328 -0.21 0.21 0.93 0 0 0 71 71
f0_168 f0_166 f2_540 -0.75 0.75 0.69 0 0 0 71 72
f0_168 f0_166 f2_870 -0.05 0.05 0.82 0 0 0 71 74
f0_168 f0_176 f1w_164 -0.24 0.24 0.56 0 0 0 72 70
f0_168 f0_748 f1h_142 0.78 -0.78 0.09 0 0 0 74 69
f0_168 f1h_25 f1h_142 0.14 -0.14 1.63 0 0 0 72 69
f0_168 f1h_25 f2_870 -0.44 0.44 1.05 0 0 0 72 74
f0_168 f1h_142 f1w_86 -0.7 0.7 0.71 0 0 0 69 73
f0_168 f1h_142 f2_870 -1.02 1.02 0.36 0 0 0 69 74
f0_168 f1h_328 f1w_164 -0.52 0.52 0.27 0 0 0 71 70
f0_168 f1w_86 f2_870 0.06 -0.06 1.06 0 0 0 73 74
f0_168 f1w_164 f2_540 0 0 0.57 0 0 0 70 72
f0_170 f0_747 f1h_390 0.69 -0.69 0.62 0 0 0 71 71
f0_170 f1h_82 f1w_255 -1.15 1.09 0.05 0 0 0 69 70
f0_170 f1h_130 f1h_390 0.6 -0.6 0.96 0 0 0 66 71
f0_171 f1h_350 f2_291 0.1 -0.1 0.79 0 0 0 72 72
f0_171 f2_291 f2_917 0.06 -0.06 0.79 0 0 0 72 71
f0_172 f0_131 f1h_489 0.54 -0.54 1.35 0 0 0 72 71
f0_172 f0_993 f1h_150 -0.11 0.11 0.71 0 0 0 71 71
f0_172 f0_993 f1w_21 -0.22 0.22 0.29 0 0 0 71 70
f0_172 f0_993 f2_359 -0.22 0.22 0.45 0 0 0 71 69
f0_172 f1w_159 f2_359 -0.56 0.56 0.81 0 0 0 74 69
f0_175 f0_183 f0_199 -0.19 0.19 1.19 0 0 0 71 70
f0_175 f0_199 f0_253 -0.28 0.28 0.56 0 0 0 70 73
f0_175 f0_199 f1h_86 0.22 -0.22 1.01 0 0 0 70 74
f0_175 f0_225 f1h_282 0.28 -0.28 1.12 0 0 0 73 72
f0_175 f0_225 f2_359 -0.13 0.13 0.62 0 0 0 73 70
f0_175 f0_225 f2_980 -0.25 0.25 0.97 0 0 0 73 71
f0_175 f0_608 f1h_282 0.44 -0.44 0.75 0 0 0 69 72
f0_175 f0_608 f1h_492 0.12 -0.12 0.75 0 0 0 69 73
f0_175 f0_608 f2_359 -0.28 0.28 0.52 0 0 0 69 70
f0_175 f0_801 f1h_282 0.74 -0.74 0.99 0 0 0 72 72
f0_175 f2_108 f2_359 -0.55 0.55 0.99 0 0 0 74 70
f0_176 f0_374 f1w_275 -0.25 0.25 0.86 0 0 0 72 73
f0_176 f0_717 f1w_174 0.46 -0.46 0.4 0 0 0 71 73
f0_176 f0_717 f2_822 -0.14 0.14 0.32 0 0 0 71 72
f0_176 f1h_25 f1h_411 0.4 -0.4 0.94 0 0 0 73 74
f0_176 f1h_104 f1w_255 -0.26 0.26 0.68 0 0 0 70 71
f0_176 f1h_403 f1w_255 -0.03 0.03 0.35 0 0 0 69 71
f0_181 f1h_304 f1w_385 -0.75 0.75 0.38 0 0 0 71 68
f0_182 f1h_395 f2_363 0.1 -0.1 1.46 0 0 0 74 73
f0_183 f0_13 f1h_290 -0.29 0.29 1.34 0 0 0 72 71
f0_183 f0_13 f2_359 -0.18 0.18 0.78 0 0 0 72 70
f0_183 f0_13 f2_415 -0.17 0.17 0.91 0 0 0 72 70
f0_183 f0_175 f1w_495 -0.1 0.1 1.29 0 0 0 71 72
f0_183 f0_253 f0_938 -0.18 0.18 0.8 0 0 0 72 69
f0_183 f0_253 f2_937 -0.31 0.31 0.85 0 0 0 72 66
f0_183 f0_325 f2_359 -0.04 0.04 0.85 0 0 0 72 70
f0_183 f0_807 f2_276 -0.56 0.56 0.78 0 0 0 70 66
f0_183 f0_936 f2_737 -0.14 0.14 0.91 0 0 0 71 72
f0_183 f0_938 f2_364 -0.38 0.38 0.31 0 0 0 69 71
f0_183 f0_938 f2_415 0.05 -0.05 0.87 0 0 0 69 70
f0_183 f1h_21 f2_364 -0.39 0.39 0.6 0 0 0 71 71
f0_183 f1h_290 f2_364 -0.16 0.16 0.15 0 0 0 71 71
f0_183 f1w_495 f2_415 -0.02 0.02 0.73 0 0 0 72 70
