id parent1 parent2 LLRparent1 LLRparent2 LLRpair OHparent1 OHparent2 MEpair SNPd.id.parent1 SNPd.id.parent2
f1h_1 f0_136 f0_143 7.37 -7.37 43.83 0 0 0 2358 2386
f1h_2 f0_13 f0_29 -4.9 4.9 48.12 0 0 0 2329 2354
f1h_3 f0_10 f0_140 6.84 -6.84 45.49 0 0 0 2362 2375
f1h_4 f0_7 f0_35 -2.34 2.34 45.06 0 0 0 2289 2315
f1h_5 f0_138 f0_200 5.53 -5.53 45.69 0 0 0 2317 2309
f1h_6 f0_93 f0_97 -1.08 1.08 51.32 0 0 0 2352 2349
f1h_7 f0_162 f0_176 -3.15 3.15 43.22 0 0 0 2386 2308
f1h_9 f0_3 f0_36 1.09 -1.09 43.96 0 0 0 2337 2361
f1h_10 f0_72 f0_165 -0.72 0.72 46.61 0 0 0 2367 2400
f1h_11 f0_14 f0_34 4.21 -4.21 48.62 0 0 0 2376 2409
f1h_15 f0_62 f0_141 6.84 -6.84 44.05 0 0 0 2370 2322
f1h_16 f0_27 f0_107 -1.31 1.31 47.99 0 0 0 2303 2329
f1h_17 f0_76 f0_176 -0.81 0.81 41.65 0 0 0 2326 2295
f1h_18 f0_1 f0_6 -4.32 4.32 40.58 0 0 0 2356 2311
f1h_19 f0_68 f0_153 3.11 -3.11 42.95 0 0 0 2382 2371
f1h_20 f0_12 f0_155 2.75 -2.75 44.78 0 0 0 2382 2333
f1h_22 f0_38 f0_190 -4.47 4.47 49.39 0 0 0 2351 2347
f1h_23 f0_15 f0_37 -3.36 3.36 48.37 0 0 0 2345 2373
f1h_24 f0_28 f0_89 -1.47 1.47 48.03 0 0 0 2323 2287
f1h_25 f0_68 f0_137 3.48 -3.48 47.04 0 0 0 2321 2354
f1h_26 f0_6 f0_171 2.26 -2.26 45.74 0 0 0 2340 2331
f1h_29 f0_144 f0_186 -3.38 3.38 45.88 0 0 0 2306 2308
f1h_30 f0_80 f0_126 4.57 -4.57 48.11 0 0 0 2310 2320
f1h_32 f0_16 f0_86 1.9 -1.9 44.21 0 0 0 2313 2309
f1h_33 f0_41 f0_135 -0.64 0.64 52.03 0 0 0 2349 2375
f1h_35 f0_48 f0_163 -2.88 2.88 47.59 0 0 0 2354 2379
f1h_37 f0_11 f0_137 2.16 -2.16 46.91 0 0 0 2338 2383
f1h_38 f0_105 f0_149 9.84 -9.84 39.93 0 0 0 2325 2288
f1h_39 f0_152 f0_192 -2.97 2.97 43.7 0 0 0 2335 2302
f1h_41 f0_24 f0_192 -2.51 2.51 45.56 0 0 0 2302 2307
f1h_43 f0_120 f0_148 4.69 -4.69 43.14 0 0 0 2289 2291
f1h_46 f0_40 f0_175 -5.58 5.58 49.61 0 0 0 2368 2354
f1h_47 f0_175 f0_200 2.07 -2.07 45.13 0 0 0 2369 2334
f1h_48 f0_38 f0_71 -2.84 2.84 46.61 0 0 0 2359 2347
f1h_50 f0_78 f0_113 12.95 -12.95 41.43 0 0 0 2365 2361
f1h_51 f0_14 f0_62 -13.56 13.56 42.33 0 0 0 2393 2346
f1h_52 f0_14 f0_167 0.72 -0.72 47.95 0 0 0 2350 2356
f1h_53 f0_95 f0_100 0.81 -0.81 45.01 0 0 0 2338 2322
f1h_54 f0_49 f0_54 -3.12 3.12 47.49 0 0 0 2357 2336
f1h_55 f0_56 f0_75 5.62 -5.62 42.21 0 0 0 2320 2338
f1h_56 f0_47 f0_57 1.75 -1.75 47.05 0 0 0 2320 2346
f1h_57 f0_8 f0_166 -2.2 2.2 47.93 0 0 0 2357 2358
f1h_58 f0_9 f0_73 6.71 -6.71 42.39 0 0 0 2372 2332
f1h_59 f0_99 f0_112 6.92 -6.92 47.96 0 0 0 2384 2403
f1h_60 f0_133 f0_162 0.07 -0.07 48.37 0 0 0 2308 2336
f1h_62 f0_163 f0_190 0.97 -0.97 48.46 0 0 0 2373 2352
f1h_63 f0_40 f0_87 1.43 -1.43 50.71 0 0 0 2346 2336
f1h_65 f0_99 f0_167 -4.44 4.44 45.98 0 0 0 2367 2416
f1h_67 f0_109 f0_168 -10.01 10.01 39.24 0 0 0 2337 2276
f1h_68 f0_42 f0_148 2.57 -2.57 48.29 0 0 0 2415 2344
f1h_69 f0_69 f0_139 -5.06 5.06 49.39 0 0 0 2370 2387
f1h_70 f0_121 f0_183 -3.69 3.69 42.74 0 0 0 2340 2357
f1h_71 f0_24 f0_178 2.72 -2.72 46.71 0 0 0 2284 2335
f1h_72 f0_102 f0_119 -2 2 43 0 0 0 2346 2327
f1h_73 f0_65 f0_99 7.32 -7.32 42.28 0 0 0 2328 2330
f1h_74 f0_46 f0_111 2.43 -2.43 46.17 0 0 0 2335 2313
f1h_75 f0_71 f0_98 3.08 -3.08 43.28 0 0 0 2297 2316
f1h_76 f0_82 f0_171 -1.31 1.31 45.94 0 0 0 2286 2293
f1h_78 f0_113 f0_188 0.15 -0.15 47.86 0 0 0 2315 2296
f1h_79 f0_42 f0_164 1 -1 43.82 0 0 0 2391 2331
f1h_80 f0_66 f0_198 -8.55 8.55 46.47 0 0 0 2382 2329
f1h_81 f0_12 f0_28 -2.09 2.09 49.33 0 0 0 2317 2318
f1h_82 f0_46 f0_88 1.58 -1.58 48.64 0 0 0 2310 2373
f1h_83 f0_151 f0_185 -0.76 0.76 50.55 0 0 0 2336 2362
f1h_84 f0_184 f0_193 -5.71 5.71 46.77 0 0 0 2322 2312
f1h_86 f0_7 f0_61 1.12 -1.12 47.37 0 0 0 2319 2337
f1h_87 f0_103 f0_118 4.45 -4.45 46.57 0 0 0 2401 2403
f1h_88 f0_107 f0_108 -1.82 1.82 50.59 0 0 0 2351 2330
f1h_90 f0_30 f0_84 4.05 -4.05 50.23 0 0 0 2322 2344
f1h_91 f0_73 f0_126 1.97 -1.97 49.03 0 0 0 2301 2334
f1h_92 f0_156 f0_170 -5.95 5.95 47.36 0 0 0 2315 2260
f1h_93 f0_62 f0_107 -1.39 1.39 46.07 0 0 0 2329 2342
f1h_94 f0_160 f0_193 -2.25 2.25 48.02 0 0 0 2372 2362
f1h_95 f0_59 f0_155 -5.32 5.32 48.71 0 0 0 2318 2311
f1h_96 f0_27 f0_124 -6.13 6.13 47.57 0 0 0 2357 2369
f1h_98 f0_2 f0_102 2 -2 47.17 0 0 0 2380 2341
f1h_100 f0_14 f0_85 -5.09 5.09 49.87 0 0 0 2400 2349
f1h_101 f0_120 f0_137 0.97 -0.97 48.23 0 0 0 2298 2343
f1h_102 f0_35 f0_150 -2.19 2.19 46.51 0 0 0 2347 2334
f1h_103 f0_21 f0_135 -7.71 7.71 39.97 0 0 0 2354 2382
f1h_104 f0_51 f0_118 1.32 -1.32 47.21 0 0 0 2308 2342
f1h_106 f0_98 f0_106 -5.54 5.54 46.6 0 0 0 2302 2351
f1h_107 f0_160 f0_181 -14.6 14.6 40.03 0 0 0 2303 2283
f1h_108 f0_68 f0_136 -1.47 1.47 41.97 0 0 0 2346 2310
f1h_109 f0_5 f0_178 -3.27 3.27 47.55 0 0 0 2376 2400
f1h_110 f0_8 f0_179 1.57 -1.57 45.07 0 0 0 2360 2352
f1h_111 f0_68 f0_157 -3.15 3.15 50.62 0 0 0 2357 2346
f1h_112 f0_8 f0_137 3.99 -3.99 46.17 0 0 0 2275 2321
f1h_113 f0_93 f0_126 -0.91 0.91 44.53 0 0 0 2340 2329
f1h_114 f0_116 f0_172 -2.33 2.33 51.16 0 0 0 2306 2313
f1h_115 f0_13 f0_90 -2.83 2.83 42.23 0 0 0 2275 2324
f1h_116 f0_59 f0_71 -3.3 3.3 45.5 0 0 0 2329 2333
f1h_118 f0_43 f0_93 4.62 -4.62 48.29 0 0 0 2354 2338
f1h_121 f0_46 f0_108 -0.84 0.84 51.01 0 0 0 2327 2344
f1h_122 f0_25 f0_141 6.43 -6.43 47.17 0 0 0 2331 2379
f1h_124 f0_37 f0_137 7.25 -7.25 42.58 0 0 0 2333 2343
f1h_125 f0_139 f0_152 -2.41 2.41 47.29 0 0 0 2424 2363
f1h_126 f0_43 f0_83 2.19 -2.19 43.75 0 0 0 2310 2276
f1h_127 f0_49 f0_104 -2.77 2.77 48.46 0 0 0 2350 2385
f1h_129 f0_2 f0_129 -2.66 2.66 46.94 0 0 0 2377 2423
f1h_130 f0_22 f0_159 -4.17 4.17 46.22 0 0 0 2335 2328
f1h_131 f0_24 f0_114 -4.28 4.28 44.77 0 0 0 2332 2399
f1h_132 f0_119 f0_181 4.31 -4.31 47.16 0 0 0 2399 2347
f1h_133 f0_103 f0_192 -2.86 2.86 46.29 0 0 0 2346 2299
f1h_134 f0_81 f0_85 0.11 -0.11 50.89 0 0 0 2340 2319
f1h_135 f0_100 f0_200 -7.68 7.68 46.14 0 0 0 2328 2327
f1h_136 f0_38 f0_73 -2.45 2.45 43.19 0 0 0 2370 2333
f1h_137 f0_171 f0_183 0.1 -0.1 44.15 0 0 0 2344 2360
f1h_138 f0_1 f0_141 -2.72 2.72 45.11 0 0 0 2381 2338
f1h_139 f0_11 f0_69 0.88 -0.88 47.28 0 0 0 2334 2308
f1h_140 f0_125 f0_172 -8.04 8.04 47.3 0 0 0 2333 2339
f1h_141 f0_18 f0_75 1.78 -1.78 48.79 0 0 0 2295 2309
f1h_142 f0_6 f0_47 -4.02 4.02 50.91 0 0 0 2348 2369
f1h_144 f0_29 f0_122 3.2 -3.2 47.19 0 0 0 2345 2351
f1h_145 f0_39 f0_184 5.71 -5.71 44.24 0 0 0 2358 2341
f1h_146 f0_34 f0_64 1.07 -1.07 47.76 0 0 0 2370 2379
f1h_147 f0_4 f0_163 -6.76 6.76 41.79 0 0 0 2311 2396
f1h_148 f0_24 f0_190 2.14 -2.14 46.52 0 0 0 2342 2365
f1h_149 f0_7 f0_89 1.37 -1.37 44.06 0 0 0 2338 2327
f1h_150 f0_28 f0_50 -3.01 3.01 47.95 0 0 0 2358 2362
f1h_151 f0_16 f0_133 2.18 -2.18 47.08 0 0 0 2314 2322
f1h_153 f0_48 f0_80 -2.67 2.67 48.33 0 0 0 2331 2283
f1h_156 f0_20 f0_48 3.23 -3.23 45.39 0 0 0 2312 2362
f1h_157 f0_39 f0_163 5.85 -5.85 43.21 0 0 0 2333 2363
f1h_158 f0_9 f0_121 2.95 -2.95 45.71 0 0 0 2379 2324
f1h_159 f0_64 f0_185 -0.22 0.22 50.29 0 0 0 2362 2340
f1h_161 f0_13 f0_72 1.02 -1.02 50.68 0 0 0 2322 2338
f1h_162 f0_24 f0_56 -0.85 0.85 49 0 0 0 2310 2330
f1h_165 f0_74 f0_85 -1.58 1.58 50.39 0 0 0 2374 2304
f1h_166 f0_69 f0_144 -0.43 0.43 48.76 0 0 0 2342 2311
f1h_167 f0_133 f0_136 -1.28 1.28 45.49 0 0 0 2334 2370
f1h_169 f0_59 f0_190 -3.77 3.77 51.2 0 0 0 2363 2374
f1h_170 f0_92 f0_199 4.36 -4.36 48.4 0 0 0 2370 2375
f1h_171 f0_13 f0_147 3.54 -3.54 49.62 0 0 0 2285 2318
f1h_172 f0_94 f0_113 2.06 -2.06 48.44 0 0 0 2399 2363
f1h_173 f0_81 f0_134 -0.1 0.1 47.95 0 0 0 2275 2262
f1h_174 f0_35 f0_107 -4.74 4.74 47.68 0 0 0 2321 2320
f1h_175 f0_15 f0_65 -3.13 3.13 44.94 0 0 0 2266 2332
f1h_176 f0_48 f0_167 6.1 -6.1 44.87 0 0 0 2329 2351
f1h_177 f0_57 f0_133 5.18 -5.18 49.39 0 0 0 2377 2375
f1h_178 f0_32 f0_147 -0.86 0.86 50.22 0 0 0 2352 2318
f1h_179 f0_85 f0_105 -3.49 3.49 45.09 0 0 0 2288 2312
f1h_180 f0_8 f0_25 -0.51 0.51 45.66 0 0 0 2376 2354
f1h_182 f0_43 f0_112 -1.32 1.32 47.15 0 0 0 2337 2308
f1h_183 f0_65 f0_100 3.57 -3.57 47.5 0 0 0 2341 2289
f1h_184 f0_31 f0_110 -1.29 1.29 46.65 0 0 0 2343 2385
f1h_186 f0_90 f0_154 -9.52 9.52 40.52 0 0 0 2358 2307
f1h_187 f0_114 f0_168 1.92 -1.92 47.01 0 0 0 2392 2320
f1h_189 f0_61 f0_62 -8.21 8.21 45.71 0 0 0 2307 2306
f1h_190 f0_82 f0_94 1.6 -1.6 46.39 0 0 0 2304 2373
f1h_191 f0_75 f0_200 -5.33 5.33 43.25 0 0 0 2342 2320
f1h_192 f0_97 f0_196 -1.93 1.93 47.63 0 0 0 2322 2351
f1h_193 f0_156 f0_164 -0.79 0.79 46.05 0 0 0 2324 2349
f1h_194 f0_110 f0_115 -4.42 4.42 47.42 0 0 0 2391 2362
f1h_195 f0_172 f0_177 -0.43 0.43 47.9 0 0 0 2366 2396
f1h_196 f0_49 f0_178 -8.31 8.31 44.95 0 0 0 2376 2389
f1h_198 f0_119 f0_126 0.76 -0.76 45.94 0 0 0 2367 2344
f1h_199 f0_43 f0_176 3.03 -3.03 49.2 0 0 0 2376 2342
f1h_200 f0_66 f0_99 -4.43 4.43 45.84 0 0 0 2360 2363
f1h_201 f0_151 f0_153 1.09 -1.09 48.5 0 0 0 2310 2363
f1h_202 f0_105 f0_178 1.74 -1.74 47.11 0 0 0 2330 2351
f1h_203 f0_105 f0_113 -0.45 0.45 50.35 0 0 0 2356 2323
f1h_205 f0_101 f0_119 -6.57 6.57 44.49 0 0 0 2343 2346
f1h_206 f0_37 f0_185 -3.97 3.97 42.09 0 0 0 2370 2338
f1h_208 f0_134 f0_191 3.76 -3.76 44.99 0 0 0 2259 2322
f1h_209 f0_62 f0_139 -0.59 0.59 46.33 0 0 0 2360 2388
f1h_211 f0_66 f0_143 -5.02 5.02 46.47 0 0 0 2342 2311
f1h_212 f0_25 f0_29 5.02 -5.02 46.59 0 0 0 2338 2366
f1h_213 f0_116 f0_152 -6.76 6.76 45.02 0 0 0 2354 2339
f1h_214 f0_7 f0_186 -0.81 0.81 50.44 0 0 0 2369 2336
f1h_215 f0_14 f0_124 -4.94 4.94 49.28 0 0 0 2369 2318
f1h_216 f0_55 f0_133 1.65 -1.65 44.69 0 0 0 2402 2329
f1h_217 f0_14 f0_142 0.06 -0.06 51.34 0 0 0 2420 2377
f1h_219 f0_25 f0_172 1.81 -1.81 46.21 0 0 0 2380 2403
f1h_220 f0_6 f0_183 0.52 -0.52 48.19 0 0 0 2323 2324
f1h_221 f0_131 f0_154 5.68 -5.68 42.01 0 0 0 2324 2295
f1h_222 f0_75 f0_156 -4.16 4.16 48.14 0 0 0 2350 2334
f1h_223 f0_89 f0_140 5.01 -5.01 42.75 0 0 0 2304 2341
f1h_224 f0_36 f0_200 5.68 -5.68 44.57 0 0 0 2356 2308
f1h_225 f0_50 f0_60 2.82 -2.82 49.08 0 0 0 2348 2338
f1h_226 f0_145 f0_191 6.72 -6.72 47.5 0 0 0 2362 2366
f1h_227 f0_19 f0_79 -0.45 0.45 47.38 0 0 0 2368 2352
f1h_228 f0_58 f0_181 -4.47 4.47 46.52 0 0 0 2329 2295
f1h_229 f0_59 f0_183 1.15 -1.15 52.56 0 0 0 2408 2389
f1h_230 f0_100 f0_138 -1.24 1.24 42.07 0 0 0 2304 2324
f1h_231 f0_3 f0_80 5.25 -5.25 46.2 0 0 0 2371 2384
f1h_232 f0_88 f0_96 2.13 -2.13 48.61 0 0 0 2374 2372
f1h_233 f0_36 f0_135 1.27 -1.27 48.39 0 0 0 2378 2366
f1h_234 f0_28 f0_85 -4.58 4.58 44.76 0 0 0 2342 2309
f1h_235 f0_29 f0_45 -1.39 1.39 45.45 0 0 0 2305 2336
f1h_236 f0_6 f0_59 -3.66 3.66 46.61 0 0 0 2346 2347
f1h_237 f0_75 f0_155 0.89 -0.89 46.04 0 0 0 2356 2320
f1h_239 f0_43 f0_82 -3.8 3.8 43.25 0 0 0 2319 2291
f1h_240 f0_10 f0_60 -0.02 0.02 49.31 0 0 0 2340 2368
f1h_241 f0_55 f0_137 3.51 -3.51 48.98 0 0 0 2387 2379
f1h_244 f0_39 f0_130 0.99 -0.99 41.74 0 0 0 2350 2355
f1h_246 f0_71 f0_158 3.31 -3.31 47.3 0 0 0 2340 2377
f1h_247 f0_115 f0_154 -5.64 5.64 45.56 0 0 0 2339 2310
f1h_248 f0_116 f0_122 -4.68 4.68 44.23 0 0 0 2339 2332
f1h_249 f0_140 f0_167 0.74 -0.74 47.08 0 0 0 2318 2375
f1h_250 f0_32 f0_184 -6.62 6.62 44.75 0 0 0 2357 2361
f1h_251 f0_53 f0_123 -0.08 0.08 45.42 0 0 0 2332 2335
f1h_252 f0_128 f0_150 1.48 -1.48 48.35 0 0 0 2311 2340
f1h_253 f0_80 f0_83 -0.35 0.35 47.27 0 0 0 2323 2369
f1h_254 f0_140 f0_145 -0.24 0.24 52.36 0 0 0 2350 2342
f1h_255 f0_44 f0_111 -6.62 6.62 45.68 0 0 0 2340 2300
f1h_256 f0_149 f0_171 6.37 -6.37 45.32 0 0 0 2307 2341
f1h_257 f0_59 f0_176 0.8 -0.8 44.46 0 0 0 2318 2295
f1h_258 f0_87 f0_91 -2.9 2.9 46.68 0 0 0 2320 2369
f1h_259 f0_110 f0_193 0.8 -0.8 51.5 0 0 0 2373 2346
f1h_260 f0_126 f0_138 -2.31 2.31 48.33 0 0 0 2360 2345
f1h_262 f0_110 f0_147 -3.19 3.19 51.41 0 0 0 2394 2333
f1h_263 f0_44 f0_64 4.39 -4.39 47.56 0 0 0 2398 2413
f1h_264 f0_151 f0_195 1.59 -1.59 46.33 0 0 0 2353 2312
f1h_265 f0_127 f0_157 5.5 -5.5 46.13 0 0 0 2336 2324
f1h_266 f0_36 f0_137 -5.63 5.63 45.2 0 0 0 2329 2351
f1h_268 f0_21 f0_92 -2.44 2.44 46.39 0 0 0 2343 2342
f1h_271 f0_53 f0_98 1.85 -1.85 45.41 0 0 0 2360 2363
f1h_272 f0_136 f0_140 -2.59 2.59 45.91 0 0 0 2290 2315
f1h_274 f0_88 f0_184 0.12 -0.12 50.49 0 0 0 2372 2379
f1h_275 f0_98 f0_121 -0.75 0.75 46.35 0 0 0 2372 2327
f1h_277 f0_167 f0_197 4.54 -4.54 44.36 0 0 0 2321 2354
f1h_279 f0_22 f0_157 -5.42 5.42 46.14 0 0 0 2341 2391
f1h_280 f0_21 f0_66 1.01 -1.01 42.78 0 0 0 2342 2363
f1h_281 f0_23 f0_69 -0.45 0.45 47.92 0 0 0 2366 2355
f1h_282 f0_40 f0_131 2.34 -2.34 44.53 0 0 0 2342 2335
f1h_283 f0_94 f0_172 -4.99 4.99 49.1 0 0 0 2370 2340
f1h_284 f0_24 f0_150 -7.27 7.27 41.68 0 0 0 2285 2356
f1h_285 f0_63 f0_150 0.19 -0.19 51.6 0 0 0 2398 2386
f1h_286 f0_3 f0_55 3.97 -3.97 44.59 0 0 0 2312 2356
f1h_289 f0_41 f0_150 1.9 -1.9 51.8 0 0 0 2361 2341
f1h_290 f0_132 f0_137 -2.58 2.58 50.14 0 0 0 2355 2365
f1h_291 f0_79 f0_127 -1.81 1.81 52.3 0 0 0 2382 2387
f1h_292 f0_54 f0_74 3.9 -3.9 45.72 0 0 0 2309 2383
f1h_293 f0_41 f0_186 0.81 -0.81 50.6 0 0 0 2354 2277
f1h_294 f0_126 f0_197 0.16 -0.16 47.85 0 0 0 2350 2372
f1h_295 f0_45 f0_95 1.91 -1.91 51.4 0 0 0 2356 2354
f1h_296 f0_110 f0_168 0.23 -0.23 47.65 0 0 0 2339 2308
f1h_298 f0_55 f0_104 -4.19 4.19 47.6 0 0 0 2357 2353
f1h_299 f0_23 f0_85 6.92 -6.92 48.07 0 0 0 2340 2316
f1h_300 f0_180 f0_188 4.03 -4.03 50.52 0 0 0 2325 2304
f1h_301 f0_124 f0_134 -2.01 2.01 47.26 0 0 0 2372 2280
f1h_302 f0_97 f0_136 1.73 -1.73 49.15 0 0 0 2365 2342
f1h_303 f0_35 f0_170 -3.84 3.84 43.81 0 0 0 2310 2268
f1h_304 f0_52 f0_157 0.6 -0.6 47.49 0 0 0 2347 2376
f1h_305 f0_7 f0_8 -5.72 5.72 48.53 0 0 0 2297 2316
f1h_306 f0_68 f0_116 5.91 -5.91 43.44 0 0 0 2336 2345
f1h_307 f0_130 f0_150 -4.07 4.07 45.94 0 0 0 2365 2355
f1h_308 f0_51 f0_171 -0.71 0.71 48.52 0 0 0 2324 2314
f1h_310 f0_110 f0_122 1.2 -1.2 48.42 0 0 0 2290 2226
f1h_311 f0_50 f0_193 -2.87 2.87 47.63 0 0 0 2340 2329
f1h_312 f0_75 f0_155 -4.4 4.4 44.23 0 0 0 2350 2311
f1h_313 f0_195 f0_196 -4.11 4.11 43.56 0 0 0 2315 2389
f1h_314 f0_89 f0_179 6.07 -6.07 45.32 0 0 0 2370 2338
f1h_316 f0_3 f0_63 1.93 -1.93 46.4 0 0 0 2323 2366
f1h_317 f0_138 f0_184 -0.43 0.43 50.43 0 0 0 2371 2384
f1h_318 f0_9 f0_142 -6.38 6.38 45.94 0 0 0 2316 2306
f1h_319 f0_23 f0_40 -2.26 2.26 52.01 0 0 0 2385 2397
f1h_320 f0_148 f0_182 -5.8 5.8 43 0 0 0 2296 2287
f1h_321 f0_69 f0_106 2.87 -2.87 46.76 0 0 0 2330 2369
f1h_322 f0_11 f0_62 3.92 -3.92 46.95 0 0 0 2358 2328
f1h_323 f0_55 f0_99 -2.17 2.17 45.66 0 0 0 2378 2350
f1h_324 f0_114 f0_144 3.45 -3.45 47.26 0 0 0 2398 2337
f1h_326 f0_114 f0_155 0.12 -0.12 45.11 0 0 0 2398 2355
f1h_327 f0_13 f0_47 -6.97 6.97 47.4 0 0 0 2347 2372
f1h_328 f0_56 f0_191 -6.25 6.25 43.26 0 0 0 2406 2401
f1h_330 f0_30 f0_89 -0.79 0.79 48.72 0 0 0 2314 2279
f1h_331 f0_111 f0_166 7.8 -7.8 42.22 0 0 0 2326 2349
f1h_333 f0_92 f0_188 -3.91 3.91 45.02 0 0 0 2328 2281
f1h_334 f0_14 f0_104 -1.41 1.41 51.76 0 0 0 2377 2347
f1h_335 f0_31 f0_188 -5.95 5.95 43.94 0 0 0 2369 2334
f1h_336 f0_66 f0_146 -2.57 2.57 48.41 0 0 0 2346 2287
f1h_337 f0_32 f0_97 -3.64 3.64 47.76 0 0 0 2341 2348
f1h_338 f0_119 f0_180 -3.13 3.13 47.57 0 0 0 2286 2289
f1h_339 f0_54 f0_192 6.21 -6.21 44.14 0 0 0 2316 2295
f1h_340 f0_33 f0_37 -4.4 4.4 46.39 0 0 0 2349 2357
f1h_341 f0_80 f0_138 4 -4 45.57 0 0 0 2327 2344
f1h_342 f0_92 f0_195 0.55 -0.55 49.1 0 0 0 2328 2304
f1h_343 f0_59 f0_132 -1.81 1.81 47.77 0 0 0 2341 2330
f1h_344 f0_101 f0_197 2.56 -2.56 49.78 0 0 0 2326 2369
f1h_346 f0_71 f0_200 -5.85 5.85 43.99 0 0 0 2344 2312
f1h_347 f0_20 f0_32 -4.4 4.4 47.6 0 0 0 2340 2350
f1h_349 f0_13 f0_30 4.86 -4.86 47.23 0 0 0 2326 2343
f1h_350 f0_134 f0_187 2.47 -2.47 47.28 0 0 0 2288 2355
f1h_351 f0_18 f0_167 -12.36 12.36 43.61 0 0 0 2315 2327
f1h_352 f0_45 f0_195 -2.93 2.93 47.92 0 0 0 2371 2325
f1h_354 f0_172 f0_194 -1.46 1.46 46.67 0 0 0 2291 2275
f1h_355 f0_50 f0_102 -1.84 1.84 50.71 0 0 0 2333 2333
f1h_356 f0_70 f0_195 6.48 -6.48 46.21 0 0 0 2321 2268
f1h_357 f0_36 f0_188 7.73 -7.73 42.66 0 0 0 2356 2301
f1h_358 f0_33 f0_119 -1.7 1.7 49.77 0 0 0 2357 2324
f1h_359 f0_16 f0_93 3.78 -3.78 47.65 0 0 0 2309 2338
f1h_360 f0_48 f0_84 3.11 -3.11 49.69 0 0 0 2364 2373
f1h_362 f0_93 f0_126 -5.74 5.74 47.85 0 0 0 2312 2291
f1h_363 f0_26 f0_161 5.79 -5.79 39.67 0 0 0 2354 2345
f1h_364 f0_22 f0_72 2.46 -2.46 43.78 0 0 0 2295 2334
f1h_365 f0_51 f0_81 2.62 -2.62 44.08 0 0 0 2325 2322
f1h_366 f0_26 f0_191 12.86 -12.86 41.07 0 0 0 2357 2352
f1h_367 f0_20 f0_94 1.06 -1.06 45.05 0 0 0 2339 2373
f1h_368 f0_81 f0_91 -2.93 2.93 47.13 0 0 0 2278 2348
f1h_369 f0_77 f0_191 -5.12 5.12 42.15 0 0 0 2347 2398
f1h_370 f0_30 f0_82 3.39 -3.39 45.96 0 0 0 2329 2316
f1h_373 f0_85 f0_194 1.54 -1.54 47.23 0 0 0 2312 2316
f1h_374 f0_119 f0_144 -0.28 0.28 48.41 0 0 0 2325 2275
f1h_376 f0_67 f0_97 1.27 -1.27 53.57 0 0 0 2334 2332
f1h_377 f0_41 f0_167 -3.4 3.4 47.85 0 0 0 2354 2364
f1h_378 f0_98 f0_155 3.46 -3.46 44.13 0 0 0 2344 2319
f1h_379 f0_109 f0_168 -7.69 7.69 43.13 0 0 0 2345 2326
f1h_380 f0_20 f0_47 1.75 -1.75 48.83 0 0 0 2303 2315
f1h_381 f0_106 f0_153 1.34 -1.34 48.07 0 0 0 2335 2304
f1h_382 f0_111 f0_199 3.7 -3.7 44.13 0 0 0 2311 2307
f1h_383 f0_87 f0_147 -7.72 7.72 47.61 0 0 0 2364 2349
f1h_384 f0_22 f0_146 9.32 -9.32 43.58 0 0 0 2321 2299
f1h_385 f0_13 f0_120 -1.07 1.07 45.22 0 0 0 2299 2282
f1h_388 f0_65 f0_120 1.05 -1.05 47.08 0 0 0 2416 2364
f1h_390 f0_127 f0_187 -3.1 3.1 45.22 0 0 0 2364 2379
f1h_391 f0_38 f0_83 3.21 -3.21 49.88 0 0 0 2315 2296
f1h_392 f0_79 f0_145 -3.94 3.94 47.5 0 0 0 2345 2374
f1h_393 f0_21 f0_157 -6.89 6.89 48.02 0 0 0 2345 2369
f1h_394 f0_69 f0_178 1.12 -1.12 49.64 0 0 0 2329 2365
f1h_396 f0_82 f0_150 3.94 -3.94 44.9 0 0 0 2326 2351
f1h_397 f0_67 f0_194 3.22 -3.22 41.9 0 0 0 2388 2348
f1h_399 f0_44 f0_88 -6.74 6.74 46.39 0 0 0 2326 2378
f1h_400 f0_123 f0_128 8.96 -8.96 46.37 0 0 0 2363 2310
f1h_401 f0_78 f0_83 6.73 -6.73 45.9 0 0 0 2361 2358
f1h_404 f0_14 f0_69 5.29 -5.29 48.68 0 0 0 2369 2302
f1h_405 f0_64 f0_87 3.93 -3.93 46.15 0 0 0 2354 2302
f1h_407 f0_35 f0_64 5.54 -5.54 45.52 0 0 0 2355 2391
f1h_408 f0_56 f0_148 0.91 -0.91 52.55 0 0 0 2394 2352
f1h_409 f0_25 f0_27 0.68 -0.68 49.59 0 0 0 2295 2351
f1h_410 f0_7 f0_129 4.04 -4.04 46.38 0 0 0 2311 2335
f1h_411 f0_7 f0_157 1.04 -1.04 51.15 0 0 0 2300 2311
f1h_412 f0_121 f0_141 0.04 -0.04 51.32 0 0 0 2310 2339
f1h_413 f0_9 f0_28 0.85 -0.85 46.54 0 0 0 2353 2343
f1h_414 f0_49 f0_116 -1.99 1.99 51.43 0 0 0 2362 2371
f1h_415 f0_98 f0_198 3.29 -3.29 49.07 0 0 0 2361 2349
f1h_416 f0_26 f0_175 -0.59 0.59 47.11 0 0 0 2372 2363
f1h_418 f0_3 f0_67 1.33 -1.33 46.03 0 0 0 2323 2336
f1h_419 f0_51 f0_162 -0.55 0.55 49.12 0 0 0 2322 2320
f1h_421 f0_66 f0_139 -1.28 1.28 49.82 0 0 0 2382 2371
f1h_422 f0_26 f0_199 1.33 -1.33 46.37 0 0 0 2356 2343
f1h_423 f0_56 f0_129 -0.49 0.49 49.84 0 0 0 2326 2331
f1h_424 f0_17 f0_45 -1.85 1.85 47.96 0 0 0 2364 2343
f1h_425 f0_149 f0_176 -2.68 2.68 45.76 0 0 0 2291 2279
f1h_426 f0_169 f0_178 1.87 -1.87 48.49 0 0 0 2314 2345
f1h_427 f0_101 f0_120 8.42 -8.42 45.05 0 0 0 2353 2309
f1h_428 f0_185 f0_186 2.46 -2.46 45.25 0 0 0 2327 2293
f1h_429 f0_46 f0_128 6.33 -6.33 46.01 0 0 0 2276 2280
f1h_430 f0_83 f0_85 -5.53 5.53 46.67 0 0 0 2350 2354
f1h_433 f0_102 f0_159 -0.98 0.98 47.44 0 0 0 2338 2337
f1h_434 f0_35 f0_130 6.67 -6.67 47.45 0 0 0 2382 2378
f1h_435 f0_85 f0_171 -4.36 4.36 45.81 0 0 0 2344 2327
f1h_436 f0_157 f0_181 -2.97 2.97 47.29 0 0 0 2355 2370
f1h_437 f0_47 f0_159 1.03 -1.03 47.65 0 0 0 2352 2330
f1h_438 f0_113 f0_197 -7.74 7.74 42.5 0 0 0 2320 2358
f1h_439 f0_1 f0_200 5.44 -5.44 42.04 0 0 0 2366 2335
f1h_440 f0_122 f0_196 2.16 -2.16 44.55 0 0 0 2317 2358
f1h_441 f0_14 f0_35 -10.38 10.38 44.7 0 0 0 2387 2324
f1h_444 f0_30 f0_160 -4.62 4.62 52.02 0 0 0 2328 2331
f1h_446 f0_30 f0_173 -3.49 3.49 49.34 0 0 0 2329 2314
f1h_448 f0_5 f0_61 1.02 -1.02 54.48 0 0 0 2331 2377
f1h_449 f0_158 f0_177 -0.9 0.9 52.69 0 0 0 2356 2372
f1h_450 f0_38 f0_103 1.95 -1.95 44.96 0 0 0 2391 2399
f1h_451 f0_24 f0_86 -3.28 3.28 43.53 0 0 0 2315 2293
f1h_452 f0_53 f0_118 2.51 -2.51 47.29 0 0 0 2372 2384
f1h_453 f0_34 f0_145 0.92 -0.92 52.53 0 0 0 2425 2400
f1h_454 f0_18 f0_44 -5.57 5.57 45.51 0 0 0 2302 2362
f1h_455 f0_130 f0_150 -9.47 9.47 41.66 0 0 0 2345 2316
f1h_456 f0_157 f0_185 3.42 -3.42 49.6 0 0 0 2362 2349
f1h_457 f0_124 f0_140 1.4 -1.4 47.16 0 0 0 2380 2351
f1h_458 f0_34 f0_74 -0.03 0.03 49.74 0 0 0 2361 2355
f1h_459 f0_123 f0_163 3.53 -3.53 42.95 0 0 0 2392 2360
f1h_460 f0_128 f0_182 -4.43 4.43 46.97 0 0 0 2294 2304
f1h_462 f0_182 f0_193 3.4 -3.4 41.18 0 0 0 2298 2320
f1h_463 f0_85 f0_189 2.09 -2.09 49.54 0 0 0 2330 2344
f1h_464 f0_78 f0_167 -1.32 1.32 48.03 0 0 0 2347 2350
f1h_465 f0_37 f0_65 -2.55 2.55 48.08 0 0 0 2367 2352
f1h_466 f0_178 f0_187 -2.28 2.28 44.26 0 0 0 2313 2326
f1h_467 f0_85 f0_132 3.47 -3.47 44.11 0 0 0 2282 2320
f1h_468 f0_35 f0_161 0.25 -0.25 43.82 0 0 0 2348 2329
f1h_469 f0_120 f0_133 5.17 -5.17 46.24 0 0 0 2306 2318
f1h_470 f0_86 f0_192 4.05 -4.05 48.16 0 0 0 2328 2306
f1h_472 f0_83 f0_152 -5.6 5.6 45.41 0 0 0 2304 2318
f1h_473 f0_26 f0_92 8.04 -8.04 42.82 0 0 0 2326 2335
f1h_474 f0_31 f0_59 -3.2 3.2 51.13 0 0 0 2325 2338
f1h_475 f0_42 f0_82 -3.51 3.51 45.57 0 0 0 2375 2325
f1h_476 f0_89 f0_158 -1.25 1.25 48.02 0 0 0 2365 2407
f1h_477 f0_33 f0_42 -2.81 2.81 49.04 0 0 0 2357 2402
f1h_478 f0_63 f0_157 -0.65 0.65 46.08 0 0 0 2340 2331
f1h_480 f0_76 f0_194 -0.84 0.84 50.42 0 0 0 2380 2361
f1h_481 f0_82 f0_150 0.71 -0.71 47.01 0 0 0 2348 2343
f1h_482 f0_89 f0_184 -0.28 0.28 48.6 0 0 0 2272 2332
f1h_483 f0_45 f0_66 4.7 -4.7 49.86 0 0 0 2393 2367
f1h_484 f0_76 f0_172 0.32 -0.32 48.84 0 0 0 2303 2295
f1h_485 f0_122 f0_150 0.06 -0.06 48.72 0 0 0 2370 2391
f1h_486 f0_138 f0_141 -1.5 1.5 51.09 0 0 0 2325 2318
f1h_487 f0_135 f0_170 8.48 -8.48 47.21 0 0 0 2359 2281
f1h_488 f0_21 f0_33 1.31 -1.31 50.3 0 0 0 2329 2338
f1h_489 f0_22 f0_52 1.23 -1.23 49.73 0 0 0 2310 2341
f1h_490 f0_13 f0_146 -1.37 1.37 47.88 0 0 0 2283 2263
f1h_492 f0_170 f0_197 3.22 -3.22 48.89 0 0 0 2268 2345
f1h_493 f0_72 f0_105 -2.1 2.1 46.25 0 0 0 2355 2350
f1h_494 f0_35 f0_48 -1.02 1.02 48.66 0 0 0 2371 2367
f1h_495 f0_34 f0_107 3.06 -3.06 45.66 0 0 0 2391 2343
f1h_496 f0_78 f0_148 1.4 -1.4 48.98 0 0 0 2354 2351
f1h_498 f0_148 f0_198 -4.98 4.98 47.28 0 0 0 2358 2360
f1h_499 f0_12 f0_14 4.35 -4.35 50.4 0 0 0 2336 2379
f1w_3 f0_700 f0_850 -2.05 2.05 43.62 0 0 0 2353 2331
f1w_8 f0_295 f0_823 5.28 -5.28 45.65 0 0 0 2315 2320
f1w_9 f0_806 f0_997 -1.27 1.27 48.46 0 0 0 2305 2305
f1w_10 f0_712 f0_966 -0.87 0.87 42.98 0 0 0 2308 2326
f1w_14 f0_525 f0_612 1.07 -1.07 48.5 0 0 0 2327 2337
f1w_16 f0_268 f0_726 -1.12 1.12 47.58 0 0 0 2333 2330
f1w_18 f0_252 f0_314 1.88 -1.88 46.78 0 0 0 2369 2317
f1w_21 f0_607 f0_612 -7.47 7.47 43.44 0 0 0 2360 2355
f1w_24 f0_480 f0_957 -0.07 0.07 46.06 0 0 0 2342 2275
f1w_26 f0_483 f0_624 -4.81 4.81 45.2 0 0 0 2345 2295
f1w_30 f0_354 f0_849 0.11 -0.11 48.4 0 0 0 2350 2307
f1w_32 f0_757 f0_911 -2.94 2.94 44.87 0 0 0 2310 2324
f1w_34 f0_293 f0_860 -3.88 3.88 48.85 0 0 0 2306 2339
f1w_35 f0_657 f0_766 -1.13 1.13 47.31 0 0 0 2308 2282
f1w_39 f0_225 f0_425 -0.14 0.14 48.97 0 0 0 2372 2408
f1w_41 f0_477 f0_988 -1.95 1.95 44.09 0 0 0 2322 2347
f1w_43 f0_308 f0_371 4.14 -4.14 44.88 0 0 0 2303 2282
f1w_45 f0_778 f0_994 5.07 -5.07 44.21 0 0 0 2298 2312
f1w_47 f0_484 f0_702 -1.66 1.66 44.96 0 0 0 2369 2293
f1w_48 f0_491 f0_831 -0.25 0.25 44.28 0 0 0 2279 2312
f1w_51 f0_542 f0_897 -0.89 0.89 46.25 0 0 0 2330 2365
f1w_55 f0_890 f0_941 0.46 -0.46 46.36 0 0 0 2265 2306
f1w_56 f0_224 f0_529 0.15 -0.15 44.71 0 0 0 2429 2347
f1w_59 f0_590 f0_591 3.02 -3.02 43.86 0 0 0 2267 2307
f1w_61 f0_281 f0_602 5.07 -5.07 47.13 0 0 0 2341 2357
f1w_64 f0_504 f0_929 0.05 -0.05 47.49 0 0 0 2336 2298
f1w_71 f0_459 f0_991 4.35 -4.35 45.85 0 0 0 2356 2319
f1w_72 f0_428 f0_776 -0.06 0.06 52.09 0 0 0 2303 2315
f1w_73 f0_219 f0_535 -7.37 7.37 45.06 0 0 0 2303 2296
f1w_74 f0_244 f0_756 0.46 -0.46 47.76 0 0 0 2433 2404
f1w_76 f0_773 f0_886 -0.55 0.55 48.7 0 0 0 2322 2359
f1w_77 f0_362 f0_780 5.71 -5.71 47.99 0 0 0 2348 2336
f1w_78 f0_611 f0_870 -3.18 3.18 47.05 0 0 0 2367 2376
f1w_79 f0_569 f0_830 1.36 -1.36 48.03 0 0 0 2363 2328
f1w_84 f0_583 f0_992 2.83 -2.83 42.76 0 0 0 2269 2251
f1w_85 f0_211 f0_992 0.16 -0.16 47.16 0 0 0 2351 2311
f1w_86 f0_831 f0_903 -1.6 1.6 49.67 0 0 0 2372 2386
f1w_87 f0_661 f0_898 -3.5 3.5 43.82 0 0 0 2326 2368
f1w_88 f0_293 f0_579 -1.95 1.95 54.55 0 0 0 2334 2395
f1w_89 f0_442 f0_631 3.82 -3.82 39.84 0 0 0 2346 2382
f1w_90 f0_491 f0_644 0.07 -0.07 51.09 0 0 0 2312 2356
f1w_91 f0_362 f0_391 -3.17 3.17 46.34 0 0 0 2371 2355
f1w_92 f0_347 f0_818 -1.66 1.66 42.77 0 0 0 2298 2344
f1w_97 f0_322 f0_329 -1.05 1.05 46.97 0 0 0 2321 2317
f1w_102 f0_432 f0_820 -2.09 2.09 52.36 0 0 0 2348 2385
f1w_103 f0_650 f0_832 -1.64 1.64 49.17 0 0 0 2364 2375
f1w_105 f0_558 f0_632 -6.49 6.49 41.77 0 0 0 2291 2323
f1w_106 f0_655 f0_714 9.75 -9.75 44.13 0 0 0 2362 2346
f1w_108 f0_413 f0_476 3.24 -3.24 47.75 0 0 0 2355 2406
f1w_112 f0_296 f0_970 -2.59 2.59 45.17 0 0 0 2261 2292
f1w_113 f0_622 f0_845 2.11 -2.11 47.79 0 0 0 2358 2337
f1w_117 f0_411 f0_795 2 -2 47.46 0 0 0 2356 2323
f1w_119 f0_935 f0_973 8.92 -8.92 43.91 0 0 0 2386 2365
f1w_121 f0_938 f0_999 -6.52 6.52 41.09 0 0 0 2350 2328
f1w_124 f0_213 f0_877 2.21 -2.21 51.34 0 0 0 2321 2333
f1w_127 f0_643 f0_666 6.59 -6.59 47.29 0 0 0 2391 2374
f1w_131 f0_224 f0_574 -5.34 5.34 49.85 0 0 0 2389 2275
f1w_135 f0_678 f0_999 3.48 -3.48 49.2 0 0 0 2316 2326
f1w_136 f0_247 f0_794 -0.82 0.82 48.81 0 0 0 2421 2426
f1w_139 f0_544 f0_907 4.98 -4.98 41.16 0 0 0 2351 2360
f1w_140 f0_352 f0_621 3.52 -3.52 48.05 0 0 0 2361 2343
f1w_141 f0_421 f0_683 2.56 -2.56 47.88 0 0 0 2278 2350
f1w_146 f0_376 f0_766 4.33 -4.33 46.23 0 0 0 2299 2286
f1w_147 f0_677 f0_705 -9.65 9.65 42.39 0 0 0 2362 2365
f1w_149 f0_631 f0_695 1.24 -1.24 47.54 0 0 0 2372 2314
f1w_150 f0_898 f0_924 4.96 -4.96 46.47 0 0 0 2376 2308
f1w_151 f0_264 f0_717 0.41 -0.41 48.71 0 0 0 2353 2362
f1w_152 f0_713 f0_947 1.19 -1.19 46.7 0 0 0 2332 2348
f1w_153 f0_804 f0_818 5.9 -5.9 50.31 0 0 0 2399 2351
f1w_155 f0_694 f0_953 -3.44 3.44 45.89 0 0 0 2386 2327
f1w_156 f0_293 f0_495 5.89 -5.89 43.55 0 0 0 2329 2353
f1w_157 f0_227 f0_725 3.23 -3.23 44.94 0 0 0 2320 2357
f1w_160 f0_442 f0_580 -2.37 2.37 46.06 0 0 0 2319 2378
f1w_164 f0_904 f0_997 -0.29 0.29 51.05 0 0 0 2318 2300
f1w_165 f0_312 f0_806 0.92 -0.92 52.3 0 0 0 2380 2370
f1w_166 f0_374 f0_770 -1.84 1.84 49.76 0 0 0 2405 2333
f1w_167 f0_334 f0_799 -5.79 5.79 46.84 0 0 0 2307 2356
f1w_168 f0_773 f0_897 4.24 -4.24 43.2 0 0 0 2327 2337
f1w_170 f0_515 f0_884 1 -1 46.56 0 0 0 2350 2338
f1w_174 f0_383 f0_556 -0.77 0.77 48.8 0 0 0 2325 2332
f1w_177 f0_445 f0_591 0.28 -0.28 49.43 0 0 0 2325 2376
f1w_180 f0_232 f0_748 -2.71 2.71 49.96 0 0 0 2365 2325
f1w_183 f0_490 f0_600 -6.98 6.98 43.78 0 0 0 2366 2343
f1w_186 f0_472 f0_928 5.5 -5.5 44.48 0 0 0 2309 2325
f1w_187 f0_283 f0_503 -4.05 4.05 50.01 0 0 0 2364 2358
f1w_190 f0_373 f0_622 3.94 -3.94 45.65 0 0 0 2374 2373
f1w_191 f0_231 f0_452 1.71 -1.71 48.68 0 0 0 2315 2368
f1w_193 f0_312 f0_964 0.96 -0.96 47.86 0 0 0 2338 2287
f1w_198 f0_471 f0_925 1.31 -1.31 48.86 0 0 0 2361 2390
f1w_199 f0_528 f0_740 -5.76 5.76 42 0 0 0 2300 2349
f1w_200 f0_477 f0_483 1.03 -1.03 45.8 0 0 0 2336 2347
f1w_201 f0_982 f0_986 1.6 -1.6 47.72 0 0 0 2339 2357
f1w_202 f0_715 f0_780 0.54 -0.54 48.52 0 0 0 2323 2306
f1w_206 f0_304 f0_453 -2.83 2.83 46.33 0 0 0 2327 2399
f1w_209 f0_686 f0_793 -1.24 1.24 46.54 0 0 0 2350 2347
f1w_211 f0_540 f0_983 0.08 -0.08 47.35 0 0 0 2337 2370
f1w_213 f0_476 f0_694 -0.57 0.57 51.36 0 0 0 2381 2343
f1w_217 f0_263 f0_851 -3.35 3.35 45.99 0 0 0 2338 2326
f1w_218 f0_256 f0_894 -1.32 1.32 53.52 0 0 0 2385 2373
f1w_220 f0_302 f0_640 -5.26 5.26 47.26 0 0 0 2401 2401
f1w_222 f0_237 f0_528 -6.26 6.26 44.03 0 0 0 2300 2317
f1w_223 f0_365 f0_506 7.12 -7.12 44.06 0 0 0 2273 2337
f1w_224 f0_741 f0_801 -3.87 3.87 45.3 0 0 0 2279 2283
f1w_225 f0_820 f0_845 -2.65 2.65 44.4 0 0 0 2363 2299
f1w_229 f0_605 f0_680 0.73 -0.73 47.33 0 0 0 2290 2272
f1w_230 f0_708 f0_737 -5.17 5.17 45.54 0 0 0 2388 2382
f1w_232 f0_246 f0_925 0.69 -0.69 58.6 0 0 0 2415 2396
f1w_233 f0_757 f0_822 1.29 -1.29 47.54 0 0 0 2350 2371
f1w_234 f0_467 f0_561 -1.16 1.16 46.56 0 0 0 2335 2289
f1w_241 f0_758 f0_856 -5.74 5.74 47.04 0 0 0 2340 2358
f1w_247 f0_678 f0_966 -2.96 2.96 47.34 0 0 0 2290 2308
f1w_248 f0_675 f0_994 -0.32 0.32 51.35 0 0 0 2331 2357
f1w_249 f0_471 f0_924 -1.4 1.4 47.76 0 0 0 2379 2344
f1w_251 f0_487 f0_799 5.7 -5.7 47.88 0 0 0 2339 2374
f1w_252 f0_537 f0_705 8.6 -8.6 39.68 0 0 0 2299 2341
f1w_257 f0_434 f0_915 -7.57 7.57 43.27 0 0 0 2337 2281
f1w_259 f0_206 f0_631 -2.4 2.4 45.77 0 0 0 2327 2376
f1w_260 f0_398 f0_925 -2.81 2.81 47.35 0 0 0 2337 2379
f1w_261 f0_585 f0_881 -3.32 3.32 47.6 0 0 0 2342 2381
f1w_262 f0_319 f0_473 6.76 -6.76 42.48 0 0 0 2326 2333
f1w_264 f0_454 f0_470 1.59 -1.59 48.35 0 0 0 2332 2386
f1w_265 f0_317 f0_966 0.73 -0.73 49.41 0 0 0 2370 2327
f1w_266 f0_241 f0_503 8.76 -8.76 42.08 0 0 0 2310 2300
f1w_270 f0_420 f0_883 -3.64 3.64 44.48 0 0 0 2362 2337
f1w_271 f0_606 f0_992 2.2 -2.2 47.42 0 0 0 2365 2297
f1w_272 f0_372 f0_435 0.5 -0.5 46.8 0 0 0 2376 2330
f1w_273 f0_790 f0_983 9.48 -9.48 45.48 0 0 0 2392 2376
f1w_275 f0_653 f0_709 -1.68 1.68 49.16 0 0 0 2346 2345
f1w_276 f0_556 f0_595 1.54 -1.54 44.72 0 0 0 2409 2417
f1w_277 f0_289 f0_700 -1.15 1.15 47.45 0 0 0 2342 2375
f1w_278 f0_243 f0_432 0.04 -0.04 46.79 0 0 0 2368 2321
f1w_281 f0_244 f0_394 6.35 -6.35 45.88 0 0 0 2376 2338
f1w_283 f0_201 f0_674 -3.77 3.77 45.36 0 0 0 2357 2321
f1w_284 f0_299 f0_976 2.48 -2.48 48.87 0 0 0 2355 2332
f1w_287 f0_412 f0_808 -1.84 1.84 47.88 0 0 0 2385 2340
f1w_288 f0_432 f0_978 1.93 -1.93 47.98 0 0 0 2337 2338
f1w_289 f0_294 f0_947 1.96 -1.96 49.97 0 0 0 2306 2338
f1w_290 f0_582 f0_813 -8.01 8.01 42.62 0 0 0 2296 2330
f1w_291 f0_649 f0_719 -2.34 2.34 46.99 0 0 0 2307 2382
f1w_293 f0_554 f0_912 3.32 -3.32 45.01 0 0 0 2334 2349
f1w_294 f0_536 f0_999 -0.18 0.18 46.23 0 0 0 2329 2329
f1w_296 f0_617 f0_682 -4.6 4.6 46.06 0 0 0 2368 2369
f1w_298 f0_238 f0_617 -3.03 3.03 49.03 0 0 0 2325 2374
f1w_300 f0_409 f0_614 -3.25 3.25 49.55 0 0 0 2347 2385
f1w_301 f0_509 f0_712 -0.33 0.33 48.52 0 0 0 2337 2296
f1w_302 f0_901 f0_910 8.63 -8.63 42.72 0 0 0 2327 2300
f1w_304 f0_683 f0_732 -1.53 1.53 45.67 0 0 0 2303 2315
f1w_306 f0_585 f0_897 -4.02 4.02 41.86 0 0 0 2317 2296
f1w_309 f0_329 f0_411 -3.15 3.15 48.75 0 0 0 2357 2356
f1w_311 f0_530 f0_978 -9.98 9.98 41.46 0 0 0 2395 2376
f1w_312 f0_383 f0_655 4.54 -4.54 46.92 0 0 0 2368 2372
f1w_313 f0_823 f0_957 -0.17 0.17 47.33 0 0 0 2319 2303
f1w_316 f0_433 f0_629 1.76 -1.76 49.03 0 0 0 2315 2348
f1w_319 f0_537 f0_793 1.14 -1.14 47.44 0 0 0 2334 2311
f1w_320 f0_594 f0_694 3 -3 48.1 0 0 0 2348 2400
f1w_321 f0_542 f0_945 0.08 -0.08 51.53 0 0 0 2307 2367
f1w_322 f0_414 f0_579 1.33 -1.33 48.69 0 0 0 2319 2403
f1w_323 f0_690 f0_976 1.52 -1.52 49.55 0 0 0 2359 2327
f1w_326 f0_419 f0_676 2.18 -2.18 43.91 0 0 0 2317 2329
f1w_329 f0_564 f0_694 -2.82 2.82 47.61 0 0 0 2348 2400
f1w_331 f0_669 f0_690 -2.33 2.33 49.31 0 0 0 2272 2352
f1w_333 f0_228 f0_319 3.12 -3.12 46.66 0 0 0 2303 2319
f1w_335 f0_627 f0_937 -3.04 3.04 43.33 0 0 0 2326 2339
f1w_343 f0_873 f0_968 -5.27 5.27 51.47 0 0 0 2397 2336
f1w_345 f0_543 f0_901 0.5 -0.5 46.16 0 0 0 2313 2334
f1w_348 f0_283 f0_998 0.85 -0.85 46.63 0 0 0 2340 2309
f1w_351 f0_234 f0_628 -4.84 4.84 41.84 0 0 0 2260 2292
f1w_353 f0_481 f0_802 4.8 -4.8 46.15 0 0 0 2322 2335
f1w_357 f0_353 f0_867 3.51 -3.51 45.63 0 0 0 2307 2362
f1w_360 f0_430 f0_522 4.21 -4.21 47.98 0 0 0 2371 2407
f1w_364 f0_410 f0_950 -2.62 2.62 46.12 0 0 0 2316 2301
f1w_369 f0_502 f0_560 2.84 -2.84 49.99 0 0 0 2340 2350
f1w_370 f0_910 f0_981 -7.06 7.06 42.63 0 0 0 2318 2363
f1w_371 f0_730 f0_838 -1.94 1.94 48.19 0 0 0 2382 2359
f1w_372 f0_237 f0_376 -5.89 5.89 48.63 0 0 0 2331 2356
f1w_373 f0_219 f0_879 -1.7 1.7 46.86 0 0 0 2329 2310
f1w_374 f0_258 f0_876 -1.06 1.06 47.14 0 0 0 2393 2398
f1w_375 f0_612 f0_769 -10.8 10.8 43.5 0 0 0 2376 2353
f1w_376 f0_502 f0_807 -8.55 8.55 39.45 0 0 0 2363 2333
f1w_377 f0_347 f0_360 0.35 -0.35 48.38 0 0 0 2312 2392
f1w_378 f0_397 f0_675 -0.21 0.21 49.32 0 0 0 2389 2383
f1w_379 f0_444 f0_977 -1.37 1.37 49.35 0 0 0 2325 2345
f1w_381 f0_239 f0_248 3.02 -3.02 50.28 0 0 0 2326 2331
f1w_386 f0_278 f0_876 -3.03 3.03 45.1 0 0 0 2363 2369
f1w_389 f0_664 f0_958 -8.97 8.97 43.74 0 0 0 2310 2334
f1w_390 f0_857 f0_895 -7.27 7.27 43.53 0 0 0 2377 2352
f1w_393 f0_274 f0_295 1.83 -1.83 44.89 0 0 0 2324 2323
f1w_399 f0_596 f0_879 -3.62 3.62 44.63 0 0 0 2363 2367
f1w_400 f0_429 f0_470 -1.75 1.75 48.77 0 0 0 2293 2342
f1w_401 f0_312 f0_507 -2.69 2.69 45.96 0 0 0 2395 2376
f1w_406 f0_334 f0_658 -7.12 7.12 47.1 0 0 0 2346 2356
f1w_407 f0_463 f0_865 1.34 -1.34 48.31 0 0 0 2374 2365
f1w_410 f0_543 f0_598 -2.04 2.04 47.4 0 0 0 2325 2368
f1w_411 f0_213 f0_395 0.53 -0.53 49.83 0 0 0 2323 2338
f1w_413 f0_807 f0_893 -3.38 3.38 47.85 0 0 0 2349 2326
f1w_414 f0_454 f0_620 3.5 -3.5 46.16 0 0 0 2309 2339
f1w_415 f0_562 f0_564 -0.05 0.05 47.26 0 0 0 2389 2330
f1w_416 f0_221 f0_488 -3.47 3.47 46.28 0 0 0 2341 2344
f1w_417 f0_360 f0_479 0.84 -0.84 52.23 0 0 0 2344 2311
f1w_420 f0_298 f0_745 0.23 -0.23 49.53 0 0 0 2293 2346
f1w_422 f0_378 f0_519 2.97 -2.97 49.77 0 0 0 2328 2329
f1w_423 f0_214 f0_413 1.72 -1.72 49.84 0 0 0 2318 2325
f1w_425 f0_686 f0_786 -4.11 4.11 45.55 0 0 0 2301 2315
f1w_426 f0_228 f0_802 0.51 -0.51 46.11 0 0 0 2308 2365
f1w_427 f0_409 f0_831 2.17 -2.17 51.46 0 0 0 2336 2363
f1w_433 f0_239 f0_556 -7.26 7.26 45.71 0 0 0 2291 2354
f1w_436 f0_674 f0_774 0.37 -0.37 45.29 0 0 0 2300 2335
f1w_438 f0_228 f0_822 4.68 -4.68 42.9 0 0 0 2320 2350
f1w_441 f0_240 f0_519 -1.13 1.13 46.63 0 0 0 2386 2351
f1w_442 f0_326 f0_705 6.05 -6.05 48.91 0 0 0 2335 2357
f1w_449 f0_680 f0_803 -2.14 2.14 51.04 0 0 0 2315 2322
f1w_450 f0_686 f0_898 -1.13 1.13 48.49 0 0 0 2299 2331
f1w_451 f0_504 f0_910 0.92 -0.92 49.67 0 0 0 2383 2290
f1w_452 f0_359 f0_398 0.56 -0.56 49.6 0 0 0 2396 2377
f1w_453 f0_254 f0_907 5.11 -5.11 47.55 0 0 0 2373 2369
f1w_457 f0_692 f0_822 2.88 -2.88 50.36 0 0 0 2352 2393
f1w_458 f0_222 f0_640 -6.69 6.69 43.04 0 0 0 2345 2381
f1w_459 f0_860 f0_953 -6.25 6.25 42.99 0 0 0 2302 2313
f1w_462 f0_627 f0_986 -2.01 2.01 47.84 0 0 0 2336 2350
f1w_463 f0_582 f0_669 1.83 -1.83 47.41 0 0 0 2335 2334
f1w_464 f0_322 f0_808 1.38 -1.38 48.15 0 0 0 2319 2337
f1w_465 f0_246 f0_628 -3.85 3.85 46.52 0 0 0 2405 2348
f1w_466 f0_893 f0_932 8.36 -8.36 43.59 0 0 0 2309 2343
f1w_467 f0_341 f0_684 0.08 -0.08 50.68 0 0 0 2344 2368
f1w_472 f0_285 f0_981 1.29 -1.29 45.58 0 0 0 2336 2357
f1w_473 f0_260 f0_464 9.1 -9.1 46.11 0 0 0 2418 2387
f1w_474 f0_582 f0_806 -0.84 0.84 49.45 0 0 0 2304 2344
f1w_476 f0_572 f0_829 -0.51 0.51 48.7 0 0 0 2283 2291
f1w_479 f0_218 f0_231 1.42 -1.42 46.51 0 0 0 2371 2315
f1w_483 f0_412 f0_476 5.33 -5.33 44.83 0 0 0 2310 2337
f1w_484 f0_409 f0_977 -5.32 5.32 45.38 0 0 0 2309 2353
f1w_485 f0_466 f0_538 -0.07 0.07 47.57 0 0 0 2325 2331
f1w_486 f0_533 f0_946 -2 2 44.37 0 0 0 2361 2305
f1w_489 f0_282 f0_707 -6.74 6.74 45.46 0 0 0 2356 2347
f1w_491 f0_433 f0_847 -3.07 3.07 48.15 0 0 0 2350 2390
f1w_493 f0_371 f0_790 3.06 -3.06 48.16 0 0 0 2316 2391
f1w_496 f0_571 f0_595 -1.73 1.73 48.45 0 0 0 2361 2363
f1w_499 f0_825 f0_947 4.08 -4.08 46.69 0 0 0 2339 2332
f2_2 f1h_83 f1w_18 1.14 -1.14 44.54 0 0 0 2348 2306
f2_4 f1h_189 f1h_275 -4.83 4.83 49.93 0 0 0 2330 2386
f2_7 f1h_360 f1w_451 -6.79 6.79 44.89 0 0 0 2306 2277
f2_9 f1h_330 f1w_404 2.11 -2.11 48.48 0 0 0 2280 2327
f2_11 f1w_278 f1w_462 -3.72 3.72 48.11 0 0 0 2367 2334
f2_14 f1h_189 f1w_1 7.79 -7.79 41.92 0 0 0 2291 2287
f2_15 f1h_232 f1h_237 0.53 -0.53 47.81 0 0 0 2391 2356
f2_16 f1h_254 f1w_465 5.84 -5.84 44.74 0 0 0 2376 2397
f2_19 f1w_155 f1w_489 3 -3 46.18 0 0 0 2384 2364
f2_20 f1w_411 f1w_482 2.02 -2.02 47.87 0 0 0 2319 2289
f2_21 f1h_157 f1h_225 2.25 -2.25 43.87 0 0 0 2348 2336
f2_22 f1h_258 f1w_398 0.4 -0.4 47.55 0 0 0 2362 2368
f2_23 f1h_303 f1w_271 2.46 -2.46 49.12 0 0 0 2329 2362
f2_26 f1h_161 f1w_332 -0.85 0.85 50.3 0 0 0 2309 2331
f2_28 f1h_115 f1w_355 9.25 -9.25 43.74 0 0 0 2348 2356
f2_29 f1h_409 f1w_190 1.18 -1.18 48.62 0 0 0 2332 2352
f2_31 f1h_157 f1h_338 -4.94 4.94 44.31 0 0 0 2310 2283
f2_33 f1w_45 f1w_441 6.55 -6.55 48.91 0 0 0 2296 2367
f2_38 f1w_332 f1w_492 -0.18 0.18 43.05 0 0 0 2354 2391
f2_43 f1h_330 f1w_21 0.92 -0.92 44.17 0 0 0 2367 2407
f2_45 f1h_201 f1w_157 1.95 -1.95 45.25 0 0 0 2319 2316
f2_48 f1h_142 f1w_87 -2.23 2.23 49.65 0 0 0 2354 2312
f2_51 f1h_263 f1h_303 -1.01 1.01 43.88 0 0 0 2390 2331
f2_55 f1h_148 f1w_353 1.18 -1.18 49.51 0 0 0 2384 2352
f2_57 f1w_23 f1w_448 3.82 -3.82 47.27 0 0 0 2358 2357
f2_58 f1h_215 f1w_500 -8.53 8.53 41.8 0 0 0 2343 2324
f2_60 f1w_128 f1w_438 7.68 -7.68 44.29 0 0 0 2282 2348
f2_67 f1h_446 f1w_73 -5.93 5.93 47.29 0 0 0 2310 2293
f2_71 f1h_169 f1h_205 -0.62 0.62 47.08 0 0 0 2382 2371
f2_72 f1h_232 f1h_350 -5.13 5.13 43.03 0 0 0 2323 2314
f2_75 f1w_128 f1w_364 -0.73 0.73 49.82 0 0 0 2365 2349
f2_76 f1h_328 f1w_342 0.28 -0.28 50.75 0 0 0 2387 2325
f2_78 f1w_60 f1w_283 3.67 -3.67 47.57 0 0 0 2379 2351
f2_79 f1h_327 f1w_493 -2.02 2.02 50.08 0 0 0 2402 2362
f2_80 f1h_338 f1w_102 -4.86 4.86 42.96 0 0 0 2313 2387
f2_87 f1w_94 f1w_439 -5.57 5.57 48.66 0 0 0 2318 2341
f2_88 f1h_200 f1h_444 6.98 -6.98 46.42 0 0 0 2351 2304
f2_90 f1h_19 f1w_178 10.45 -10.45 46.67 0 0 0 2360 2342
f2_92 f1w_324 f1w_392 -4.16 4.16 45.46 0 0 0 2331 2330
f2_93 f1h_228 f1h_352 9.65 -9.65 44.13 0 0 0 2330 2395
f2_95 f1h_63 f1h_115 -1.54 1.54 46.56 0 0 0 2302 2295
f2_99 f1h_127 f1w_399 4.41 -4.41 44.66 0 0 0 2352 2405
f2_101 f1h_178 f1w_357 -2.49 2.49 50.58 0 0 0 2355 2353
f2_102 f1h_121 f1h_268 5.54 -5.54 46.7 0 0 0 2362 2378
f2_103 f1h_294 f1w_355 -0.81 0.81 50.02 0 0 0 2333 2368
f2_106 f1h_165 f1w_293 4.15 -4.15 47.17 0 0 0 2321 2348
f2_107 f1h_127 f1h_158 7.94 -7.94 45.98 0 0 0 2406 2389
f2_109 f1h_227 f1w_51 8.73 -8.73 49.08 0 0 0 2385 2407
f2_112 f1h_476 f1w_156 -3.13 3.13 44.02 0 0 0 2380 2386
f2_113 f1h_357 f1w_345 -2.7 2.7 49.43 0 0 0 2353 2339
f2_115 f1h_487 f1w_183 0.04 -0.04 48.97 0 0 0 2298 2293
f2_116 f1h_426 f1w_275 -4.54 4.54 44.61 0 0 0 2248 2250
f2_117 f1h_323 f1w_211 -4.43 4.43 45.23 0 0 0 2338 2313
f2_118 f1h_422 f1h_434 0.44 -0.44 49.57 0 0 0 2337 2353
f2_119 f1h_198 f1w_208 5.97 -5.97 45.68 0 0 0 2375 2330
f2_121 f1h_3 f1h_95 1.54 -1.54 50.64 0 0 0 2338 2338
f2_122 f1h_109 f1h_448 3.05 -3.05 63.2 0 0 0 2360 2356
f2_123 f1h_452 f1w_259 1.91 -1.91 46.88 0 0 0 2371 2352
f2_128 f1h_365 f1w_272 -2.61 2.61 45.2 0 0 0 2325 2331
f2_132 f1h_73 f1h_351 1.81 -1.81 49.08 0 0 0 2260 2254
f2_134 f1h_321 f1w_61 13.35 -13.35 42.27 0 0 0 2336 2363
f2_137 f1w_162 f1w_271 -4.4 4.4 44.3 0 0 0 2343 2349
f2_139 f1w_183 f1w_265 2.05 -2.05 51.96 0 0 0 2360 2363
f2_140 f1w_10 f1w_377 -4.29 4.29 47.9 0 0 0 2344 2384
f2_143 f1h_176 f1h_466 -2.64 2.64 47.16 0 0 0 2332 2355
f2_145 f1h_221 f1w_211 8.71 -8.71 41.38 0 0 0 2264 2288
f2_147 f1h_342 f1w_63 -3.92 3.92 46.71 0 0 0 2309 2342
f2_149 f1h_294 f1w_357 7.84 -7.84 43.44 0 0 0 2356 2344
f2_150 f1h_250 f1h_384 6.68 -6.68 46.95 0 0 0 2351 2358
f2_152 f1w_251 f1w_298 -10.81 10.81 45.53 0 0 0 2376 2381
f2_153 f1h_268 f1h_306 -5.33 5.33 48.01 0 0 0 2365 2365
f2_154 f1h_462 f1w_492 5.57 -5.57 43.23 0 0 0 2326 2365
f2_155 f1w_35 f1w_304 -2.87 2.87 44.84 0 0 0 2324 2322
f2_156 f1h_122 f1w_187 -0.6 0.6 46.69 0 0 0 2395 2366
f2_157 f1h_180 f1h_310 4.14 -4.14 45.04 0 0 0 2373 2263
f2_160 f1h_46 f1h_83 3.4 -3.4 43.12 0 0 0 2309 2317
f2_161 f1w_206 f1w_399 6.63 -6.63 42.52 0 0 0 2350 2375
f2_162 f1h_237 f1w_438 0.95 -0.95 47.11 0 0 0 2330 2348
f2_165 f1h_56 f1w_110 3.73 -3.73 46.23 0 0 0 2311 2293
f2_166 f1h_338 f1h_450 2.32 -2.32 45.5 0 0 0 2321 2405
f2_168 f1h_146 f1h_436 2.99 -2.99 40.59 0 0 0 2324 2306
f2_169 f1h_10 f1w_312 -2.76 2.76 49.59 0 0 0 2342 2355
f2_173 f1h_381 f1w_372 -0.25 0.25 52.42 0 0 0 2338 2359
f2_174 f1h_29 f1h_338 -1.66 1.66 45.97 0 0 0 2327 2281
f2_176 f1h_340 f1h_485 2.81 -2.81 45.36 0 0 0 2315 2362
f2_177 f1h_352 f1h_383 -4.17 4.17 48.49 0 0 0 2407 2399
f2_179 f1w_102 f1w_399 2.69 -2.69 44.77 0 0 0 2397 2389
f2_180 f1h_16 f1h_331 -4.29 4.29 45.47 0 0 0 2320 2301
f2_182 f1w_109 f1w_264 -0.38 0.38 47.86 0 0 0 2346 2372
f2_183 f1h_344 f1h_469 5.44 -5.44 46.29 0 0 0 2342 2355
f2_186 f1h_213 f1h_244 -6.62 6.62 45.43 0 0 0 2357 2383
f2_188 f1h_16 f1h_78 -5.8 5.8 42.01 0 0 0 2314 2354
f2_190 f1w_111 f1w_425 2.28 -2.28 49.5 0 0 0 2355 2332
f2_192 f1w_82 f1w_404 -2.3 2.3 48.93 0 0 0 2420 2380
f2_194 f1h_303 f1h_429 2.34 -2.34 43.11 0 0 0 2326 2307
f2_195 f1h_81 f1h_232 -3.59 3.59 45.01 0 0 0 2271 2321
f2_196 f1h_126 f1w_41 -3.66 3.66 44.75 0 0 0 2297 2342
f2_197 f1h_319 f1h_435 -5.13 5.13 45.07 0 0 0 2417 2369
f2_199 f1h_132 f1w_226 -3.97 3.97 48.13 0 0 0 2415 2355
f2_202 f1h_106 f1h_472 -1.64 1.64 44.71 0 0 0 2320 2321
f2_205 f1h_450 f1w_394 -0.44 0.44 46.18 0 0 0 2404 2336
f2_206 f1w_231 f1w_257 3.33 -3.33 45.29 0 0 0 2299 2331
f2_207 f1h_172 f1h_225 0.97 -0.97 44.44 0 0 0 2301 2307
f2_208 f1h_279 f1w_74 5.27 -5.27 45.89 0 0 0 2335 2351
f2_209 f1w_105 f1w_106 7.69 -7.69 47.96 0 0 0 2311 2350
f2_211 f1w_149 f1w_263 4.57 -4.57 49.54 0 0 0 2354 2348
f2_212 f1w_321 f1w_398 -2.37 2.37 46.46 0 0 0 2326 2350
f2_213 f1h_256 f1w_470 -0.35 0.35 49.67 0 0 0 2326 2346
f2_215 f1h_124 f1h_138 2.25 -2.25 47.74 0 0 0 2336 2383
f2_216 f1h_258 f1w_108 -0.86 0.86 48.97 0 0 0 2341 2370
f2_219 f1w_153 f1w_415 -2.25 2.25 47.07 0 0 0 2353 2348
f2_220 f1h_157 f1h_322 5.3 -5.3 44.05 0 0 0 2313 2346
f2_221 f1h_240 f1w_238 -0.91 0.91 42.36 0 0 0 2338 2316
f2_222 f1h_83 f1h_148 -1.37 1.37 46.22 0 0 0 2299 2320
f2_223 f1h_339 f1w_477 -9.66 9.66 46.54 0 0 0 2355 2316
f2_225 f1h_300 f1w_372 -7.94 7.94 45.47 0 0 0 2352 2339
f2_226 f1h_41 f1w_448 -4.33 4.33 45.41 0 0 0 2347 2365
f2_227 f1h_321 f1h_397 -0.41 0.41 47.54 0 0 0 2311 2345
f2_228 f1h_253 f1h_369 -1.02 1.02 46.99 0 0 0 2381 2381
f2_229 f1h_43 f1h_254 -0.66 0.66 46.43 0 0 0 2319 2350
f2_230 f1h_496 f1w_433 0.36 -0.36 53.8 0 0 0 2372 2337
f2_232 f1h_217 f1w_411 -6.95 6.95 45.89 0 0 0 2408 2383
f2_233 f1h_84 f1w_343 -2.31 2.31 45.6 0 0 0 2364 2387
f2_234 f1h_26 f1w_368 10 -10 40.89 0 0 0 2308 2333
f2_235 f1w_277 f1w_376 -2.13 2.13 41.76 0 0 0 2337 2328
f2_236 f1h_54 f1w_1 -1.98 1.98 46 0 0 0 2373 2330
f2_243 f1h_125 f1w_291 2.22 -2.22 46.04 0 0 0 2315 2309
f2_246 f1w_206 f1w_471 -2.52 2.52 48.54 0 0 0 2365 2345
f2_248 f1h_252 f1h_394 -5.36 5.36 42.21 0 0 0 2316 2315
f2_249 f1h_464 f1w_365 2.49 -2.49 46.67 0 0 0 2333 2332
f2_250 f1w_191 f1w_327 1.66 -1.66 50.91 0 0 0 2380 2375
f2_254 f1w_233 f1w_347 -0.62 0.62 46.47 0 0 0 2320 2317
f2_256 f1h_344 f1w_289 -3.58 3.58 51.37 0 0 0 2320 2327
f2_257 f1h_250 f1h_320 4.42 -4.42 48.02 0 0 0 2360 2348
f2_259 f1h_321 f1w_416 -2.37 2.37 44.16 0 0 0 2337 2341
f2_260 f1h_127 f1h_196 3.9 -3.9 62.1 0 0 0 2375 2380
f2_262 f1w_306 f1w_464 8.04 -8.04 39.84 0 0 0 2292 2313
f2_263 f1h_47 f1w_294 -1.25 1.25 46.49 0 0 0 2367 2374
f2_265 f1h_95 f1w_394 -9.6 9.6 41.88 0 0 0 2327 2298
f2_266 f1w_119 f1w_299 3.39 -3.39 46.21 0 0 0 2374 2374
f2_268 f1h_33 f1h_306 -5.09 5.09 48.83 0 0 0 2339 2350
f2_269 f1h_339 f1w_208 -2.13 2.13 43.82 0 0 0 2354 2351
f2_271 f1h_307 f1h_404 3.28 -3.28 45.17 0 0 0 2337 2314
f2_272 f1h_5 f1w_205 7.15 -7.15 46.13 0 0 0 2356 2341
f2_273 f1h_230 f1w_36 7.67 -7.67 45.19 0 0 0 2301 2313
f2_275 f1h_394 f1w_369 -3.54 3.54 46.24 0 0 0 2378 2363
f2_276 f1h_133 f1w_259 0.99 -0.99 50.01 0 0 0 2357 2372
f2_278 f1w_10 f1w_167 5.27 -5.27 43.19 0 0 0 2370 2355
f2_288 f1h_107 f1w_51 5.23 -5.23 48.43 0 0 0 2298 2341
f2_289 f1h_84 f1h_390 -4.3 4.3 44.63 0 0 0 2320 2365
f2_291 f1h_81 f1w_34 -4.06 4.06 45.54 0 0 0 2311 2333
f2_295 f1h_132 f1w_149 -0.65 0.65 46.17 0 0 0 2371 2349
f2_296 f1h_285 f1w_397 3.97 -3.97 41.49 0 0 0 2332 2287
f2_298 f1h_162 f1w_423 0.5 -0.5 50.95 0 0 0 2377 2380
f2_299 f1w_128 f1w_143 -2.22 2.22 50.08 0 0 0 2356 2378
f2_301 f1h_146 f1w_427 6.03 -6.03 48.29 0 0 0 2324 2337
f2_302 f1w_88 f1w_146 -3.84 3.84 49.04 0 0 0 2360 2314
f2_305 f1h_342 f1w_488 0.13 -0.13 48.12 0 0 0 2349 2325
f2_308 f1h_457 f1w_449 -7.8 7.8 41.8 0 0 0 2316 2328
f2_309 f1h_436 f1w_269 -3.84 3.84 44.13 0 0 0 2307 2285
f2_310 f1h_311 f1w_72 -1.35 1.35 49.26 0 0 0 2319 2328
f2_312 f1h_176 f1w_313 -6.39 6.39 45.23 0 0 0 2300 2288
f2_313 f1h_416 f1w_498 4.77 -4.77 42.22 0 0 0 2317 2283
f2_315 f1h_262 f1w_477 -2.15 2.15 47.33 0 0 0 2293 2263
f2_316 f1h_312 f1w_301 -4.27 4.27 46.11 0 0 0 2338 2318
f2_322 f1w_187 f1w_296 -4.38 4.38 50.36 0 0 0 2378 2376
f2_325 f1h_317 f1h_455 3.47 -3.47 50.11 0 0 0 2409 2392
f2_327 f1h_302 f1w_64 0.05 -0.05 47.03 0 0 0 2347 2280
f2_332 f1w_248 f1w_286 -1.64 1.64 48.18 0 0 0 2387 2342
f2_335 f1h_451 f1w_83 0.43 -0.43 48.08 0 0 0 2366 2371
f2_336 f1h_203 f1w_231 -1.67 1.67 45.64 0 0 0 2319 2265
f2_344 f1h_254 f1h_429 -1.02 1.02 41.45 0 0 0 2304 2283
f2_347 f1h_413 f1w_263 0.63 -0.63 43.25 0 0 0 2304 2347
f2_348 f1w_38 f1w_394 0.97 -0.97 44.03 0 0 0 2315 2329
f2_351 f1h_165 f1h_401 5.99 -5.99 44.53 0 0 0 2372 2373
f2_353 f1h_365 f1w_43 -2.7 2.7 41.8 0 0 0 2340 2320
f2_355 f1h_331 f1h_377 -0.42 0.42 49.24 0 0 0 2308 2308
f2_357 f1h_438 f1w_31 -0.08 0.08 47.82 0 0 0 2348 2356
f2_360 f1w_191 f1w_290 -2.37 2.37 46.66 0 0 0 2317 2343
f2_362 f1h_179 f1h_219 0.49 -0.49 48.45 0 0 0 2310 2418
f2_367 f1h_293 f1h_335 -3.45 3.45 49.22 0 0 0 2338 2387
f2_368 f1h_474 f1w_434 1.75 -1.75 53.99 0 0 0 2386 2338
f2_369 f1h_294 f1w_18 1.97 -1.97 45.25 0 0 0 2340 2316
f2_372 f1h_480 f1h_484 4.81 -4.81 57.92 0 0 0 2330 2250
f2_373 f1w_413 f1w_445 5.71 -5.71 45.6 0 0 0 2370 2338
f2_375 f1h_294 f1w_127 -2.57 2.57 52.98 0 0 0 2337 2368
f2_379 f1h_98 f1h_449 3.14 -3.14 48.32 0 0 0 2321 2331
f2_380 f1h_262 f1h_304 -1.93 1.93 44.68 0 0 0 2318 2328
f2_381 f1w_122 f1w_214 0.33 -0.33 51.02 0 0 0 2331 2324
f2_382 f1h_394 f1w_388 -2.82 2.82 49.3 0 0 0 2382 2421
f2_383 f1h_216 f1w_30 -4.29 4.29 51.14 0 0 0 2348 2320
f2_388 f1h_446 f1h_454 -2.09 2.09 47.78 0 0 0 2366 2342
f2_392 f1h_308 f1h_401 1.65 -1.65 47.64 0 0 0 2292 2328
f2_393 f1w_351 f1w_459 6.47 -6.47 42.63 0 0 0 2328 2346
f2_394 f1h_340 f1w_27 0.44 -0.44 51.93 0 0 0 2325 2343
f2_395 f1h_158 f1h_271 -4.51 4.51 50.32 0 0 0 2348 2305
f2_396 f1h_73 f1w_484 -1.45 1.45 46.97 0 0 0 2283 2292
f2_397 f1h_458 f1w_126 8.56 -8.56 41.04 0 0 0 2301 2357
f2_400 f1h_106 f1h_113 -0.02 0.02 46.44 0 0 0 2302 2337
f2_402 f1h_35 f1h_138 0.04 -0.04 50.4 0 0 0 2354 2363
f2_405 f1h_322 f1w_252 0.04 -0.04 50.19 0 0 0 2336 2316
f2_406 f1w_302 f1w_379 -5.17 5.17 45.91 0 0 0 2298 2282
f2_407 f1w_278 f1w_388 -4.67 4.67 47.07 0 0 0 2347 2405
f2_408 f1h_293 f1w_9 0.28 -0.28 46.4 0 0 0 2330 2331
f2_409 f1h_95 f1w_340 6.58 -6.58 46.41 0 0 0 2315 2307
f2_411 f1h_2 f1w_404 -3.39 3.39 44.72 0 0 0 2304 2324
f2_415 f1h_161 f1h_478 -4.09 4.09 45.56 0 0 0 2343 2353
f2_416 f1h_227 f1h_408 8.37 -8.37 46.51 0 0 0 2349 2359
f2_420 f1w_53 f1w_211 -1.56 1.56 49.31 0 0 0 2341 2405
f2_421 f1h_435 f1w_277 1.06 -1.06 48.2 0 0 0 2355 2370
f2_424 f1h_192 f1w_214 1.99 -1.99 49.53 0 0 0 2317 2340
f2_425 f1h_16 f1w_18 -1.53 1.53 47 0 0 0 2340 2342
f2_428 f1h_489 f1w_85 7.67 -7.67 48.08 0 0 0 2370 2365
f2_430 f1h_473 f1w_468 5.06 -5.06 49.54 0 0 0 2346 2364
f2_431 f1h_284 f1h_430 -9.32 9.32 44.66 0 0 0 2304 2329
f2_432 f1h_161 f1w_57 4.61 -4.61 47.55 0 0 0 2309 2285
f2_436 f1h_378 f1h_464 -4.65 4.65 47.53 0 0 0 2313 2352
f2_437 f1h_175 f1h_374 -4.37 4.37 41.22 0 0 0 2278 2315
f2_438 f1h_344 f1w_174 1.41 -1.41 49.23 0 0 0 2325 2328
f2_439 f1w_13 f1w_102 -1.94 1.94 45.47 0 0 0 2363 2392
f2_441 f1w_297 f1w_441 1.33 -1.33 50.2 0 0 0 2328 2386
f2_443 f1w_58 f1w_475 -3.42 3.42 48.86 0 0 0 2296 2318
f2_444 f1h_22 f1w_308 -3.36 3.36 49.14 0 0 0 2353 2350
f2_446 f1h_480 f1w_332 -0.53 0.53 46.26 0 0 0 2354 2348
f2_447 f1h_285 f1w_365 0.92 -0.92 46.51 0 0 0 2413 2331
f2_454 f1w_79 f1w_375 -1.73 1.73 49.11 0 0 0 2368 2437
f2_455 f1w_54 f1w_491 -0.68 0.68 49.08 0 0 0 2349 2327
f2_456 f1h_234 f1w_442 5.73 -5.73 47.42 0 0 0 2364 2367
f2_458 f1h_452 f1w_272 -3.14 3.14 43.5 0 0 0 2387 2356
f2_459 f1h_10 f1w_39 2.73 -2.73 48.01 0 0 0 2368 2373
f2_462 f1h_153 f1h_412 -0.05 0.05 49.13 0 0 0 2333 2343
f2_463 f1w_403 f1w_414 -4.85 4.85 44.53 0 0 0 2309 2314
f2_466 f1h_87 f1w_408 0.45 -0.45 46.17 0 0 0 2356 2321
f2_467 f1h_382 f1h_460 -4.14 4.14 45.88 0 0 0 2330 2322
f2_472 f1h_405 f1h_409 7.97 -7.97 43.29 0 0 0 2322 2342
f2_473 f1h_20 f1h_427 3.68 -3.68 46.89 0 0 0 2367 2375
f2_475 f1h_256 f1w_122 0.55 -0.55 51.43 0 0 0 2343 2337
f2_476 f1w_190 f1w_267 -1.45 1.45 48.83 0 0 0 2306 2300
f2_477 f1h_56 f1w_141 1.23 -1.23 45.17 0 0 0 2319 2295
f2_479 f1w_124 f1w_292 -0.34 0.34 48.37 0 0 0 2302 2288
f2_480 f1h_286 f1w_286 -1.02 1.02 48.79 0 0 0 2350 2334
f2_482 f1h_25 f1h_324 -4.76 4.76 47.08 0 0 0 2349 2396
f2_484 f1h_346 f1w_272 0.69 -0.69 51.14 0 0 0 2326 2382
f2_485 f1w_140 f1w_323 -0.38 0.38 52.09 0 0 0 2356 2322
f2_486 f1h_342 f1w_498 1.94 -1.94 47.25 0 0 0 2354 2327
f2_487 f1h_391 f1w_122 -0.35 0.35 49.98 0 0 0 2305 2385
f2_488 f1w_463 f1w_486 -3.66 3.66 44.74 0 0 0 2348 2313
f2_489 f1w_218 f1w_338 -2.92 2.92 50.7 0 0 0 2326 2301
f2_490 f1h_131 f1h_175 -0.81 0.81 43.61 0 0 0 2389 2310
f2_491 f1h_365 f1w_191 -5.5 5.5 43.8 0 0 0 2315 2324
f2_492 f1w_275 f1w_468 -6.51 6.51 44.36 0 0 0 2308 2343
f2_493 f1w_28 f1w_320 -0.28 0.28 46.9 0 0 0 2365 2384
f2_494 f1w_74 f1w_336 -4.5 4.5 43.98 0 0 0 2393 2318
f2_496 f1h_356 f1w_71 -7.51 7.51 45.93 0 0 0 2362 2387
f2_497 f1w_85 f1w_164 2.05 -2.05 47.01 0 0 0 2378 2354
f2_500 f1w_319 f1w_371 2.64 -2.64 49.17 0 0 0 2328 2356
f2_502 f1h_202 f1w_333 1.35 -1.35 45.73 0 0 0 2303 2304
f2_503 f1w_288 f1w_453 3.86 -3.86 47.06 0 0 0 2372 2384
f2_505 f1h_490 f1w_388 -3.91 3.91 47.04 0 0 0 2354 2425
f2_507 f1h_355 f1w_74 4.33 -4.33 45.77 0 0 0 2327 2378
f2_508 f1h_436 f1w_243 -4.27 4.27 46.09 0 0 0 2310 2303
f2_509 f1h_73 f1w_413 -3.48 3.48 48.1 0 0 0 2355 2382
f2_510 f1h_147 f1h_231 2.94 -2.94 46.93 0 0 0 2381 2419
f2_513 f1h_139 f1w_266 9.98 -9.98 43.32 0 0 0 2327 2288
f2_514 f1h_391 f1h_392 -3.42 3.42 47.01 0 0 0 2280 2321
f2_515 f1h_258 f1w_119 0.07 -0.07 46.48 0 0 0 2354 2376
f2_524 f1h_59 f1w_163 -2.14 2.14 49.07 0 0 0 2335 2332
f2_525 f1h_277 f1w_52 2.66 -2.66 47.64 0 0 0 2305 2346
f2_529 f1h_264 f1w_75 1.46 -1.46 46.39 0 0 0 2344 2309
f2_530 f1w_151 f1w_159 -4.25 4.25 50.47 0 0 0 2382 2343
f2_531 f1h_7 f1h_444 2.05 -2.05 47.96 0 0 0 2321 2283
f2_532 f1h_222 f1h_333 -2.39 2.39 46.85 0 0 0 2320 2303
f2_533 f1h_254 f1w_109 -8.09 8.09 44.58 0 0 0 2343 2311
f2_534 f1w_27 f1w_55 -2.93 2.93 49.05 0 0 0 2349 2312
f2_538 f1w_14 f1w_365 3.24 -3.24 48.44 0 0 0 2354 2318
f2_542 f1w_395 f1w_475 5.06 -5.06 49.05 0 0 0 2334 2357
f2_544 f1h_199 f1w_224 -8.51 8.51 43.19 0 0 0 2384 2357
f2_549 f1h_102 f1h_455 -7.37 7.37 57.95 0 0 0 2331 2325
f2_554 f1h_401 f1h_455 2.87 -2.87 44.2 0 0 0 2327 2308
f2_556 f1h_258 f1w_373 5.13 -5.13 46.33 0 0 0 2400 2367
f2_561 f1h_93 f1w_452 -4.69 4.69 45.02 0 0 0 2319 2376
f2_562 f1h_239 f1h_339 7.35 -7.35 42.57 0 0 0 2292 2355
f2_564 f1w_281 f1w_403 -0.15 0.15 49.82 0 0 0 2357 2327
f2_566 f1h_30 f1w_154 -2.58 2.58 47.2 0 0 0 2309 2325
f2_567 f1w_129 f1w_414 1.33 -1.33 52.93 0 0 0 2399 2339
f2_568 f1h_339 f1h_416 2.52 -2.52 41.42 0 0 0 2338 2346
f2_569 f1h_82 f1h_405 2.06 -2.06 43.53 0 0 0 2376 2356
f2_570 f1w_311 f1w_360 8.69 -8.69 45.35 0 0 0 2403 2436
f2_573 f1w_202 f1w_411 2.22 -2.22 45.59 0 0 0 2327 2326
f2_575 f1w_262 f1w_427 3.59 -3.59 45.15 0 0 0 2324 2337
f2_576 f1h_192 f1h_240 3.82 -3.82 43.54 0 0 0 2316 2312
f2_583 f1h_328 f1w_427 -1.78 1.78 51.43 0 0 0 2419 2393
f2_584 f1h_80 f1h_284 3.99 -3.99 47.05 0 0 0 2323 2327
f2_588 f1w_246 f1w_248 -1.61 1.61 51.03 0 0 0 2296 2324
f2_589 f1h_265 f1h_459 7.2 -7.2 42.94 0 0 0 2323 2349
f2_593 f1h_1 f1w_298 4.46 -4.46 43.15 0 0 0 2380 2353
f2_594 f1h_302 f1w_473 -2.94 2.94 49.15 0 0 0 2325 2392
f2_597 f1h_127 f1w_342 1.8 -1.8 49.7 0 0 0 2365 2364
f2_599 f1w_152 f1w_493 -0.62 0.62 49.19 0 0 0 2344 2349
f2_600 f1h_71 f1h_88 -1.14 1.14 50.05 0 0 0 2307 2336
f2_601 f1h_208 f1w_76 -1.76 1.76 49.96 0 0 0 2276 2284
f2_602 f1h_39 f1w_297 -3.23 3.23 45.77 0 0 0 2296 2349
f2_605 f1h_156 f1h_410 -3.81 3.81 46.98 0 0 0 2326 2298
f2_606 f1w_111 f1w_351 -5.55 5.55 46.34 0 0 0 2379 2341
f2_608 f1h_370 f1h_426 2.93 -2.93 45.75 0 0 0 2362 2346
f2_609 f1h_106 f1h_352 2.2 -2.2 49.81 0 0 0 2312 2385
f2_612 f1h_214 f1w_467 -2.59 2.59 45.1 0 0 0 2368 2361
f2_613 f1h_390 f1w_43 -5.26 5.26 43.66 0 0 0 2398 2356
f2_617 f1h_145 f1w_390 4.23 -4.23 44.21 0 0 0 2327 2351
f2_619 f1h_198 f1w_58 -2.64 2.64 44.49 0 0 0 2326 2281
f2_620 f1h_162 f1h_248 -4.79 4.79 46.34 0 0 0 2326 2358
f2_623 f1h_476 f1w_441 4.23 -4.23 42.78 0 0 0 2367 2370
f2_631 f1h_333 f1w_390 0.2 -0.2 46.96 0 0 0 2350 2371
f2_632 f1h_427 f1w_72 6.43 -6.43 43.83 0 0 0 2314 2286
f2_634 f1w_223 f1w_379 3.01 -3.01 48 0 0 0 2333 2358
f2_640 f1h_157 f1w_349 1.7 -1.7 44.65 0 0 0 2317 2331
f2_642 f1h_341 f1h_346 3.98 -3.98 46.18 0 0 0 2324 2326
f2_643 f1h_92 f1w_263 7.42 -7.42 43.56 0 0 0 2337 2340
f2_644 f1h_126 f1w_262 -0.82 0.82 47.59 0 0 0 2313 2363
f2_645 f1w_72 f1w_450 -4.59 4.59 45.64 0 0 0 2323 2316
f2_651 f1h_436 f1w_458 5.36 -5.36 45.56 0 0 0 2352 2330
f2_655 f1h_480 f1w_203 -5.37 5.37 50.13 0 0 0 2360 2334
f2_656 f1h_279 f1w_30 0.07 -0.07 48.06 0 0 0 2383 2324
f2_658 f1h_209 f1h_465 4.04 -4.04 47.43 0 0 0 2373 2353
f2_659 f1w_109 f1w_424 2.23 -2.23 52.09 0 0 0 2320 2338
f2_662 f1h_41 f1h_140 0.11 -0.11 46.97 0 0 0 2332 2382
f2_663 f1h_47 f1h_476 -0.29 0.29 46.74 0 0 0 2331 2367
f2_664 f1h_418 f1w_381 -3.47 3.47 46.46 0 0 0 2303 2345
f2_665 f1h_118 f1w_54 1.96 -1.96 46.02 0 0 0 2326 2361
f2_666 f1w_151 f1w_450 -3.01 3.01 46.48 0 0 0 2356 2348
f2_667 f1h_98 f1h_368 -2.27 2.27 48.31 0 0 0 2363 2343
f2_668 f1w_420 f1w_441 6.01 -6.01 44.51 0 0 0 2339 2376
f2_669 f1h_258 f1w_221 8.58 -8.58 45.86 0 0 0 2317 2382
f2_675 f1h_147 f1w_434 -0.65 0.65 47.46 0 0 0 2354 2316
f2_678 f1h_308 f1h_410 -7.68 7.68 45 0 0 0 2314 2289
f2_679 f1h_127 f1h_355 5.4 -5.4 46.87 0 0 0 2419 2388
f2_680 f1h_179 f1h_380 -5.71 5.71 46.69 0 0 0 2319 2296
f2_681 f1h_404 f1w_422 5.7 -5.7 42.13 0 0 0 2344 2361
f2_685 f1h_400 f1h_405 2.49 -2.49 45.45 0 0 0 2344 2360
f2_686 f1h_107 f1w_347 2.69 -2.69 45.97 0 0 0 2297 2328
f2_687 f1h_19 f1w_296 7.06 -7.06 42.12 0 0 0 2334 2324
f2_689 f1h_190 f1w_284 3.15 -3.15 48.02 0 0 0 2325 2328
f2_691 f1h_251 f1h_419 2.29 -2.29 43.71 0 0 0 2359 2362
f2_694 f1h_93 f1w_279 3.91 -3.91 44.05 0 0 0 2328 2314
f2_695 f1h_167 f1w_213 4.34 -4.34 50.11 0 0 0 2352 2376
f2_697 f1h_190 f1w_319 4.27 -4.27 46.27 0 0 0 2348 2350
f2_699 f1w_39 f1w_368 6.75 -6.75 46.21 0 0 0 2365 2349
f2_707 f1h_451 f1w_24 2.51 -2.51 45.43 0 0 0 2301 2312
f2_709 f1h_205 f1w_133 0.79 -0.79 41.71 0 0 0 2332 2363
f2_711 f1h_496 f1w_368 2.07 -2.07 46.53 0 0 0 2397 2386
f2_712 f1h_373 f1w_199 6.38 -6.38 43.6 0 0 0 2335 2318
f2_715 f1h_171 f1h_460 -0.75 0.75 45.08 0 0 0 2307 2328
f2_719 f1h_262 f1h_450 -0.65 0.65 49.72 0 0 0 2341 2393
f2_720 f1h_178 f1w_252 -6.1 6.1 43.76 0 0 0 2370 2346
f2_721 f1h_141 f1h_230 -1.5 1.5 43.62 0 0 0 2304 2317
f2_724 f1h_360 f1w_174 -3.59 3.59 49.32 0 0 0 2331 2298
f2_726 f1h_414 f1w_222 2.81 -2.81 50.85 0 0 0 2388 2343
f2_727 f1h_159 f1w_90 3.39 -3.39 48.01 0 0 0 2305 2334
f2_729 f1h_425 f1w_75 3.45 -3.45 46.73 0 0 0 2326 2373
f2_730 f1h_145 f1h_230 -0.16 0.16 43.83 0 0 0 2310 2317
f2_732 f1w_65 f1w_449 -3.14 3.14 47.07 0 0 0 2313 2340
f2_733 f1w_267 f1w_440 0.56 -0.56 48.51 0 0 0 2376 2369
f2_735 f1h_455 f1w_465 -1.9 1.9 47.93 0 0 0 2355 2410
f2_736 f1h_489 f1w_89 -3.64 3.64 47.99 0 0 0 2288 2327
f2_737 f1h_46 f1w_349 -5.25 5.25 46.09 0 0 0 2334 2336
f2_739 f1h_217 f1w_160 -3.09 3.09 51.31 0 0 0 2382 2373
f2_744 f1h_256 f1w_263 -2.72 2.72 43.72 0 0 0 2341 2335
f2_745 f1h_166 f1w_55 5.23 -5.23 47.52 0 0 0 2333 2304
f2_748 f1h_257 f1w_54 3.46 -3.46 44.57 0 0 0 2296 2326
f2_754 f1w_365 f1w_424 2.49 -2.49 47.9 0 0 0 2323 2334
f2_757 f1h_60 f1h_170 4.05 -4.05 46.75 0 0 0 2338 2363
f2_758 f1h_230 f1h_339 2.26 -2.26 46.09 0 0 0 2334 2329
f2_759 f1w_296 f1w_371 4.33 -4.33 48.27 0 0 0 2351 2374
f2_760 f1h_228 f1h_473 7.2 -7.2 47.86 0 0 0 2308 2324
f2_762 f1w_70 f1w_230 0.03 -0.03 51.16 0 0 0 2355 2371
f2_764 f1w_41 f1w_224 -9.45 9.45 42.87 0 0 0 2321 2308
f2_766 f1h_414 f1w_92 -4.8 4.8 46.12 0 0 0 2341 2314
f2_767 f1h_321 f1w_356 -3.56 3.56 44.56 0 0 0 2309 2319
f2_769 f1h_35 f1h_234 -3.87 3.87 45.28 0 0 0 2309 2299
f2_770 f1h_51 f1w_297 -5.52 5.52 45.29 0 0 0 2355 2322
f2_771 f1h_240 f1w_399 3.45 -3.45 41.22 0 0 0 2326 2383
f2_772 f1h_388 f1w_111 2.22 -2.22 44.02 0 0 0 2353 2315
f2_773 f1w_202 f1w_261 2.77 -2.77 47.15 0 0 0 2335 2371
f2_774 f1h_80 f1h_482 6.15 -6.15 45.54 0 0 0 2351 2336
f2_778 f1h_104 f1w_283 0.9 -0.9 48.83 0 0 0 2322 2352
f2_781 f1h_475 f1w_105 -5.71 5.71 43.85 0 0 0 2371 2349
f2_782 f1w_199 f1w_428 3.74 -3.74 47.3 0 0 0 2326 2302
f2_784 f1w_424 f1w_444 1.75 -1.75 50.45 0 0 0 2379 2366
f2_785 f1h_90 f1h_323 3.94 -3.94 44.51 0 0 0 2350 2330
f2_786 f1h_187 f1w_393 -1.08 1.08 49.37 0 0 0 2334 2349
f2_787 f1h_291 f1w_101 1.65 -1.65 47.57 0 0 0 2316 2293
f2_789 f1h_308 f1h_451 -7.86 7.86 41.63 0 0 0 2313 2319
f2_791 f1h_60 f1h_401 -3.62 3.62 45.67 0 0 0 2357 2346
f2_797 f1w_72 f1w_232 7.09 -7.09 48.26 0 0 0 2304 2338
f2_798 f1w_160 f1w_353 1.01 -1.01 41.1 0 0 0 2303 2296
f2_799 f1h_124 f1h_399 0.02 -0.02 47.11 0 0 0 2305 2317
f2_800 f1w_74 f1w_456 5.4 -5.4 47.03 0 0 0 2374 2342
f2_803 f1h_141 f1h_158 0.17 -0.17 48.06 0 0 0 2321 2357
f2_804 f1h_450 f1w_252 1.31 -1.31 45.47 0 0 0 2365 2309
f2_806 f1h_146 f1h_354 4.69 -4.69 46.03 0 0 0 2320 2318
f2_808 f1w_26 f1w_112 -2.33 2.33 49.14 0 0 0 2331 2339
f2_809 f1h_306 f1w_21 5.2 -5.2 49.08 0 0 0 2360 2355
f2_810 f1h_365 f1w_343 5.5 -5.5 45.94 0 0 0 2339 2358
f2_811 f1h_328 f1h_451 3.01 -3.01 48.41 0 0 0 2379 2337
f2_812 f1h_362 f1w_53 -1.75 1.75 47.57 0 0 0 2308 2353
f2_816 f1h_136 f1h_460 0.52 -0.52 50.51 0 0 0 2358 2333
f2_817 f1h_290 f1w_218 1.32 -1.32 50.98 0 0 0 2329 2351
f2_820 f1h_298 f1h_305 0.32 -0.32 44.76 0 0 0 2326 2319
f2_821 f1h_381 f1w_218 0.62 -0.62 53.14 0 0 0 2330 2364
f2_823 f1w_229 f1w_381 0.79 -0.79 47.32 0 0 0 2353 2411
f2_824 f1h_136 f1w_159 0.44 -0.44 48.9 0 0 0 2359 2344
f2_826 f1h_208 f1w_369 2.83 -2.83 50.5 0 0 0 2308 2335
f2_831 f1h_464 f1w_72 -2.06 2.06 48.96 0 0 0 2358 2356
f2_833 f1h_20 f1h_102 -0.58 0.58 50.31 0 0 0 2366 2357
f2_835 f1h_4 f1w_299 -3.7 3.7 49.37 0 0 0 2281 2353
f2_837 f1h_167 f1w_126 3.02 -3.02 49.23 0 0 0 2364 2343
f2_840 f1h_11 f1h_206 0.61 -0.61 47.02 0 0 0 2333 2307
f2_842 f1w_41 f1w_491 -0.99 0.99 50.47 0 0 0 2342 2345
f2_843 f1h_157 f1h_260 3.33 -3.33 44.19 0 0 0 2278 2307
f2_848 f1w_134 f1w_475 13.55 -13.55 39.8 0 0 0 2312 2315
f2_849 f1w_8 f1w_468 0.84 -0.84 48.69 0 0 0 2332 2345
f2_853 f1h_369 f1w_27 9.04 -9.04 38.92 0 0 0 2365 2326
f2_854 f1h_378 f1w_89 -3.43 3.43 44.61 0 0 0 2310 2358
f2_855 f1h_405 f1w_1 8.96 -8.96 45.54 0 0 0 2298 2298
f2_857 f1h_126 f1w_226 -3.02 3.02 47.07 0 0 0 2273 2289
f2_859 f1h_328 f1w_353 -8.32 8.32 42.31 0 0 0 2410 2348
f2_861 f1h_41 f1h_316 1.92 -1.92 46.21 0 0 0 2280 2313
f2_864 f1h_296 f1h_407 3.57 -3.57 44.67 0 0 0 2344 2392
f2_867 f1h_133 f1h_136 2.38 -2.38 45.27 0 0 0 2311 2368
f2_870 f1h_17 f1h_145 2.21 -2.21 44.01 0 0 0 2340 2348
f2_872 f1h_318 f1w_127 9.51 -9.51 44.01 0 0 0 2328 2368
f2_874 f1h_1 f1w_162 2.75 -2.75 50.01 0 0 0 2428 2372
f2_876 f1h_148 f1w_114 2.38 -2.38 48.92 0 0 0 2392 2356
f2_877 f1h_285 f1w_302 -4.23 4.23 47.38 0 0 0 2389 2334
f2_880 f1h_344 f1w_151 -7.33 7.33 46.68 0 0 0 2307 2344
f2_885 f1w_304 f1w_311 -1.01 1.01 48.37 0 0 0 2314 2403
f2_888 f1h_50 f1w_284 -1.7 1.7 42.43 0 0 0 2360 2342
f2_889 f1h_312 f1w_415 5.16 -5.16 45.7 0 0 0 2349 2375
f2_890 f1w_312 f1w_420 -4.1 4.1 43.73 0 0 0 2385 2343
f2_894 f1h_102 f1h_149 2.42 -2.42 47.39 0 0 0 2362 2353
f2_897 f1w_35 f1w_193 7.69 -7.69 42.47 0 0 0 2298 2302
f2_900 f1h_183 f1w_106 -1.34 1.34 46.25 0 0 0 2287 2338
f2_901 f1w_488 f1w_491 -5.4 5.4 43.14 0 0 0 2307 2338
f2_902 f1h_24 f1h_244 -4.01 4.01 45.24 0 0 0 2290 2352
f2_905 f1h_60 f1w_358 2.55 -2.55 47.14 0 0 0 2311 2316
f2_908 f1h_217 f1w_164 0.82 -0.82 48.08 0 0 0 2355 2329
f2_910 f1h_114 f1w_19 2.24 -2.24 48.89 0 0 0 2319 2350
f2_912 f1h_3 f1h_101 -1.31 1.31 48.27 0 0 0 2353 2352
f2_914 f1h_18 f1h_108 -0.16 0.16 46.95 0 0 0 2361 2354
f2_919 f1h_83 f1w_146 -6.02 6.02 42.7 0 0 0 2311 2280
f2_920 f1h_419 f1h_435 -6.18 6.18 47.89 0 0 0 2321 2334
f2_921 f1h_171 f1h_196 4.45 -4.45 41.54 0 0 0 2291 2336
f2_923 f1h_141 f1w_27 -0.29 0.29 45.21 0 0 0 2338 2350
f2_925 f1h_303 f1w_427 3.77 -3.77 47.99 0 0 0 2356 2382
f2_927 f1h_284 f1w_336 -4.72 4.72 42.89 0 0 0 2324 2304
f2_928 f1h_92 f1w_364 3.38 -3.38 42.93 0 0 0 2333 2298
f2_929 f1h_214 f1h_285 -3.79 3.79 49.67 0 0 0 2392 2396
f2_932 f1h_29 f1w_333 0.19 -0.19 48.6 0 0 0 2380 2369
f2_935 f1h_439 f1w_488 7.1 -7.1 45.35 0 0 0 2307 2268
f2_936 f1h_322 f1h_462 -2.51 2.51 43.57 0 0 0 2322 2287
f2_937 f1h_230 f1h_475 3.18 -3.18 46.36 0 0 0 2346 2338
f2_938 f1h_17 f1h_232 2.15 -2.15 45.12 0 0 0 2348 2366
f2_940 f1h_235 f1w_213 -1.18 1.18 52.65 0 0 0 2332 2394
f2_946 f1h_221 f1w_363 -7.82 7.82 41.74 0 0 0 2305 2322
f2_947 f1h_429 f1w_457 5.41 -5.41 44 0 0 0 2311 2378
f2_948 f1h_41 f1h_113 4.77 -4.77 42.67 0 0 0 2351 2355
f2_950 f1h_213 f1w_418 -2.01 2.01 51.14 0 0 0 2362 2335
f2_952 f1h_186 f1w_492 -4.13 4.13 44 0 0 0 2336 2332
f2_953 f1h_485 f1w_265 0.89 -0.89 48.72 0 0 0 2374 2333
f2_954 f1h_365 f1w_162 2.78 -2.78 49.95 0 0 0 2376 2357
f2_956 f1h_262 f1w_247 -5.91 5.91 40.77 0 0 0 2376 2390
f2_957 f1h_460 f1w_9 1.22 -1.22 45.13 0 0 0 2297 2303
f2_963 f1h_473 f1w_247 -2.57 2.57 45.58 0 0 0 2319 2303
f2_964 f1h_341 f1w_398 1.11 -1.11 51.73 0 0 0 2372 2366
f2_967 f1h_141 f1w_3 -5.68 5.68 49.75 0 0 0 2338 2334
f2_972 f1w_41 f1w_360 7.31 -7.31 47.68 0 0 0 2351 2401
f2_975 f1w_60 f1w_321 0.47 -0.47 44.89 0 0 0 2381 2364
f2_978 f1w_4 f1w_63 4.71 -4.71 47.87 0 0 0 2309 2361
f2_979 f1h_189 f1w_310 -8.62 8.62 41.49 0 0 0 2308 2304
f2_980 f1h_412 f1w_135 -2.53 2.53 43.48 0 0 0 2337 2279
f2_982 f1h_404 f1w_360 1.29 -1.29 48.89 0 0 0 2333 2391
f2_983 f1h_350 f1w_151 -1.69 1.69 44.3 0 0 0 2306 2362
f2_985 f1w_463 f1w_488 6.09 -6.09 51.3 0 0 0 2397 2348
f2_988 f1w_94 f1w_355 -2.02 2.02 47.08 0 0 0 2302 2333
f2_990 f1h_368 f1h_415 7.02 -7.02 44.3 0 0 0 2294 2320
f2_994 f1w_124 f1w_302 -1.84 1.84 49.75 0 0 0 2386 2368
f2_997 f1h_106 f1h_220 -5.89 5.89 41.39 0 0 0 2304 2336
f2_999 f1w_214 f1w_452 4.04 -4.04 45.14 0 0 0 2336 2377
