id parent1 parent2 LLRparent1 LLRparent2 LLRpair OHparent1 OHparent2 MEpair SNPd.id.parent1 SNPd.id.parent2
f1h_1 f0_136 f0_143 0.78 -0.78 85.07 0 0 0 3781 3781
f1h_2 f0_13 f0_29 -3.51 3.51 82.72 0 0 0 3778 3765
f1h_3 f0_10 f0_140 5.61 -5.61 82.72 0 0 0 3776 3802
f1h_4 f0_7 f0_35 -2.34 2.34 79.35 0 0 0 3765 3759
f1h_5 f0_138 f0_200 -0.2 0.2 84.53 0 0 0 3769 3771
f1h_6 f0_93 f0_97 -0.19 0.19 85.45 0 0 0 3776 3767
f1h_7 f0_162 f0_176 -1.71 1.71 79.32 0 0 0 3751 3775
f1h_9 f0_3 f0_36 1.73 -1.73 80.69 0 0 0 3746 3773
f1h_10 f0_72 f0_165 -5.04 5.04 83.03 0 0 0 3813 3795
f1h_11 f0_14 f0_34 -1.33 1.33 86.25 0 0 0 3770 3802
f1h_15 f0_62 f0_141 7.83 -7.83 77.49 0 0 0 3790 3765
f1h_16 f0_27 f0_107 0.11 -0.11 87.87 0 0 0 3771 3727
f1h_17 f0_76 f0_176 -3.4 3.4 77.19 0 0 0 3779 3769
f1h_18 f0_1 f0_6 -11.17 11.17 77.53 0 0 0 3776 3773
f1h_19 f0_68 f0_153 -0.35 0.35 82.18 0 0 0 3802 3782
f1h_20 f0_12 f0_155 7 -7 78.6 0 0 0 3775 3803
f1h_22 f0_38 f0_190 -5.46 5.46 81.72 0 0 0 3758 3736
f1h_23 f0_15 f0_37 2.51 -2.51 87.8 0 0 0 3778 3780
f1h_24 f0_28 f0_89 -3.93 3.93 81.2 0 0 0 3781 3780
f1h_25 f0_68 f0_137 3.84 -3.84 83.74 0 0 0 3792 3771
f1h_26 f0_6 f0_171 5.36 -5.36 78.23 0 0 0 3785 3759
f1h_29 f0_144 f0_186 2.24 -2.24 85.99 0 0 0 3794 3813
f1h_30 f0_80 f0_126 3.51 -3.51 84.29 0 0 0 3777 3805
f1h_32 f0_16 f0_86 -1.45 1.45 84.89 0 0 0 3794 3779
f1h_33 f0_41 f0_135 3.59 -3.59 86.12 0 0 0 3801 3794
f1h_35 f0_48 f0_163 -0.49 0.49 87.32 0 0 0 3765 3782
f1h_37 f0_11 f0_137 0.5 -0.5 83.87 0 0 0 3768 3766
f1h_38 f0_105 f0_149 7.51 -7.51 80.84 0 0 0 3775 3775
f1h_39 f0_152 f0_192 -5.91 5.91 79.71 0 0 0 3781 3776
f1h_41 f0_24 f0_192 -2.98 2.98 87.49 0 0 0 3800 3788
f1h_43 f0_120 f0_148 2.65 -2.65 83.89 0 0 0 3768 3766
f1h_46 f0_40 f0_175 -5.31 5.31 83.92 0 0 0 3804 3774
f1h_47 f0_175 f0_200 5.76 -5.76 80.71 0 0 0 3758 3775
f1h_48 f0_38 f0_71 -3.82 3.82 86.65 0 0 0 3799 3807
f1h_50 f0_78 f0_113 15.87 -15.87 76.3 0 0 0 3770 3742
f1h_51 f0_14 f0_62 -16.08 16.08 76.9 0 0 0 3789 3793
f1h_52 f0_14 f0_167 2.63 -2.63 81.23 0 0 0 3764 3765
f1h_53 f0_95 f0_100 6.51 -6.51 80.22 0 0 0 3784 3788
f1h_54 f0_49 f0_54 -3.27 3.27 83.54 0 0 0 3786 3769
f1h_55 f0_56 f0_75 7.44 -7.44 82.37 0 0 0 3810 3779
f1h_56 f0_47 f0_57 -4.33 4.33 81.61 0 0 0 3768 3752
f1h_57 f0_8 f0_166 -4.05 4.05 83.45 0 0 0 3762 3772
f1h_58 f0_9 f0_73 4.34 -4.34 79.06 0 0 0 3769 3773
f1h_59 f0_99 f0_112 5.41 -5.41 82.9 0 0 0 3784 3784
f1h_60 f0_133 f0_162 -4.24 4.24 83.66 0 0 0 3773 3739
f1h_62 f0_163 f0_190 -2.27 2.27 88.14 0 0 0 3767 3753
f1h_63 f0_40 f0_87 -2.77 2.77 86.77 0 0 0 3804 3797
f1h_65 f0_99 f0_167 -6.49 6.49 85.64 0 0 0 3801 3789
f1h_67 f0_109 f0_168 -6.9 6.9 81.57 0 0 0 3747 3764
f1h_68 f0_42 f0_148 -1.78 1.78 81.74 0 0 0 3772 3767
f1h_69 f0_69 f0_139 -4.15 4.15 84.65 0 0 0 3770 3796
f1h_70 f0_121 f0_183 -5.17 5.17 81.94 0 0 0 3772 3759
f1h_71 f0_24 f0_178 -4.51 4.51 81.69 0 0 0 3789 3793
f1h_72 f0_102 f0_119 -3.48 3.48 75.08 0 0 0 3775 3797
f1h_73 f0_65 f0_99 8.24 -8.24 77.54 0 0 0 3766 3786
f1h_74 f0_46 f0_111 -2.98 2.98 82.33 0 0 0 3755 3760
f1h_75 f0_71 f0_98 -0.31 0.31 84.03 0 0 0 3803 3789
f1h_76 f0_82 f0_171 3.13 -3.13 83.83 0 0 0 3726 3724
f1h_78 f0_113 f0_188 2.95 -2.95 87.86 0 0 0 3763 3785
f1h_79 f0_42 f0_164 -0.87 0.87 82.59 0 0 0 3748 3764
f1h_80 f0_66 f0_198 -3.89 3.89 85.54 0 0 0 3778 3755
f1h_81 f0_12 f0_28 -0.11 0.11 87.87 0 0 0 3738 3745
f1h_82 f0_46 f0_88 -0.74 0.74 86.58 0 0 0 3781 3816
f1h_83 f0_151 f0_185 -0.36 0.36 86.51 0 0 0 3779 3764
f1h_84 f0_184 f0_193 -6.63 6.63 83.52 0 0 0 3782 3743
f1h_86 f0_7 f0_61 4.06 -4.06 87.42 0 0 0 3777 3789
f1h_87 f0_103 f0_118 0.8 -0.8 86.1 0 0 0 3768 3779
f1h_88 f0_107 f0_108 -4.16 4.16 80.15 0 0 0 3735 3767
f1h_90 f0_30 f0_84 8.36 -8.36 84.7 0 0 0 3793 3778
f1h_91 f0_73 f0_126 -1.66 1.66 86.14 0 0 0 3775 3794
f1h_92 f0_156 f0_170 -4.87 4.87 80.57 0 0 0 3761 3751
f1h_93 f0_62 f0_107 -0.66 0.66 81 0 0 0 3781 3745
f1h_94 f0_160 f0_193 1.64 -1.64 85.66 0 0 0 3781 3764
f1h_95 f0_59 f0_155 -4.22 4.22 87.35 0 0 0 3755 3768
f1h_96 f0_27 f0_124 -3.64 3.64 85.08 0 0 0 3786 3787
f1h_98 f0_2 f0_102 -1.04 1.04 86.53 0 0 0 3775 3785
f1h_100 f0_14 f0_85 -4.2 4.2 85.25 0 0 0 3773 3750
f1h_101 f0_120 f0_137 6.04 -6.04 85.01 0 0 0 3776 3778
f1h_102 f0_35 f0_150 1.18 -1.18 86.27 0 0 0 3796 3800
f1h_103 f0_21 f0_135 -7.95 7.95 76.91 0 0 0 3763 3772
f1h_104 f0_51 f0_118 6.03 -6.03 82.58 0 0 0 3786 3790
f1h_106 f0_98 f0_106 -3.33 3.33 82.7 0 0 0 3775 3788
f1h_107 f0_160 f0_181 -9.85 9.85 79.38 0 0 0 3789 3766
f1h_108 f0_68 f0_136 -10.1 10.1 75.45 0 0 0 3805 3780
f1h_109 f0_5 f0_178 -2.14 2.14 84.39 0 0 0 3761 3791
f1h_110 f0_8 f0_179 -5.45 5.45 82.18 0 0 0 3751 3758
f1h_111 f0_68 f0_157 -8.88 8.88 84.09 0 0 0 3793 3770
f1h_112 f0_8 f0_137 2.9 -2.9 84.21 0 0 0 3741 3757
f1h_113 f0_93 f0_126 -0.6 0.6 87.54 0 0 0 3788 3800
f1h_114 f0_116 f0_172 -0.96 0.96 87.09 0 0 0 3770 3766
f1h_115 f0_13 f0_90 -4.28 4.28 79.43 0 0 0 3765 3745
f1h_116 f0_59 f0_71 -2.61 2.61 83.42 0 0 0 3752 3775
f1h_118 f0_43 f0_93 -0.34 0.34 85.05 0 0 0 3762 3779
f1h_121 f0_46 f0_108 -0.93 0.93 85.51 0 0 0 3739 3770
f1h_122 f0_25 f0_141 11.63 -11.63 78.07 0 0 0 3794 3777
f1h_124 f0_37 f0_137 8.06 -8.06 81.2 0 0 0 3762 3767
f1h_125 f0_139 f0_152 1.2 -1.2 82.69 0 0 0 3788 3776
f1h_126 f0_43 f0_83 2.96 -2.96 81.26 0 0 0 3752 3746
f1h_127 f0_49 f0_104 -3.85 3.85 82.24 0 0 0 3796 3757
f1h_129 f0_2 f0_129 -2.56 2.56 83.19 0 0 0 3753 3770
f1h_130 f0_22 f0_159 -7.98 7.98 83.46 0 0 0 3757 3784
f1h_131 f0_24 f0_114 -8.34 8.34 80.75 0 0 0 3805 3812
f1h_132 f0_119 f0_181 -3.62 3.62 82.81 0 0 0 3792 3759
f1h_133 f0_103 f0_192 -0.65 0.65 92.3 0 0 0 3744 3747
f1h_134 f0_81 f0_85 -0.44 0.44 86.78 0 0 0 3752 3739
f1h_135 f0_100 f0_200 -6.61 6.61 80.42 0 0 0 3786 3789
f1h_136 f0_38 f0_73 -3.9 3.9 82.53 0 0 0 3803 3800
f1h_137 f0_171 f0_183 6.98 -6.98 77.8 0 0 0 3726 3745
f1h_138 f0_1 f0_141 -5.62 5.62 86.32 0 0 0 3781 3760
f1h_139 f0_11 f0_69 5.89 -5.89 80.26 0 0 0 3794 3773
f1h_140 f0_125 f0_172 -8.19 8.19 81.92 0 0 0 3801 3772
f1h_141 f0_18 f0_75 -1.82 1.82 86.79 0 0 0 3760 3765
f1h_142 f0_6 f0_47 -2 2 87.5 0 0 0 3776 3774
f1h_144 f0_29 f0_122 -1.5 1.5 83.14 0 0 0 3745 3720
f1h_145 f0_39 f0_184 1.52 -1.52 84.4 0 0 0 3783 3794
f1h_146 f0_34 f0_64 1.53 -1.53 84.19 0 0 0 3788 3783
f1h_147 f0_4 f0_163 -6.9 6.9 79.8 0 0 0 3768 3775
f1h_148 f0_24 f0_190 3.75 -3.75 77.99 0 0 0 3805 3777
f1h_149 f0_7 f0_89 1.64 -1.64 75.03 0 0 0 3783 3761
f1h_150 f0_28 f0_50 -5.24 5.24 82.5 0 0 0 3752 3772
f1h_151 f0_16 f0_133 1.12 -1.12 84.85 0 0 0 3771 3771
f1h_153 f0_48 f0_80 -5.98 5.98 83.58 0 0 0 3764 3758
f1h_156 f0_20 f0_48 8.2 -8.2 75.24 0 0 0 3763 3762
f1h_157 f0_39 f0_163 4.69 -4.69 84.54 0 0 0 3805 3799
f1h_158 f0_9 f0_121 5.49 -5.49 82.92 0 0 0 3781 3770
f1h_159 f0_64 f0_185 -1.62 1.62 87.99 0 0 0 3788 3772
f1h_161 f0_13 f0_72 2.44 -2.44 83.89 0 0 0 3735 3741
f1h_162 f0_24 f0_56 -2.83 2.83 84.17 0 0 0 3789 3799
f1h_165 f0_74 f0_85 -5.1 5.1 81.01 0 0 0 3787 3753
f1h_166 f0_69 f0_144 6.44 -6.44 82.25 0 0 0 3746 3760
f1h_167 f0_133 f0_136 -2.79 2.79 82.91 0 0 0 3775 3766
f1h_169 f0_59 f0_190 -6 6 85.4 0 0 0 3780 3768
f1h_170 f0_92 f0_199 -3.21 3.21 86.63 0 0 0 3759 3769
f1h_171 f0_13 f0_147 0.9 -0.9 84.93 0 0 0 3755 3748
f1h_172 f0_94 f0_113 8.59 -8.59 79.22 0 0 0 3784 3743
f1h_173 f0_81 f0_134 -3.17 3.17 87.98 0 0 0 3721 3734
f1h_174 f0_35 f0_107 -1.56 1.56 86.02 0 0 0 3784 3748
f1h_175 f0_15 f0_65 -2.78 2.78 83.93 0 0 0 3746 3753
f1h_176 f0_48 f0_167 3.3 -3.3 82.52 0 0 0 3778 3779
f1h_177 f0_57 f0_133 4.73 -4.73 85.65 0 0 0 3760 3798
f1h_178 f0_32 f0_147 -3.25 3.25 82.38 0 0 0 3765 3765
f1h_179 f0_85 f0_105 0.79 -0.79 86.74 0 0 0 3735 3775
f1h_180 f0_8 f0_25 -2.76 2.76 82.39 0 0 0 3772 3787
f1h_182 f0_43 f0_112 0.33 -0.33 84.02 0 0 0 3745 3757
f1h_183 f0_65 f0_100 1.01 -1.01 84.09 0 0 0 3767 3793
f1h_184 f0_31 f0_110 -3.27 3.27 82.95 0 0 0 3743 3753
f1h_186 f0_90 f0_154 -11.47 11.47 77.7 0 0 0 3761 3765
f1h_187 f0_114 f0_168 3.75 -3.75 85.32 0 0 0 3799 3797
f1h_189 f0_61 f0_62 -7.18 7.18 79.92 0 0 0 3784 3762
f1h_190 f0_82 f0_94 1.58 -1.58 82.28 0 0 0 3742 3788
f1h_191 f0_75 f0_200 -6.23 6.23 82.24 0 0 0 3770 3786
f1h_192 f0_97 f0_196 -2.25 2.25 81.86 0 0 0 3747 3748
f1h_193 f0_156 f0_164 4.55 -4.55 84.63 0 0 0 3772 3780
f1h_194 f0_110 f0_115 -1.69 1.69 84.57 0 0 0 3759 3781
f1h_195 f0_172 f0_177 2.02 -2.02 82.29 0 0 0 3786 3780
f1h_196 f0_49 f0_178 -8.04 8.04 79.73 0 0 0 3792 3780
f1h_198 f0_119 f0_126 -0.69 0.69 82.1 0 0 0 3788 3794
f1h_199 f0_43 f0_176 -0.27 0.27 88.4 0 0 0 3772 3779
f1h_200 f0_66 f0_99 -0.46 0.46 86.63 0 0 0 3772 3768
f1h_201 f0_151 f0_153 2.6 -2.6 84.15 0 0 0 3755 3735
f1h_202 f0_105 f0_178 -2.34 2.34 81.82 0 0 0 3795 3792
f1h_203 f0_105 f0_113 -0.84 0.84 84.33 0 0 0 3788 3754
f1h_205 f0_101 f0_119 -9.33 9.33 75.68 0 0 0 3786 3801
f1h_206 f0_37 f0_185 -3.08 3.08 79.61 0 0 0 3761 3771
f1h_208 f0_134 f0_191 -2.11 2.11 83.32 0 0 0 3741 3751
f1h_209 f0_62 f0_139 1.32 -1.32 78 0 0 0 3759 3776
f1h_211 f0_66 f0_143 0.01 -0.01 85.8 0 0 0 3780 3755
f1h_212 f0_25 f0_29 5.62 -5.62 83.04 0 0 0 3770 3769
f1h_213 f0_116 f0_152 -2.15 2.15 82.96 0 0 0 3764 3775
f1h_214 f0_7 f0_186 -2.32 2.32 83.16 0 0 0 3801 3803
f1h_215 f0_14 f0_124 -8.3 8.3 82.99 0 0 0 3770 3787
f1h_216 f0_55 f0_133 4.44 -4.44 79.2 0 0 0 3778 3789
f1h_217 f0_14 f0_142 -3.75 3.75 83.47 0 0 0 3766 3758
f1h_219 f0_25 f0_172 1.39 -1.39 81.65 0 0 0 3760 3755
f1h_220 f0_6 f0_183 2.18 -2.18 85.69 0 0 0 3785 3782
f1h_221 f0_131 f0_154 10.53 -10.53 79.7 0 0 0 3777 3778
f1h_222 f0_75 f0_156 -4.12 4.12 85.92 0 0 0 3757 3758
f1h_223 f0_89 f0_140 0.01 -0.01 84.63 0 0 0 3753 3763
f1h_224 f0_36 f0_200 9.12 -9.12 84.03 0 0 0 3761 3763
f1h_225 f0_50 f0_60 1.45 -1.45 88.28 0 0 0 3792 3806
f1h_226 f0_145 f0_191 1.89 -1.89 84.07 0 0 0 3775 3774
f1h_227 f0_19 f0_79 6.76 -6.76 81.04 0 0 0 3763 3778
f1h_228 f0_58 f0_181 -1.51 1.51 83.72 0 0 0 3769 3755
f1h_229 f0_59 f0_183 3.71 -3.71 89.37 0 0 0 3790 3789
f1h_230 f0_100 f0_138 3.4 -3.4 77.85 0 0 0 3762 3756
f1h_231 f0_3 f0_80 1.38 -1.38 82.49 0 0 0 3765 3770
f1h_232 f0_88 f0_96 -3.29 3.29 84.24 0 0 0 3763 3766
f1h_233 f0_36 f0_135 -0.75 0.75 87.9 0 0 0 3790 3781
f1h_234 f0_28 f0_85 -1.45 1.45 84.81 0 0 0 3775 3760
f1h_235 f0_29 f0_45 1.5 -1.5 85.03 0 0 0 3785 3813
f1h_236 f0_6 f0_59 3.31 -3.31 82.94 0 0 0 3760 3766
f1h_237 f0_75 f0_155 6.6 -6.6 81.23 0 0 0 3756 3772
f1h_239 f0_43 f0_82 -3.51 3.51 79.75 0 0 0 3776 3776
f1h_240 f0_10 f0_60 -1.42 1.42 88.17 0 0 0 3754 3802
f1h_241 f0_55 f0_137 5.36 -5.36 86.04 0 0 0 3790 3790
f1h_244 f0_39 f0_130 5.36 -5.36 78.49 0 0 0 3799 3801
f1h_246 f0_71 f0_158 1.1 -1.1 81.61 0 0 0 3809 3788
f1h_247 f0_115 f0_154 -7.51 7.51 83.93 0 0 0 3791 3777
f1h_248 f0_116 f0_122 2.51 -2.51 82.28 0 0 0 3744 3730
f1h_249 f0_140 f0_167 3 -3 80.43 0 0 0 3788 3778
f1h_250 f0_32 f0_184 -3.32 3.32 82.32 0 0 0 3780 3806
f1h_251 f0_53 f0_123 4.06 -4.06 80.99 0 0 0 3768 3757
f1h_252 f0_128 f0_150 2.66 -2.66 83.33 0 0 0 3771 3779
f1h_253 f0_80 f0_83 3.29 -3.29 83.35 0 0 0 3741 3734
f1h_254 f0_140 f0_145 -3.87 3.87 83.13 0 0 0 3779 3767
f1h_255 f0_44 f0_111 -3.15 3.15 81.91 0 0 0 3743 3745
f1h_256 f0_149 f0_171 4.79 -4.79 82.48 0 0 0 3780 3748
f1h_257 f0_59 f0_176 2.81 -2.81 79.8 0 0 0 3755 3753
f1h_258 f0_87 f0_91 0.59 -0.59 84.1 0 0 0 3781 3788
f1h_259 f0_110 f0_193 4.8 -4.8 78.73 0 0 0 3734 3732
f1h_260 f0_126 f0_138 0.88 -0.88 85.77 0 0 0 3786 3764
f1h_262 f0_110 f0_147 0.16 -0.16 86.45 0 0 0 3744 3757
f1h_263 f0_44 f0_64 2.24 -2.24 83.59 0 0 0 3784 3812
f1h_264 f0_151 f0_195 5.9 -5.9 80 0 0 0 3794 3777
f1h_265 f0_127 f0_157 1.14 -1.14 83.76 0 0 0 3785 3775
f1h_266 f0_36 f0_137 -2.35 2.35 83.25 0 0 0 3776 3770
f1h_268 f0_21 f0_92 0.42 -0.42 85.37 0 0 0 3787 3786
f1h_271 f0_53 f0_98 -0.6 0.6 87.57 0 0 0 3786 3772
f1h_272 f0_136 f0_140 -3.36 3.36 83.88 0 0 0 3754 3759
f1h_274 f0_88 f0_184 5.59 -5.59 85.17 0 0 0 3798 3812
f1h_275 f0_98 f0_121 2.78 -2.78 83.77 0 0 0 3777 3782
f1h_277 f0_167 f0_197 6.52 -6.52 81.71 0 0 0 3766 3797
f1h_279 f0_22 f0_157 -9.58 9.58 78.07 0 0 0 3742 3771
f1h_280 f0_21 f0_66 2.35 -2.35 79.8 0 0 0 3782 3802
f1h_281 f0_23 f0_69 -4.72 4.72 84.48 0 0 0 3786 3772
f1h_282 f0_40 f0_131 -2.6 2.6 81.22 0 0 0 3795 3765
f1h_283 f0_94 f0_172 -4.19 4.19 83.94 0 0 0 3813 3778
f1h_284 f0_24 f0_150 -11.06 11.06 78.95 0 0 0 3770 3774
f1h_285 f0_63 f0_150 -0.7 0.7 85.7 0 0 0 3764 3788
f1h_286 f0_3 f0_55 -0.07 0.07 84.21 0 0 0 3759 3775
f1h_289 f0_41 f0_150 3.12 -3.12 85.6 0 0 0 3780 3782
f1h_290 f0_132 f0_137 -2.77 2.77 86.9 0 0 0 3771 3766
f1h_291 f0_79 f0_127 -1.86 1.86 87.86 0 0 0 3797 3798
f1h_292 f0_54 f0_74 6.48 -6.48 85.08 0 0 0 3783 3782
f1h_293 f0_41 f0_186 8.09 -8.09 85.86 0 0 0 3814 3806
f1h_294 f0_126 f0_197 4.07 -4.07 82.13 0 0 0 3788 3791
f1h_295 f0_45 f0_95 -2.7 2.7 81.03 0 0 0 3782 3753
f1h_296 f0_110 f0_168 6.65 -6.65 82.37 0 0 0 3772 3790
f1h_298 f0_55 f0_104 -2.37 2.37 83.54 0 0 0 3778 3743
f1h_299 f0_23 f0_85 3.59 -3.59 86.18 0 0 0 3768 3740
f1h_300 f0_180 f0_188 1.27 -1.27 90.52 0 0 0 3786 3787
f1h_301 f0_124 f0_134 0.01 -0.01 86.31 0 0 0 3767 3756
f1h_302 f0_97 f0_136 -3.35 3.35 83.1 0 0 0 3793 3789
f1h_303 f0_35 f0_170 -2.87 2.87 81.77 0 0 0 3786 3751
f1h_304 f0_52 f0_157 -0.8 0.8 82.34 0 0 0 3771 3774
f1h_305 f0_7 f0_8 1.88 -1.88 86.55 0 0 0 3768 3748
f1h_306 f0_68 f0_116 0.17 -0.17 85.6 0 0 0 3815 3783
f1h_307 f0_130 f0_150 -4.89 4.89 85.29 0 0 0 3777 3775
f1h_308 f0_51 f0_171 5.74 -5.74 83.57 0 0 0 3767 3732
f1h_310 f0_110 f0_122 8.22 -8.22 81.4 0 0 0 3726 3720
f1h_311 f0_50 f0_193 3.25 -3.25 86.9 0 0 0 3783 3760
f1h_312 f0_75 f0_155 -2.97 2.97 84.15 0 0 0 3767 3773
f1h_313 f0_195 f0_196 -7.68 7.68 79.55 0 0 0 3781 3767
f1h_314 f0_89 f0_179 4.58 -4.58 83.83 0 0 0 3767 3777
f1h_316 f0_3 f0_63 -4.34 4.34 84.98 0 0 0 3770 3775
f1h_317 f0_138 f0_184 -3.5 3.5 81.2 0 0 0 3754 3779
f1h_318 f0_9 f0_142 -8.69 8.69 76.92 0 0 0 3776 3774
f1h_319 f0_23 f0_40 -4.22 4.22 86.42 0 0 0 3775 3783
f1h_320 f0_148 f0_182 4.07 -4.07 84.05 0 0 0 3750 3726
f1h_321 f0_69 f0_106 -0.83 0.83 82.22 0 0 0 3754 3784
f1h_322 f0_11 f0_62 5.15 -5.15 84.42 0 0 0 3787 3771
f1h_323 f0_55 f0_99 -5.06 5.06 80.7 0 0 0 3757 3772
f1h_324 f0_114 f0_144 2.74 -2.74 82.78 0 0 0 3793 3770
f1h_326 f0_114 f0_155 -1.81 1.81 84.49 0 0 0 3819 3805
f1h_327 f0_13 f0_47 -6.99 6.99 82.53 0 0 0 3802 3784
f1h_328 f0_56 f0_191 -4.59 4.59 82.7 0 0 0 3806 3778
f1h_330 f0_30 f0_89 -4.21 4.21 82.29 0 0 0 3803 3787
f1h_331 f0_111 f0_166 8.12 -8.12 75.25 0 0 0 3760 3764
f1h_333 f0_92 f0_188 -8.11 8.11 81.47 0 0 0 3773 3788
f1h_334 f0_14 f0_104 -3.29 3.29 86.38 0 0 0 3742 3715
f1h_335 f0_31 f0_188 0.24 -0.24 85.24 0 0 0 3773 3794
f1h_336 f0_66 f0_146 1.58 -1.58 89.48 0 0 0 3788 3775
f1h_337 f0_32 f0_97 0.58 -0.58 85.4 0 0 0 3761 3762
f1h_338 f0_119 f0_180 -1.86 1.86 86.25 0 0 0 3774 3760
f1h_339 f0_54 f0_192 14.07 -14.07 78.8 0 0 0 3773 3763
f1h_340 f0_33 f0_37 -8.67 8.67 81.19 0 0 0 3767 3754
f1h_341 f0_80 f0_138 0.45 -0.45 83.14 0 0 0 3743 3752
f1h_342 f0_92 f0_195 1.83 -1.83 86.71 0 0 0 3784 3796
f1h_343 f0_59 f0_132 0.64 -0.64 83.87 0 0 0 3747 3749
f1h_344 f0_101 f0_197 1.31 -1.31 86.08 0 0 0 3764 3793
f1h_346 f0_71 f0_200 -5.62 5.62 81.24 0 0 0 3772 3770
f1h_347 f0_20 f0_32 -3.19 3.19 85.27 0 0 0 3767 3776
f1h_349 f0_13 f0_30 7.57 -7.57 80.89 0 0 0 3777 3775
f1h_350 f0_134 f0_187 1.23 -1.23 82.68 0 0 0 3769 3764
f1h_351 f0_18 f0_167 -12.63 12.63 81.46 0 0 0 3751 3763
f1h_352 f0_45 f0_195 6.19 -6.19 89.18 0 0 0 3816 3796
f1h_354 f0_172 f0_194 -2.78 2.78 85.7 0 0 0 3754 3736
f1h_355 f0_50 f0_102 2.64 -2.64 86.13 0 0 0 3769 3751
f1h_356 f0_70 f0_195 7.39 -7.39 84.46 0 0 0 3765 3761
f1h_357 f0_36 f0_188 13.15 -13.15 75.24 0 0 0 3775 3765
f1h_358 f0_33 f0_119 -7.2 7.2 82.77 0 0 0 3812 3806
f1h_359 f0_16 f0_93 2.04 -2.04 82.71 0 0 0 3789 3774
f1h_360 f0_48 f0_84 4.89 -4.89 86.26 0 0 0 3784 3774
f1h_362 f0_93 f0_126 4.85 -4.85 87.24 0 0 0 3781 3787
f1h_363 f0_26 f0_161 6.42 -6.42 80.1 0 0 0 3805 3773
f1h_364 f0_22 f0_72 -0.39 0.39 81.59 0 0 0 3740 3788
f1h_365 f0_51 f0_81 -0.85 0.85 84.95 0 0 0 3787 3766
f1h_366 f0_26 f0_191 7.69 -7.69 77.63 0 0 0 3764 3754
f1h_367 f0_20 f0_94 -0.61 0.61 82.74 0 0 0 3769 3801
f1h_368 f0_81 f0_91 -6.82 6.82 80.4 0 0 0 3769 3792
f1h_369 f0_77 f0_191 -8.9 8.9 75.16 0 0 0 3771 3763
f1h_370 f0_30 f0_82 -2.19 2.19 85.75 0 0 0 3769 3750
f1h_373 f0_85 f0_194 -1.45 1.45 85.57 0 0 0 3740 3748
f1h_374 f0_119 f0_144 -5.43 5.43 82.01 0 0 0 3775 3763
f1h_376 f0_67 f0_97 4.72 -4.72 84.54 0 0 0 3796 3786
f1h_377 f0_41 f0_167 -3.97 3.97 87.24 0 0 0 3800 3773
f1h_378 f0_98 f0_155 4.91 -4.91 82.08 0 0 0 3755 3758
f1h_379 f0_109 f0_168 -6.8 6.8 81.31 0 0 0 3774 3794
f1h_380 f0_20 f0_47 3.18 -3.18 83.21 0 0 0 3745 3740
f1h_381 f0_106 f0_153 -0.72 0.72 85.84 0 0 0 3784 3769
f1h_382 f0_111 f0_199 3.71 -3.71 76.98 0 0 0 3739 3747
f1h_383 f0_87 f0_147 -5.81 5.81 84.88 0 0 0 3806 3810
f1h_384 f0_22 f0_146 8.29 -8.29 80.97 0 0 0 3735 3773
f1h_385 f0_13 f0_120 -0.51 0.51 81.27 0 0 0 3778 3771
f1h_388 f0_65 f0_120 4.62 -4.62 82.07 0 0 0 3768 3783
f1h_390 f0_127 f0_187 -7.82 7.82 77.11 0 0 0 3780 3762
f1h_391 f0_38 f0_83 1.33 -1.33 88.99 0 0 0 3790 3756
f1h_392 f0_79 f0_145 -10.5 10.5 79.62 0 0 0 3779 3762
f1h_393 f0_21 f0_157 -7.78 7.78 83.04 0 0 0 3775 3780
f1h_394 f0_69 f0_178 0.46 -0.46 80.75 0 0 0 3773 3797
f1h_396 f0_82 f0_150 -3.69 3.69 84.2 0 0 0 3758 3784
f1h_397 f0_67 f0_194 -3.9 3.9 78.2 0 0 0 3782 3753
f1h_399 f0_44 f0_88 -6.11 6.11 82.92 0 0 0 3747 3775
f1h_400 f0_123 f0_128 8.04 -8.04 82.11 0 0 0 3780 3779
f1h_401 f0_78 f0_83 5.44 -5.44 82.07 0 0 0 3787 3758
f1h_404 f0_14 f0_69 8.32 -8.32 85.08 0 0 0 3764 3761
f1h_405 f0_64 f0_87 1.95 -1.95 81.58 0 0 0 3774 3758
f1h_407 f0_35 f0_64 0.79 -0.79 87.45 0 0 0 3775 3790
f1h_408 f0_56 f0_148 -6.32 6.32 81.68 0 0 0 3825 3784
f1h_409 f0_25 f0_27 2.47 -2.47 83.8 0 0 0 3786 3804
f1h_410 f0_7 f0_129 8.93 -8.93 79.77 0 0 0 3757 3743
f1h_411 f0_7 f0_157 2.6 -2.6 80.19 0 0 0 3764 3759
f1h_412 f0_121 f0_141 2.35 -2.35 85.28 0 0 0 3769 3757
f1h_413 f0_9 f0_28 1.47 -1.47 84.04 0 0 0 3765 3754
f1h_414 f0_49 f0_116 -0.8 0.8 84.75 0 0 0 3809 3792
f1h_415 f0_98 f0_198 4.41 -4.41 80.26 0 0 0 3749 3752
f1h_416 f0_26 f0_175 0.7 -0.7 84 0 0 0 3791 3772
f1h_418 f0_3 f0_67 4.09 -4.09 84.28 0 0 0 3769 3793
f1h_419 f0_51 f0_162 1.2 -1.2 85.1 0 0 0 3792 3769
f1h_421 f0_66 f0_139 0.21 -0.21 87.21 0 0 0 3810 3808
f1h_422 f0_26 f0_199 0.22 -0.22 82.82 0 0 0 3786 3780
f1h_423 f0_56 f0_129 -3.91 3.91 81.58 0 0 0 3786 3760
f1h_424 f0_17 f0_45 -4.09 4.09 85.21 0 0 0 3794 3814
f1h_425 f0_149 f0_176 -2.56 2.56 82.75 0 0 0 3763 3749
f1h_426 f0_169 f0_178 5.7 -5.7 81.59 0 0 0 3785 3789
f1h_427 f0_101 f0_120 12.99 -12.99 82.18 0 0 0 3777 3772
f1h_428 f0_185 f0_186 4.89 -4.89 80.17 0 0 0 3770 3779
f1h_429 f0_46 f0_128 7.59 -7.59 79.72 0 0 0 3714 3744
f1h_430 f0_83 f0_85 -6.53 6.53 83.33 0 0 0 3770 3756
f1h_433 f0_102 f0_159 -0.35 0.35 83.3 0 0 0 3764 3764
f1h_434 f0_35 f0_130 5.45 -5.45 82.02 0 0 0 3800 3812
f1h_435 f0_85 f0_171 -5.6 5.6 79.11 0 0 0 3744 3738
f1h_436 f0_157 f0_181 3.44 -3.44 78.84 0 0 0 3767 3745
f1h_437 f0_47 f0_159 5.1 -5.1 82.99 0 0 0 3780 3780
f1h_438 f0_113 f0_197 -6.08 6.08 79.75 0 0 0 3760 3807
f1h_439 f0_1 f0_200 4.23 -4.23 80.73 0 0 0 3769 3773
f1h_440 f0_122 f0_196 3.84 -3.84 82.36 0 0 0 3749 3762
f1h_441 f0_14 f0_35 -15.85 15.85 78.07 0 0 0 3765 3779
f1h_444 f0_30 f0_160 -3.25 3.25 88.46 0 0 0 3760 3761
f1h_446 f0_30 f0_173 -2.44 2.44 88.73 0 0 0 3775 3771
f1h_448 f0_5 f0_61 0.88 -0.88 87.13 0 0 0 3750 3791
f1h_449 f0_158 f0_177 2.93 -2.93 85.69 0 0 0 3784 3771
f1h_450 f0_38 f0_103 1.79 -1.79 83.99 0 0 0 3786 3773
f1h_451 f0_24 f0_86 0.13 -0.13 81.52 0 0 0 3795 3790
f1h_452 f0_53 f0_118 4.34 -4.34 83.99 0 0 0 3783 3777
f1h_453 f0_34 f0_145 -2.71 2.71 84.6 0 0 0 3795 3772
f1h_454 f0_18 f0_44 -6.33 6.33 80.86 0 0 0 3759 3757
f1h_455 f0_130 f0_150 -9.99 9.99 82.51 0 0 0 3781 3779
f1h_456 f0_157 f0_185 8.49 -8.49 81.61 0 0 0 3778 3773
f1h_457 f0_124 f0_140 3.2 -3.2 83.13 0 0 0 3781 3780
f1h_458 f0_34 f0_74 -2.81 2.81 84.61 0 0 0 3796 3770
f1h_459 f0_123 f0_163 -0.83 0.83 80.37 0 0 0 3794 3790
f1h_460 f0_128 f0_182 -5.68 5.68 81.59 0 0 0 3775 3735
f1h_462 f0_182 f0_193 2.16 -2.16 81.08 0 0 0 3740 3760
f1h_463 f0_85 f0_189 -1.32 1.32 86.25 0 0 0 3743 3788
f1h_464 f0_78 f0_167 -5.13 5.13 80.67 0 0 0 3769 3753
f1h_465 f0_37 f0_65 -1.21 1.21 85.16 0 0 0 3777 3772
f1h_466 f0_178 f0_187 0.44 -0.44 80.36 0 0 0 3756 3748
f1h_467 f0_85 f0_132 3.47 -3.47 82.47 0 0 0 3743 3765
f1h_468 f0_35 f0_161 1.13 -1.13 78.95 0 0 0 3809 3778
f1h_469 f0_120 f0_133 6.01 -6.01 80.97 0 0 0 3765 3775
f1h_470 f0_86 f0_192 4.5 -4.5 86.01 0 0 0 3760 3761
f1h_472 f0_83 f0_152 -10.18 10.18 78.25 0 0 0 3725 3750
f1h_473 f0_26 f0_92 15.18 -15.18 72.4 0 0 0 3736 3732
f1h_474 f0_31 f0_59 -0.66 0.66 87.43 0 0 0 3761 3776
f1h_475 f0_42 f0_82 -3.14 3.14 81.44 0 0 0 3763 3753
f1h_476 f0_89 f0_158 -1.63 1.63 82.49 0 0 0 3767 3781
f1h_477 f0_33 f0_42 -1.91 1.91 87.61 0 0 0 3807 3790
f1h_478 f0_63 f0_157 -3.63 3.63 78.53 0 0 0 3772 3774
f1h_480 f0_76 f0_194 4.24 -4.24 82.73 0 0 0 3786 3765
f1h_481 f0_82 f0_150 0.04 -0.04 81.79 0 0 0 3747 3775
f1h_482 f0_89 f0_184 -1.19 1.19 78.54 0 0 0 3756 3783
f1h_483 f0_45 f0_66 2.16 -2.16 87.77 0 0 0 3812 3801
f1h_484 f0_76 f0_172 -2.45 2.45 82.3 0 0 0 3763 3752
f1h_485 f0_122 f0_150 3.86 -3.86 81.21 0 0 0 3765 3801
f1h_486 f0_138 f0_141 -4.01 4.01 83.03 0 0 0 3779 3756
f1h_487 f0_135 f0_170 7.66 -7.66 83.39 0 0 0 3802 3772
f1h_488 f0_21 f0_33 1.47 -1.47 88.16 0 0 0 3764 3776
f1h_489 f0_22 f0_52 5.32 -5.32 85.9 0 0 0 3762 3787
f1h_490 f0_13 f0_146 -0.23 0.23 86.37 0 0 0 3774 3775
f1h_492 f0_170 f0_197 4.99 -4.99 83.47 0 0 0 3750 3789
f1h_493 f0_72 f0_105 -2.66 2.66 85.21 0 0 0 3790 3789
f1h_494 f0_35 f0_48 0.4 -0.4 86.61 0 0 0 3801 3794
f1h_495 f0_34 f0_107 1.7 -1.7 80.71 0 0 0 3813 3758
f1h_496 f0_78 f0_148 -6.22 6.22 81.78 0 0 0 3781 3761
f1h_498 f0_148 f0_198 -0.32 0.32 83.21 0 0 0 3789 3797
f1h_499 f0_12 f0_14 3.45 -3.45 86.59 0 0 0 3775 3786
f1w_3 f0_700 f0_850 -3.63 3.63 80.48 0 0 0 3801 3771
f1w_8 f0_295 f0_823 0.55 -0.55 84.97 0 0 0 3792 3773
f1w_9 f0_806 f0_997 -2.7 2.7 82.19 0 0 0 3750 3767
f1w_10 f0_712 f0_966 0.16 -0.16 81.12 0 0 0 3766 3749
f1w_14 f0_525 f0_612 0.52 -0.52 83.25 0 0 0 3741 3783
f1w_16 f0_268 f0_726 -2.38 2.38 80.37 0 0 0 3807 3782
f1w_18 f0_252 f0_314 -6.32 6.32 84.66 0 0 0 3808 3752
f1w_21 f0_607 f0_612 -3.56 3.56 85.23 0 0 0 3748 3784
f1w_24 f0_480 f0_957 -2.52 2.52 79.63 0 0 0 3778 3749
f1w_26 f0_483 f0_624 -2.84 2.84 90.46 0 0 0 3803 3784
f1w_30 f0_354 f0_849 1.71 -1.71 82.43 0 0 0 3781 3771
f1w_32 f0_757 f0_911 -3.45 3.45 85.69 0 0 0 3774 3765
f1w_34 f0_293 f0_860 -4.69 4.69 85.33 0 0 0 3777 3782
f1w_35 f0_657 f0_766 -1.22 1.22 86.78 0 0 0 3757 3757
f1w_39 f0_225 f0_425 2.26 -2.26 84.21 0 0 0 3763 3787
f1w_41 f0_477 f0_988 -2.87 2.87 82.79 0 0 0 3801 3773
f1w_43 f0_308 f0_371 -1.87 1.87 83.08 0 0 0 3760 3747
f1w_45 f0_778 f0_994 6.51 -6.51 84.61 0 0 0 3715 3779
f1w_47 f0_484 f0_702 -0.84 0.84 81.19 0 0 0 3774 3729
f1w_48 f0_491 f0_831 3.01 -3.01 82.91 0 0 0 3769 3754
f1w_51 f0_542 f0_897 -3.16 3.16 82.24 0 0 0 3770 3753
f1w_55 f0_890 f0_941 5.96 -5.96 83.04 0 0 0 3747 3793
f1w_56 f0_224 f0_529 -3.98 3.98 75.78 0 0 0 3803 3765
f1w_59 f0_590 f0_591 4.12 -4.12 84.24 0 0 0 3751 3792
f1w_61 f0_281 f0_602 0.03 -0.03 86.58 0 0 0 3804 3781
f1w_64 f0_504 f0_929 -0.66 0.66 82.27 0 0 0 3749 3729
f1w_71 f0_459 f0_991 1.99 -1.99 83.23 0 0 0 3727 3752
f1w_72 f0_428 f0_776 0.4 -0.4 86.68 0 0 0 3757 3782
f1w_73 f0_219 f0_535 -4.99 4.99 84.15 0 0 0 3759 3785
f1w_74 f0_244 f0_756 0.92 -0.92 86.11 0 0 0 3803 3793
f1w_76 f0_773 f0_886 -2.91 2.91 82.21 0 0 0 3745 3758
f1w_77 f0_362 f0_780 -1.25 1.25 86.43 0 0 0 3786 3767
f1w_78 f0_611 f0_870 -7.86 7.86 80.87 0 0 0 3753 3787
f1w_79 f0_569 f0_830 -2.12 2.12 83.17 0 0 0 3762 3763
f1w_84 f0_583 f0_992 -0.37 0.37 85.54 0 0 0 3760 3757
f1w_85 f0_211 f0_992 -0.51 0.51 84.39 0 0 0 3730 3737
f1w_86 f0_831 f0_903 -4.79 4.79 82.95 0 0 0 3761 3782
f1w_87 f0_661 f0_898 -1.74 1.74 81.54 0 0 0 3761 3782
f1w_88 f0_293 f0_579 -5.8 5.8 87.26 0 0 0 3785 3802
f1w_89 f0_442 f0_631 -1.29 1.29 80.4 0 0 0 3780 3772
f1w_90 f0_491 f0_644 -1.02 1.02 87.37 0 0 0 3763 3778
f1w_91 f0_362 f0_391 -1.32 1.32 84.01 0 0 0 3767 3773
f1w_92 f0_347 f0_818 -2.41 2.41 77.74 0 0 0 3779 3755
f1w_97 f0_322 f0_329 0.41 -0.41 81.85 0 0 0 3749 3763
f1w_102 f0_432 f0_820 -0.28 0.28 85.81 0 0 0 3780 3814
f1w_103 f0_650 f0_832 -0.96 0.96 88.77 0 0 0 3784 3774
f1w_105 f0_558 f0_632 -2.93 2.93 82.29 0 0 0 3774 3814
f1w_106 f0_655 f0_714 2.11 -2.11 83.16 0 0 0 3766 3748
f1w_108 f0_413 f0_476 3.61 -3.61 87.98 0 0 0 3767 3775
f1w_112 f0_296 f0_970 -3.62 3.62 80.75 0 0 0 3750 3742
f1w_113 f0_622 f0_845 -0.35 0.35 84.96 0 0 0 3725 3727
f1w_117 f0_411 f0_795 9.4 -9.4 84.69 0 0 0 3749 3764
f1w_119 f0_935 f0_973 13.5 -13.5 76.05 0 0 0 3777 3775
f1w_121 f0_938 f0_999 -7.94 7.94 81.62 0 0 0 3783 3770
f1w_124 f0_213 f0_877 -0.14 0.14 86.35 0 0 0 3803 3799
f1w_127 f0_643 f0_666 7.11 -7.11 85.47 0 0 0 3801 3779
f1w_131 f0_224 f0_574 -0.05 0.05 84.71 0 0 0 3806 3768
f1w_135 f0_678 f0_999 -0.62 0.62 85.49 0 0 0 3781 3765
f1w_136 f0_247 f0_794 1.12 -1.12 80.2 0 0 0 3762 3776
f1w_139 f0_544 f0_907 7.45 -7.45 79.5 0 0 0 3765 3762
f1w_140 f0_352 f0_621 3.71 -3.71 81.94 0 0 0 3772 3779
f1w_141 f0_421 f0_683 3.66 -3.66 86 0 0 0 3761 3760
f1w_146 f0_376 f0_766 3.5 -3.5 84.57 0 0 0 3744 3751
f1w_147 f0_677 f0_705 -5.15 5.15 81.54 0 0 0 3758 3768
f1w_149 f0_631 f0_695 4.63 -4.63 80.19 0 0 0 3768 3749
f1w_150 f0_898 f0_924 5.96 -5.96 79.24 0 0 0 3788 3771
f1w_151 f0_264 f0_717 -3.1 3.1 81.47 0 0 0 3777 3773
f1w_152 f0_713 f0_947 5.14 -5.14 79.3 0 0 0 3796 3787
f1w_153 f0_804 f0_818 6.66 -6.66 87.36 0 0 0 3797 3751
f1w_155 f0_694 f0_953 -1.68 1.68 81.4 0 0 0 3804 3772
f1w_156 f0_293 f0_495 3.25 -3.25 82.49 0 0 0 3778 3772
f1w_157 f0_227 f0_725 1.56 -1.56 83.17 0 0 0 3781 3794
f1w_160 f0_442 f0_580 -1.04 1.04 85.61 0 0 0 3770 3755
f1w_164 f0_904 f0_997 -4.09 4.09 82.69 0 0 0 3749 3757
f1w_165 f0_312 f0_806 -6.66 6.66 84.42 0 0 0 3803 3760
f1w_166 f0_374 f0_770 -1.43 1.43 83.33 0 0 0 3777 3747
f1w_167 f0_334 f0_799 -7.94 7.94 79.53 0 0 0 3766 3750
f1w_168 f0_773 f0_897 5.67 -5.67 77.63 0 0 0 3745 3751
f1w_170 f0_515 f0_884 2.23 -2.23 82.89 0 0 0 3786 3759
f1w_174 f0_383 f0_556 1.49 -1.49 79.98 0 0 0 3770 3799
f1w_177 f0_445 f0_591 3.1 -3.1 85.99 0 0 0 3783 3798
f1w_180 f0_232 f0_748 3.63 -3.63 82.38 0 0 0 3752 3748
f1w_183 f0_490 f0_600 -5.81 5.81 79.29 0 0 0 3796 3782
f1w_186 f0_472 f0_928 5.27 -5.27 81.46 0 0 0 3757 3772
f1w_187 f0_283 f0_503 -7.13 7.13 83.59 0 0 0 3766 3776
f1w_190 f0_373 f0_622 7.46 -7.46 80.8 0 0 0 3745 3764
f1w_191 f0_231 f0_452 4.19 -4.19 81.52 0 0 0 3772 3790
f1w_193 f0_312 f0_964 -4.65 4.65 82.83 0 0 0 3797 3771
f1w_198 f0_471 f0_925 8.61 -8.61 81.18 0 0 0 3763 3755
f1w_199 f0_528 f0_740 -2.62 2.62 81.8 0 0 0 3784 3756
f1w_200 f0_477 f0_483 7.57 -7.57 80.69 0 0 0 3795 3782
f1w_201 f0_982 f0_986 2.92 -2.92 85.31 0 0 0 3785 3804
f1w_202 f0_715 f0_780 2.37 -2.37 80.69 0 0 0 3770 3768
f1w_206 f0_304 f0_453 -2.93 2.93 79.94 0 0 0 3767 3788
f1w_209 f0_686 f0_793 -2.1 2.1 84.44 0 0 0 3804 3801
f1w_211 f0_540 f0_983 -1.02 1.02 83.37 0 0 0 3785 3766
f1w_213 f0_476 f0_694 -5.3 5.3 85.94 0 0 0 3779 3794
f1w_217 f0_263 f0_851 -3.97 3.97 83.79 0 0 0 3784 3753
f1w_218 f0_256 f0_894 -1.12 1.12 89.6 0 0 0 3783 3767
f1w_220 f0_302 f0_640 -0.49 0.49 82.01 0 0 0 3803 3776
f1w_222 f0_237 f0_528 -3.74 3.74 83.9 0 0 0 3758 3779
f1w_223 f0_365 f0_506 4.71 -4.71 82.15 0 0 0 3777 3776
f1w_224 f0_741 f0_801 -5.17 5.17 78.93 0 0 0 3749 3766
f1w_225 f0_820 f0_845 -3.94 3.94 82.91 0 0 0 3777 3754
f1w_229 f0_605 f0_680 6.37 -6.37 79.12 0 0 0 3745 3748
f1w_230 f0_708 f0_737 -2.95 2.95 82.49 0 0 0 3782 3767
f1w_232 f0_246 f0_925 6.74 -6.74 89.21 0 0 0 3756 3758
f1w_233 f0_757 f0_822 5.56 -5.56 84.67 0 0 0 3795 3799
f1w_234 f0_467 f0_561 3.88 -3.88 79.01 0 0 0 3786 3778
f1w_241 f0_758 f0_856 -3.98 3.98 86.49 0 0 0 3767 3736
f1w_247 f0_678 f0_966 -2.17 2.17 85.58 0 0 0 3756 3741
f1w_248 f0_675 f0_994 -1.81 1.81 86.53 0 0 0 3724 3756
f1w_249 f0_471 f0_924 -1.9 1.9 81.23 0 0 0 3778 3765
f1w_251 f0_487 f0_799 9.71 -9.71 78.42 0 0 0 3756 3766
f1w_252 f0_537 f0_705 7.42 -7.42 78.91 0 0 0 3765 3771
f1w_257 f0_434 f0_915 -12.07 12.07 83.23 0 0 0 3773 3763
f1w_259 f0_206 f0_631 0.94 -0.94 81.98 0 0 0 3798 3776
f1w_260 f0_398 f0_925 -0.34 0.34 84.57 0 0 0 3807 3806
f1w_261 f0_585 f0_881 0.27 -0.27 84.52 0 0 0 3759 3769
f1w_262 f0_319 f0_473 2.46 -2.46 80.98 0 0 0 3797 3785
f1w_264 f0_454 f0_470 6.01 -6.01 87.01 0 0 0 3797 3789
f1w_265 f0_317 f0_966 3.96 -3.96 85.9 0 0 0 3813 3777
f1w_266 f0_241 f0_503 8.63 -8.63 80.97 0 0 0 3789 3769
f1w_270 f0_420 f0_883 -6.03 6.03 78.93 0 0 0 3787 3772
f1w_271 f0_606 f0_992 2.97 -2.97 83.15 0 0 0 3798 3768
f1w_272 f0_372 f0_435 2.42 -2.42 80.97 0 0 0 3785 3749
f1w_273 f0_790 f0_983 5.34 -5.34 85.92 0 0 0 3786 3772
f1w_275 f0_653 f0_709 2.31 -2.31 81.58 0 0 0 3760 3771
f1w_276 f0_556 f0_595 -0.99 0.99 81.84 0 0 0 3796 3780
f1w_277 f0_289 f0_700 2.01 -2.01 80.88 0 0 0 3759 3785
f1w_278 f0_243 f0_432 3.61 -3.61 81.97 0 0 0 3757 3740
f1w_281 f0_244 f0_394 2.07 -2.07 81.86 0 0 0 3782 3738
f1w_283 f0_201 f0_674 -3.94 3.94 85.58 0 0 0 3791 3793
f1w_284 f0_299 f0_976 0.24 -0.24 87.32 0 0 0 3755 3758
f1w_287 f0_412 f0_808 -0.2 0.2 89.02 0 0 0 3808 3791
f1w_288 f0_432 f0_978 5.77 -5.77 85.12 0 0 0 3737 3764
f1w_289 f0_294 f0_947 -0.41 0.41 83.51 0 0 0 3779 3780
f1w_290 f0_582 f0_813 -4.29 4.29 78.24 0 0 0 3739 3742
f1w_291 f0_649 f0_719 -3.29 3.29 81.1 0 0 0 3726 3747
f1w_293 f0_554 f0_912 3.37 -3.37 86.58 0 0 0 3777 3762
f1w_294 f0_536 f0_999 3.54 -3.54 78.91 0 0 0 3757 3753
f1w_296 f0_617 f0_682 -4.78 4.78 80.62 0 0 0 3784 3775
f1w_298 f0_238 f0_617 -7.01 7.01 83.79 0 0 0 3798 3775
f1w_300 f0_409 f0_614 -6.36 6.36 81.56 0 0 0 3769 3786
f1w_301 f0_509 f0_712 -2.26 2.26 85.2 0 0 0 3771 3801
f1w_302 f0_901 f0_910 10.84 -10.84 78.14 0 0 0 3768 3762
f1w_304 f0_683 f0_732 -3.31 3.31 79.54 0 0 0 3767 3756
f1w_306 f0_585 f0_897 3.67 -3.67 80.35 0 0 0 3778 3757
f1w_309 f0_329 f0_411 0.16 -0.16 91.44 0 0 0 3792 3762
f1w_311 f0_530 f0_978 -11.92 11.92 76.63 0 0 0 3775 3775
f1w_312 f0_383 f0_655 0.59 -0.59 84.9 0 0 0 3747 3758
f1w_313 f0_823 f0_957 -4.24 4.24 80.88 0 0 0 3748 3741
f1w_316 f0_433 f0_629 2.29 -2.29 82.41 0 0 0 3799 3792
f1w_319 f0_537 f0_793 0.86 -0.86 82.13 0 0 0 3766 3791
f1w_320 f0_594 f0_694 -4.1 4.1 80.23 0 0 0 3782 3797
f1w_321 f0_542 f0_945 5.05 -5.05 81.49 0 0 0 3801 3778
f1w_322 f0_414 f0_579 -4.48 4.48 82.26 0 0 0 3730 3788
f1w_323 f0_690 f0_976 7.55 -7.55 83.32 0 0 0 3734 3730
f1w_326 f0_419 f0_676 1.75 -1.75 79.71 0 0 0 3758 3782
f1w_329 f0_564 f0_694 -9.2 9.2 83.27 0 0 0 3781 3788
f1w_331 f0_669 f0_690 -7.66 7.66 79.93 0 0 0 3778 3770
f1w_333 f0_228 f0_319 -3.01 3.01 84.26 0 0 0 3775 3794
f1w_335 f0_627 f0_937 0.12 -0.12 81.57 0 0 0 3738 3744
f1w_343 f0_873 f0_968 -3.3 3.3 89.47 0 0 0 3825 3800
f1w_345 f0_543 f0_901 0.67 -0.67 83.2 0 0 0 3787 3785
f1w_348 f0_283 f0_998 7.31 -7.31 83.03 0 0 0 3766 3779
f1w_351 f0_234 f0_628 -3.55 3.55 78.78 0 0 0 3760 3781
f1w_353 f0_481 f0_802 10.06 -10.06 80.75 0 0 0 3774 3807
f1w_357 f0_353 f0_867 -0.85 0.85 80.62 0 0 0 3764 3785
f1w_360 f0_430 f0_522 3.95 -3.95 85.16 0 0 0 3762 3764
f1w_364 f0_410 f0_950 0.56 -0.56 86.09 0 0 0 3751 3720
f1w_369 f0_502 f0_560 8.76 -8.76 78.98 0 0 0 3783 3771
f1w_370 f0_910 f0_981 -8.12 8.12 78.04 0 0 0 3768 3793
f1w_371 f0_730 f0_838 -2.16 2.16 84.91 0 0 0 3747 3767
f1w_372 f0_237 f0_376 -6.8 6.8 82.47 0 0 0 3733 3751
f1w_373 f0_219 f0_879 3.4 -3.4 80.23 0 0 0 3764 3786
f1w_374 f0_258 f0_876 -5.89 5.89 81.34 0 0 0 3764 3768
f1w_375 f0_612 f0_769 -13.48 13.48 79.47 0 0 0 3795 3773
f1w_376 f0_502 f0_807 -10.74 10.74 78.95 0 0 0 3797 3779
f1w_377 f0_347 f0_360 -3.28 3.28 84.63 0 0 0 3755 3765
f1w_378 f0_397 f0_675 -2.79 2.79 83.81 0 0 0 3788 3773
f1w_379 f0_444 f0_977 3.46 -3.46 86.24 0 0 0 3803 3778
f1w_381 f0_239 f0_248 3.29 -3.29 82.09 0 0 0 3755 3751
f1w_386 f0_278 f0_876 -2.87 2.87 81.45 0 0 0 3777 3763
f1w_389 f0_664 f0_958 -7.67 7.67 83.85 0 0 0 3771 3782
f1w_390 f0_857 f0_895 -3.26 3.26 85.28 0 0 0 3786 3765
f1w_393 f0_274 f0_295 1.43 -1.43 78.25 0 0 0 3739 3755
f1w_399 f0_596 f0_879 -2.89 2.89 81.57 0 0 0 3745 3785
f1w_400 f0_429 f0_470 -5.75 5.75 81.88 0 0 0 3765 3786
f1w_401 f0_312 f0_507 -2.13 2.13 79.11 0 0 0 3792 3773
f1w_406 f0_334 f0_658 -2.56 2.56 82.08 0 0 0 3774 3754
f1w_407 f0_463 f0_865 5.18 -5.18 82.22 0 0 0 3769 3729
f1w_410 f0_543 f0_598 -5.96 5.96 81.22 0 0 0 3773 3779
f1w_411 f0_213 f0_395 -2.99 2.99 83.4 0 0 0 3775 3795
f1w_413 f0_807 f0_893 -2.2 2.2 85.13 0 0 0 3799 3812
f1w_414 f0_454 f0_620 2.24 -2.24 85.49 0 0 0 3787 3782
f1w_415 f0_562 f0_564 -3.1 3.1 83.85 0 0 0 3782 3786
f1w_416 f0_221 f0_488 -0.53 0.53 82.82 0 0 0 3774 3787
f1w_417 f0_360 f0_479 7.1 -7.1 79.51 0 0 0 3804 3798
f1w_420 f0_298 f0_745 6.25 -6.25 84.59 0 0 0 3761 3771
f1w_422 f0_378 f0_519 -1.42 1.42 80.99 0 0 0 3752 3770
f1w_423 f0_214 f0_413 7.34 -7.34 80.08 0 0 0 3739 3744
f1w_425 f0_686 f0_786 -6.71 6.71 81.49 0 0 0 3795 3773
f1w_426 f0_228 f0_802 0.53 -0.53 81.72 0 0 0 3750 3798
f1w_427 f0_409 f0_831 1.06 -1.06 84.57 0 0 0 3773 3767
f1w_433 f0_239 f0_556 -3.77 3.77 80.9 0 0 0 3738 3769
f1w_436 f0_674 f0_774 1.45 -1.45 84.5 0 0 0 3790 3809
f1w_438 f0_228 f0_822 11.1 -11.1 80 0 0 0 3762 3789
f1w_441 f0_240 f0_519 -10.71 10.71 79.52 0 0 0 3767 3787
f1w_442 f0_326 f0_705 4.61 -4.61 84.54 0 0 0 3747 3755
f1w_449 f0_680 f0_803 4.35 -4.35 84.35 0 0 0 3777 3782
f1w_450 f0_686 f0_898 -2.7 2.7 81.57 0 0 0 3824 3799
f1w_451 f0_504 f0_910 -4.8 4.8 82.92 0 0 0 3775 3766
f1w_452 f0_359 f0_398 -5.16 5.16 84.1 0 0 0 3780 3791
f1w_453 f0_254 f0_907 0.67 -0.67 87.92 0 0 0 3814 3808
f1w_457 f0_692 f0_822 6.82 -6.82 84.29 0 0 0 3767 3799
f1w_458 f0_222 f0_640 -13.32 13.32 77.41 0 0 0 3782 3768
f1w_459 f0_860 f0_953 -7.87 7.87 84.67 0 0 0 3798 3775
f1w_462 f0_627 f0_986 -5.91 5.91 84.04 0 0 0 3764 3787
f1w_463 f0_582 f0_669 4.77 -4.77 80.78 0 0 0 3765 3762
f1w_464 f0_322 f0_808 8.51 -8.51 77.83 0 0 0 3753 3756
f1w_465 f0_246 f0_628 -1.87 1.87 81.35 0 0 0 3779 3776
f1w_466 f0_893 f0_932 7.88 -7.88 82.98 0 0 0 3792 3772
f1w_467 f0_341 f0_684 -3.64 3.64 84.17 0 0 0 3756 3769
f1w_472 f0_285 f0_981 0.02 -0.02 86.48 0 0 0 3775 3791
f1w_473 f0_260 f0_464 9.2 -9.2 79.14 0 0 0 3797 3812
f1w_474 f0_582 f0_806 1.85 -1.85 85.75 0 0 0 3766 3756
f1w_476 f0_572 f0_829 -3.43 3.43 83.68 0 0 0 3791 3772
f1w_479 f0_218 f0_231 -6.94 6.94 79.76 0 0 0 3773 3779
f1w_483 f0_412 f0_476 8.48 -8.48 80.95 0 0 0 3781 3759
f1w_484 f0_409 f0_977 -1.68 1.68 84.56 0 0 0 3758 3791
f1w_485 f0_466 f0_538 -2.67 2.67 84.96 0 0 0 3755 3776
f1w_486 f0_533 f0_946 -5.97 5.97 80.16 0 0 0 3786 3782
f1w_489 f0_282 f0_707 -6.9 6.9 79.94 0 0 0 3745 3724
f1w_491 f0_433 f0_847 -3.01 3.01 85.84 0 0 0 3791 3763
f1w_493 f0_371 f0_790 3.53 -3.53 86.6 0 0 0 3740 3762
f1w_496 f0_571 f0_595 0.05 -0.05 86.51 0 0 0 3756 3784
f1w_499 f0_825 f0_947 7.37 -7.37 83.05 0 0 0 3779 3763
f2_2 f1h_83 f1w_18 5.98 -5.98 82.03 0 0 0 3767 3771
f2_4 f1h_189 f1h_275 -6.95 6.95 82.36 0 0 0 3764 3781
f2_7 f1h_360 f1w_451 -7.94 7.94 83.81 0 0 0 3773 3768
f2_9 f1h_330 f1w_404 -0.84 0.84 83.75 0 0 0 3786 3738
f2_11 f1w_278 f1w_462 -10.59 10.59 77.24 0 0 0 3746 3758
f2_14 f1h_189 f1w_1 9.88 -9.88 81.93 0 0 0 3782 3827
f2_15 f1h_232 f1h_237 1.69 -1.69 83.63 0 0 0 3784 3791
f2_16 f1h_254 f1w_465 -1.17 1.17 83.97 0 0 0 3794 3793
f2_19 f1w_155 f1w_489 -1.22 1.22 84.14 0 0 0 3800 3749
f2_20 f1w_411 f1w_482 5.44 -5.44 84.67 0 0 0 3775 3789
f2_21 f1h_157 f1h_225 -6 6 80.16 0 0 0 3789 3784
f2_22 f1h_258 f1w_398 -1.53 1.53 83.07 0 0 0 3794 3787
f2_23 f1h_303 f1w_271 4.9 -4.9 83.74 0 0 0 3778 3786
f2_26 f1h_161 f1w_332 1.86 -1.86 87.42 0 0 0 3720 3771
f2_28 f1h_115 f1w_355 11.65 -11.65 78.92 0 0 0 3758 3785
f2_29 f1h_409 f1w_190 5.2 -5.2 82.08 0 0 0 3784 3750
f2_31 f1h_157 f1h_338 -4.72 4.72 86.52 0 0 0 3809 3778
f2_33 f1w_45 f1w_441 6.09 -6.09 81.74 0 0 0 3759 3784
f2_38 f1w_332 f1w_492 0.25 -0.25 79.99 0 0 0 3769 3772
f2_43 f1h_330 f1w_21 -0.13 0.13 81.22 0 0 0 3811 3771
f2_45 f1h_201 f1w_157 5.77 -5.77 82.33 0 0 0 3716 3767
f2_48 f1h_142 f1w_87 -2.09 2.09 82.48 0 0 0 3777 3788
f2_51 f1h_263 f1h_303 0.48 -0.48 83.75 0 0 0 3769 3760
f2_55 f1h_148 f1w_353 1.01 -1.01 85.42 0 0 0 3784 3764
f2_57 f1w_23 f1w_448 -1.88 1.88 85.72 0 0 0 3748 3761
f2_58 f1h_215 f1w_500 -5.06 5.06 81.9 0 0 0 3747 3755
f2_60 f1w_128 f1w_438 3.78 -3.78 87.25 0 0 0 3776 3764
f2_67 f1h_446 f1w_73 0.07 -0.07 91.55 0 0 0 3766 3772
f2_71 f1h_169 f1h_205 -2.05 2.05 83.16 0 0 0 3798 3800
f2_72 f1h_232 f1h_350 -6.44 6.44 84.38 0 0 0 3752 3768
f2_75 f1w_128 f1w_364 -3.99 3.99 80.87 0 0 0 3782 3738
f2_76 f1h_328 f1w_342 -11.73 11.73 81.03 0 0 0 3784 3766
f2_78 f1w_60 f1w_283 8.43 -8.43 82.51 0 0 0 3758 3784
f2_79 f1h_327 f1w_493 0.04 -0.04 83.01 0 0 0 3813 3774
f2_80 f1h_338 f1w_102 -7.78 7.78 78.23 0 0 0 3755 3791
f2_87 f1w_94 f1w_439 -8.82 8.82 84.14 0 0 0 3743 3743
f2_88 f1h_200 f1h_444 3.15 -3.15 85.85 0 0 0 3756 3767
f2_90 f1h_19 f1w_178 8.11 -8.11 79.54 0 0 0 3784 3765
f2_92 f1w_324 f1w_392 0.15 -0.15 83.37 0 0 0 3766 3746
f2_93 f1h_228 f1h_352 9.5 -9.5 83.04 0 0 0 3797 3805
f2_95 f1h_63 f1h_115 3.45 -3.45 81.77 0 0 0 3805 3770
f2_99 f1h_127 f1w_399 7.38 -7.38 76.77 0 0 0 3794 3783
f2_101 f1h_178 f1w_357 -1.32 1.32 85.58 0 0 0 3763 3769
f2_102 f1h_121 f1h_268 -1.23 1.23 85.04 0 0 0 3774 3806
f2_103 f1h_294 f1w_355 -0.97 0.97 83.52 0 0 0 3757 3775
f2_106 f1h_165 f1w_293 6.2 -6.2 82.33 0 0 0 3781 3772
f2_107 f1h_127 f1h_158 13.26 -13.26 79.87 0 0 0 3797 3797
f2_109 f1h_227 f1w_51 -1.19 1.19 89.83 0 0 0 3776 3778
f2_112 f1h_476 f1w_156 -7.91 7.91 76.75 0 0 0 3787 3796
f2_113 f1h_357 f1w_345 0.61 -0.61 84.4 0 0 0 3793 3813
f2_115 f1h_487 f1w_183 2.35 -2.35 81.56 0 0 0 3768 3768
f2_116 f1h_426 f1w_275 0.94 -0.94 85.78 0 0 0 3798 3779
f2_117 f1h_323 f1w_211 -6.03 6.03 79.81 0 0 0 3774 3788
f2_118 f1h_422 f1h_434 0.63 -0.63 85.91 0 0 0 3773 3792
f2_119 f1h_198 f1w_208 7.96 -7.96 80.86 0 0 0 3784 3772
f2_121 f1h_3 f1h_95 -3.13 3.13 84.72 0 0 0 3785 3745
f2_122 f1h_109 f1h_448 -2.13 2.13 112.09 0 0 0 3784 3779
f2_123 f1h_452 f1w_259 3.41 -3.41 82.57 0 0 0 3766 3752
f2_128 f1h_365 f1w_272 -4.68 4.68 83.73 0 0 0 3785 3791
f2_132 f1h_73 f1h_351 1.14 -1.14 86.18 0 0 0 3780 3775
f2_134 f1h_321 f1w_61 13.84 -13.84 76.7 0 0 0 3746 3768
f2_137 f1w_162 f1w_271 -0.84 0.84 85.23 0 0 0 3761 3784
f2_139 f1w_183 f1w_265 1.34 -1.34 84.63 0 0 0 3815 3814
f2_140 f1w_10 f1w_377 -11.1 11.1 80.36 0 0 0 3762 3767
f2_143 f1h_176 f1h_466 -2.75 2.75 84.87 0 0 0 3778 3743
f2_145 f1h_221 f1w_211 9.35 -9.35 78.1 0 0 0 3781 3763
f2_147 f1h_342 f1w_63 -5.18 5.18 86.06 0 0 0 3773 3760
f2_149 f1h_294 f1w_357 9.67 -9.67 79.95 0 0 0 3768 3776
f2_150 f1h_250 f1h_384 6.81 -6.81 78.35 0 0 0 3800 3776
f2_152 f1w_251 f1w_298 -9.31 9.31 78.52 0 0 0 3786 3790
f2_153 f1h_268 f1h_306 -6.51 6.51 83.65 0 0 0 3787 3793
f2_154 f1h_462 f1w_492 -0.53 0.53 80.04 0 0 0 3762 3765
f2_155 f1w_35 f1w_304 -9.03 9.03 81.79 0 0 0 3777 3780
f2_156 f1h_122 f1w_187 -2.51 2.51 86.6 0 0 0 3784 3776
f2_157 f1h_180 f1h_310 7.31 -7.31 75.1 0 0 0 3784 3751
f2_160 f1h_46 f1h_83 0.53 -0.53 80.89 0 0 0 3775 3761
f2_161 f1w_206 f1w_399 2.3 -2.3 80.53 0 0 0 3771 3773
f2_162 f1h_237 f1w_438 0.02 -0.02 83.54 0 0 0 3777 3794
f2_165 f1h_56 f1w_110 8.57 -8.57 80.51 0 0 0 3770 3748
f2_166 f1h_338 f1h_450 -1.65 1.65 84.8 0 0 0 3765 3781
f2_168 f1h_146 f1h_436 5.16 -5.16 81.84 0 0 0 3757 3766
f2_169 f1h_10 f1w_312 -9.31 9.31 81.59 0 0 0 3771 3735
f2_173 f1h_381 f1w_372 3.04 -3.04 84.92 0 0 0 3775 3767
f2_174 f1h_29 f1h_338 -2.59 2.59 86.61 0 0 0 3773 3739
f2_176 f1h_340 f1h_485 -2.51 2.51 81.17 0 0 0 3748 3783
f2_177 f1h_352 f1h_383 -7.25 7.25 79.11 0 0 0 3806 3820
f2_179 f1w_102 f1w_399 6.76 -6.76 78.31 0 0 0 3811 3787
f2_180 f1h_16 f1h_331 1.91 -1.91 82.31 0 0 0 3753 3761
f2_182 f1w_109 f1w_264 -1.6 1.6 84.74 0 0 0 3833 3829
f2_183 f1h_344 f1h_469 0.79 -0.79 86.63 0 0 0 3761 3756
f2_186 f1h_213 f1h_244 -3.5 3.5 82.33 0 0 0 3781 3791
f2_188 f1h_16 f1h_78 -3.22 3.22 81.84 0 0 0 3762 3782
f2_190 f1w_111 f1w_425 -1.64 1.64 86.29 0 0 0 3758 3762
f2_192 f1w_82 f1w_404 -0.86 0.86 83.81 0 0 0 3762 3733
f2_194 f1h_303 f1h_429 -8.1 8.1 78.46 0 0 0 3776 3746
f2_195 f1h_81 f1h_232 -3.36 3.36 85.46 0 0 0 3752 3746
f2_196 f1h_126 f1w_41 -4.57 4.57 78.3 0 0 0 3775 3772
f2_197 f1h_319 f1h_435 -1.18 1.18 86.7 0 0 0 3795 3796
f2_199 f1h_132 f1w_226 -4.54 4.54 85.52 0 0 0 3799 3768
f2_202 f1h_106 f1h_472 -6.34 6.34 82.9 0 0 0 3799 3774
f2_205 f1h_450 f1w_394 4.3 -4.3 81.32 0 0 0 3788 3763
f2_206 f1w_231 f1w_257 6.87 -6.87 80.68 0 0 0 3766 3752
f2_207 f1h_172 f1h_225 -6.71 6.71 78.35 0 0 0 3751 3779
f2_208 f1h_279 f1w_74 4.39 -4.39 81 0 0 0 3761 3792
f2_209 f1w_105 f1w_106 4.25 -4.25 87.34 0 0 0 3808 3770
f2_211 f1w_149 f1w_263 6.08 -6.08 84.09 0 0 0 3773 3788
f2_212 f1w_321 f1w_398 -0.36 0.36 83.75 0 0 0 3778 3767
f2_213 f1h_256 f1w_470 -0.68 0.68 86.32 0 0 0 3773 3773
f2_215 f1h_124 f1h_138 1.2 -1.2 88.38 0 0 0 3785 3805
f2_216 f1h_258 f1w_108 0.59 -0.59 86.45 0 0 0 3768 3762
f2_219 f1w_153 f1w_415 -5.98 5.98 81.05 0 0 0 3804 3795
f2_220 f1h_157 f1h_322 2.82 -2.82 82.6 0 0 0 3798 3771
f2_221 f1h_240 f1w_238 1.56 -1.56 84.33 0 0 0 3783 3798
f2_222 f1h_83 f1h_148 2.08 -2.08 84.43 0 0 0 3762 3787
f2_223 f1h_339 f1w_477 -4.22 4.22 83.57 0 0 0 3766 3765
f2_225 f1h_300 f1w_372 -9.77 9.77 81.72 0 0 0 3798 3770
f2_226 f1h_41 f1w_448 -4.54 4.54 82.84 0 0 0 3807 3778
f2_227 f1h_321 f1h_397 -2.65 2.65 83.64 0 0 0 3776 3780
f2_228 f1h_253 f1h_369 -1.46 1.46 85.39 0 0 0 3756 3776
f2_229 f1h_43 f1h_254 -1.2 1.2 86 0 0 0 3772 3773
f2_230 f1h_496 f1w_433 -7.41 7.41 83.13 0 0 0 3767 3737
f2_232 f1h_217 f1w_411 -7.45 7.45 79.98 0 0 0 3777 3797
f2_233 f1h_84 f1w_343 -1.51 1.51 82.71 0 0 0 3771 3813
f2_234 f1h_26 f1w_368 7.22 -7.22 78.43 0 0 0 3762 3758
f2_235 f1w_277 f1w_376 -9.79 9.79 77.47 0 0 0 3786 3805
f2_236 f1h_54 f1w_1 -4.37 4.37 80.43 0 0 0 3770 3797
f2_243 f1h_125 f1w_291 1.67 -1.67 85.56 0 0 0 3787 3768
f2_246 f1w_206 f1w_471 -6.15 6.15 80.94 0 0 0 3778 3808
f2_248 f1h_252 f1h_394 -12.24 12.24 76.39 0 0 0 3765 3791
f2_249 f1h_464 f1w_365 0.67 -0.67 83.75 0 0 0 3733 3742
f2_250 f1w_191 f1w_327 -3.16 3.16 83.96 0 0 0 3769 3775
f2_254 f1w_233 f1w_347 1.46 -1.46 82.11 0 0 0 3772 3748
f2_256 f1h_344 f1w_289 -2.63 2.63 86.6 0 0 0 3764 3779
f2_257 f1h_250 f1h_320 2.24 -2.24 86.48 0 0 0 3787 3768
f2_259 f1h_321 f1w_416 -5.97 5.97 78.42 0 0 0 3773 3792
f2_260 f1h_127 f1h_196 3.12 -3.12 107.66 0 0 0 3785 3779
f2_262 f1w_306 f1w_464 5.17 -5.17 78.48 0 0 0 3771 3758
f2_263 f1h_47 f1w_294 -0.15 0.15 84.24 0 0 0 3740 3745
f2_265 f1h_95 f1w_394 -8.16 8.16 80.67 0 0 0 3737 3736
f2_266 f1w_119 f1w_299 0.43 -0.43 83.73 0 0 0 3785 3774
f2_268 f1h_33 f1h_306 -2.12 2.12 85.57 0 0 0 3802 3818
f2_269 f1h_339 f1w_208 -2.39 2.39 81.98 0 0 0 3792 3790
f2_271 f1h_307 f1h_404 4.71 -4.71 83.7 0 0 0 3764 3767
f2_272 f1h_5 f1w_205 5.33 -5.33 85.31 0 0 0 3778 3783
f2_273 f1h_230 f1w_36 7.75 -7.75 78.88 0 0 0 3735 3759
f2_275 f1h_394 f1w_369 -0.07 0.07 81.52 0 0 0 3795 3766
f2_276 f1h_133 f1w_259 5.19 -5.19 85.26 0 0 0 3757 3785
f2_278 f1w_10 f1w_167 4.53 -4.53 80.88 0 0 0 3768 3772
f2_288 f1h_107 f1w_51 2.42 -2.42 90.04 0 0 0 3801 3784
f2_289 f1h_84 f1h_390 -2.43 2.43 84.44 0 0 0 3764 3777
f2_291 f1h_81 f1w_34 -0.53 0.53 81.43 0 0 0 3761 3781
f2_295 f1h_132 f1w_149 -0.04 0.04 80.44 0 0 0 3785 3767
f2_296 f1h_285 f1w_397 5.05 -5.05 83.76 0 0 0 3773 3762
f2_298 f1h_162 f1w_423 1.97 -1.97 85.44 0 0 0 3785 3755
f2_299 f1w_128 f1w_143 -2.75 2.75 84.36 0 0 0 3762 3746
f2_301 f1h_146 f1w_427 2.6 -2.6 85.23 0 0 0 3725 3753
f2_302 f1w_88 f1w_146 -7.11 7.11 86.29 0 0 0 3792 3765
f2_305 f1h_342 f1w_488 -0.18 0.18 86.61 0 0 0 3798 3779
f2_308 f1h_457 f1w_449 -4.51 4.51 80.87 0 0 0 3770 3783
f2_309 f1h_436 f1w_269 -5.5 5.5 84.95 0 0 0 3784 3795
f2_310 f1h_311 f1w_72 -3.51 3.51 89.71 0 0 0 3780 3774
f2_312 f1h_176 f1w_313 -10.41 10.41 83.07 0 0 0 3791 3767
f2_313 f1h_416 f1w_498 2.2 -2.2 75.91 0 0 0 3778 3741
f2_315 f1h_262 f1w_477 -3.39 3.39 83.59 0 0 0 3751 3772
f2_316 f1h_312 f1w_301 -4.74 4.74 85.05 0 0 0 3787 3800
f2_322 f1w_187 f1w_296 -5.61 5.61 88.22 0 0 0 3808 3809
f2_325 f1h_317 f1h_455 3.99 -3.99 84.37 0 0 0 3760 3771
f2_327 f1h_302 f1w_64 2.9 -2.9 81.93 0 0 0 3776 3744
f2_332 f1w_248 f1w_286 -2.14 2.14 86.22 0 0 0 3753 3775
f2_335 f1h_451 f1w_83 -3.66 3.66 85.41 0 0 0 3800 3786
f2_336 f1h_203 f1w_231 -3.4 3.4 80.25 0 0 0 3777 3771
f2_344 f1h_254 f1h_429 1.25 -1.25 80.08 0 0 0 3791 3756
f2_347 f1h_413 f1w_263 1.22 -1.22 80.55 0 0 0 3776 3797
f2_348 f1w_38 f1w_394 5.64 -5.64 78.03 0 0 0 3772 3761
f2_351 f1h_165 f1h_401 2.64 -2.64 80.66 0 0 0 3768 3763
f2_353 f1h_365 f1w_43 -2.34 2.34 79.5 0 0 0 3789 3766
f2_355 f1h_331 f1h_377 4.96 -4.96 86.66 0 0 0 3796 3804
f2_357 f1h_438 f1w_31 5.51 -5.51 81.37 0 0 0 3781 3796
f2_360 f1w_191 f1w_290 -6.81 6.81 79.53 0 0 0 3752 3738
f2_362 f1h_179 f1h_219 3.87 -3.87 85.34 0 0 0 3798 3787
f2_367 f1h_293 f1h_335 -8.83 8.83 87.17 0 0 0 3786 3784
f2_368 f1h_474 f1w_434 5.16 -5.16 83.63 0 0 0 3800 3803
f2_369 f1h_294 f1w_18 5.57 -5.57 83.75 0 0 0 3795 3789
f2_372 f1h_480 f1h_484 6.7 -6.7 99.73 0 0 0 3772 3757
f2_373 f1w_413 f1w_445 4.43 -4.43 82.53 0 0 0 3781 3763
f2_375 f1h_294 f1w_127 -2.03 2.03 86.83 0 0 0 3767 3775
f2_379 f1h_98 f1h_449 3.26 -3.26 87.9 0 0 0 3793 3782
f2_380 f1h_262 f1h_304 3.6 -3.6 79.21 0 0 0 3753 3770
f2_381 f1w_122 f1w_214 1.58 -1.58 84.06 0 0 0 3759 3749
f2_382 f1h_394 f1w_388 -6.25 6.25 84.01 0 0 0 3796 3797
f2_383 f1h_216 f1w_30 -2.41 2.41 85.99 0 0 0 3766 3756
f2_388 f1h_446 f1h_454 -1.15 1.15 87.58 0 0 0 3765 3767
f2_392 f1h_308 f1h_401 2.38 -2.38 84.9 0 0 0 3754 3773
f2_393 f1w_351 f1w_459 5.17 -5.17 79.9 0 0 0 3757 3773
f2_394 f1h_340 f1w_27 -0.1 0.1 88.49 0 0 0 3765 3781
f2_395 f1h_158 f1h_271 -0.75 0.75 88.4 0 0 0 3768 3764
f2_396 f1h_73 f1w_484 -3.94 3.94 81.84 0 0 0 3777 3782
f2_397 f1h_458 f1w_126 10.69 -10.69 73.66 0 0 0 3766 3773
f2_400 f1h_106 f1h_113 -3.28 3.28 79.99 0 0 0 3781 3783
f2_402 f1h_35 f1h_138 -2.38 2.38 84.54 0 0 0 3774 3775
f2_405 f1h_322 f1w_252 -2.07 2.07 86.83 0 0 0 3766 3766
f2_406 f1w_302 f1w_379 -0.93 0.93 86.33 0 0 0 3799 3794
f2_407 f1w_278 f1w_388 -7.27 7.27 81.03 0 0 0 3759 3784
f2_408 f1h_293 f1w_9 4.28 -4.28 84.59 0 0 0 3788 3777
f2_409 f1h_95 f1w_340 4.58 -4.58 83.62 0 0 0 3750 3762
f2_411 f1h_2 f1w_404 -7.23 7.23 76.6 0 0 0 3754 3737
f2_415 f1h_161 f1h_478 -0.02 0.02 82.21 0 0 0 3735 3776
f2_416 f1h_227 f1h_408 3.06 -3.06 83.01 0 0 0 3765 3802
f2_420 f1w_53 f1w_211 -5.47 5.47 78.94 0 0 0 3765 3779
f2_421 f1h_435 f1w_277 2.93 -2.93 81.74 0 0 0 3771 3761
f2_424 f1h_192 f1w_214 5.6 -5.6 80.41 0 0 0 3762 3774
f2_425 f1h_16 f1w_18 -2.77 2.77 84.19 0 0 0 3758 3767
f2_428 f1h_489 f1w_85 6.04 -6.04 83.42 0 0 0 3805 3768
f2_430 f1h_473 f1w_468 10.52 -10.52 81.3 0 0 0 3735 3792
f2_431 f1h_284 f1h_430 -5.79 5.79 80.74 0 0 0 3769 3799
f2_432 f1h_161 f1w_57 6.14 -6.14 80.67 0 0 0 3723 3769
f2_436 f1h_378 f1h_464 -2.87 2.87 84.87 0 0 0 3748 3743
f2_437 f1h_175 f1h_374 -1.19 1.19 78.8 0 0 0 3773 3776
f2_438 f1h_344 f1w_174 6.08 -6.08 81.48 0 0 0 3766 3777
f2_439 f1w_13 f1w_102 -4.08 4.08 80.11 0 0 0 3739 3781
f2_441 f1w_297 f1w_441 0.56 -0.56 90.46 0 0 0 3800 3806
f2_443 f1w_58 f1w_475 -2.44 2.44 84.94 0 0 0 3776 3782
f2_444 f1h_22 f1w_308 -4.4 4.4 86.12 0 0 0 3762 3787
f2_446 f1h_480 f1w_332 -5.95 5.95 78.92 0 0 0 3778 3770
f2_447 f1h_285 f1w_365 -3.41 3.41 85.55 0 0 0 3767 3762
f2_454 f1w_79 f1w_375 -1.89 1.89 83.84 0 0 0 3751 3781
f2_455 f1w_54 f1w_491 -3.16 3.16 83.88 0 0 0 3775 3760
f2_456 f1h_234 f1w_442 5.75 -5.75 84.12 0 0 0 3778 3747
f2_458 f1h_452 f1w_272 2.67 -2.67 79.07 0 0 0 3772 3780
f2_459 f1h_10 f1w_39 -3.45 3.45 81.78 0 0 0 3766 3740
f2_462 f1h_153 f1h_412 6.24 -6.24 90.49 0 0 0 3786 3803
f2_463 f1w_403 f1w_414 -4.94 4.94 83.52 0 0 0 3767 3793
f2_466 f1h_87 f1w_408 0.43 -0.43 86.56 0 0 0 3758 3773
f2_467 f1h_382 f1h_460 -4.24 4.24 79.92 0 0 0 3740 3761
f2_472 f1h_405 f1h_409 7.01 -7.01 82.06 0 0 0 3757 3788
f2_473 f1h_20 f1h_427 6.26 -6.26 81.68 0 0 0 3821 3798
f2_475 f1h_256 f1w_122 2.97 -2.97 82.46 0 0 0 3753 3743
f2_476 f1w_190 f1w_267 -5.51 5.51 85.77 0 0 0 3757 3762
f2_477 f1h_56 f1w_141 2.56 -2.56 77.53 0 0 0 3781 3772
f2_479 f1w_124 f1w_292 5.65 -5.65 81.37 0 0 0 3807 3771
f2_480 f1h_286 f1w_286 -2.7 2.7 85.05 0 0 0 3787 3778
f2_482 f1h_25 f1h_324 -10.09 10.09 80.13 0 0 0 3753 3759
f2_484 f1h_346 f1w_272 -1.7 1.7 88.17 0 0 0 3760 3790
f2_485 f1w_140 f1w_323 5.73 -5.73 88.34 0 0 0 3767 3729
f2_486 f1h_342 f1w_498 -4.41 4.41 83.09 0 0 0 3787 3740
f2_487 f1h_391 f1w_122 0.39 -0.39 85.37 0 0 0 3775 3760
f2_488 f1w_463 f1w_486 -7.59 7.59 78.4 0 0 0 3775 3766
f2_489 f1w_218 f1w_338 -5.22 5.22 86.51 0 0 0 3779 3770
f2_490 f1h_131 f1h_175 -1.31 1.31 80.41 0 0 0 3799 3767
f2_491 f1h_365 f1w_191 -6.15 6.15 83.1 0 0 0 3770 3769
f2_492 f1w_275 f1w_468 -5.82 5.82 80.11 0 0 0 3769 3794
f2_493 f1w_28 f1w_320 4.12 -4.12 85.3 0 0 0 3769 3775
f2_494 f1w_74 f1w_336 -5.34 5.34 77.02 0 0 0 3776 3738
f2_496 f1h_356 f1w_71 -5.21 5.21 82.36 0 0 0 3768 3772
f2_497 f1w_85 f1w_164 -0.03 0.03 85.55 0 0 0 3746 3766
f2_500 f1w_319 f1w_371 7.52 -7.52 82.37 0 0 0 3767 3775
f2_502 f1h_202 f1w_333 7.95 -7.95 78.9 0 0 0 3784 3788
f2_503 f1w_288 f1w_453 1.71 -1.71 80.92 0 0 0 3737 3783
f2_505 f1h_490 f1w_388 -10.13 10.13 77.65 0 0 0 3775 3795
f2_507 f1h_355 f1w_74 3.64 -3.64 82.14 0 0 0 3765 3800
f2_508 f1h_436 f1w_243 -5.54 5.54 81.86 0 0 0 3762 3761
f2_509 f1h_73 f1w_413 -6.37 6.37 84.75 0 0 0 3767 3792
f2_510 f1h_147 f1h_231 3.91 -3.91 81.44 0 0 0 3815 3815
f2_513 f1h_139 f1w_266 8.03 -8.03 84.28 0 0 0 3779 3765
f2_514 f1h_391 f1h_392 -4.73 4.73 83.56 0 0 0 3790 3774
f2_515 f1h_258 f1w_119 1.18 -1.18 82.44 0 0 0 3791 3791
f2_524 f1h_59 f1w_163 4.49 -4.49 89.45 0 0 0 3805 3791
f2_525 f1h_277 f1w_52 6.42 -6.42 82.06 0 0 0 3787 3777
f2_529 f1h_264 f1w_75 3.62 -3.62 84.31 0 0 0 3762 3768
f2_530 f1w_151 f1w_159 -2.44 2.44 82.8 0 0 0 3788 3796
f2_531 f1h_7 f1h_444 4 -4 87.62 0 0 0 3775 3756
f2_532 f1h_222 f1h_333 -3.1 3.1 79.1 0 0 0 3767 3782
f2_533 f1h_254 f1w_109 -8.54 8.54 75.63 0 0 0 3776 3791
f2_534 f1w_27 f1w_55 0 0 87.35 0 0 0 3788 3784
f2_538 f1w_14 f1w_365 4.78 -4.78 82.08 0 0 0 3746 3754
f2_542 f1w_395 f1w_475 5.24 -5.24 86.56 0 0 0 3809 3786
f2_544 f1h_199 f1w_224 -2.17 2.17 82.61 0 0 0 3779 3763
f2_549 f1h_102 f1h_455 -10.53 10.53 102.89 0 0 0 3784 3767
f2_554 f1h_401 f1h_455 0.59 -0.59 84.15 0 0 0 3772 3767
f2_556 f1h_258 f1w_373 6.45 -6.45 88.9 0 0 0 3777 3770
f2_561 f1h_93 f1w_452 -4.99 4.99 77.26 0 0 0 3773 3783
f2_562 f1h_239 f1h_339 7.83 -7.83 79.3 0 0 0 3798 3783
f2_564 f1w_281 f1w_403 -0.99 0.99 82.24 0 0 0 3770 3762
f2_566 f1h_30 f1w_154 -2.41 2.41 78.56 0 0 0 3765 3763
f2_567 f1w_129 f1w_414 -3.83 3.83 88.83 0 0 0 3814 3787
f2_568 f1h_339 f1h_416 0.92 -0.92 80.88 0 0 0 3777 3792
f2_569 f1h_82 f1h_405 2.01 -2.01 80.39 0 0 0 3818 3763
f2_570 f1w_311 f1w_360 1.3 -1.3 86.46 0 0 0 3795 3784
f2_573 f1w_202 f1w_411 -0.09 0.09 86.16 0 0 0 3804 3807
f2_575 f1w_262 f1w_427 1.22 -1.22 83.06 0 0 0 3801 3802
f2_576 f1h_192 f1h_240 1.65 -1.65 82.11 0 0 0 3724 3764
f2_583 f1h_328 f1w_427 -2.92 2.92 81.55 0 0 0 3772 3780
f2_584 f1h_80 f1h_284 7.59 -7.59 82.97 0 0 0 3759 3753
f2_588 f1w_246 f1w_248 -0.14 0.14 86.99 0 0 0 3763 3745
f2_589 f1h_265 f1h_459 1.73 -1.73 83.96 0 0 0 3783 3794
f2_593 f1h_1 f1w_298 2.79 -2.79 79.71 0 0 0 3766 3759
f2_594 f1h_302 f1w_473 -1.8 1.8 84.65 0 0 0 3788 3798
f2_597 f1h_127 f1w_342 -5.85 5.85 80.04 0 0 0 3783 3764
f2_599 f1w_152 f1w_493 -6.24 6.24 85.55 0 0 0 3813 3776
f2_600 f1h_71 f1h_88 -1.39 1.39 91.52 0 0 0 3774 3754
f2_601 f1h_208 f1w_76 -5.34 5.34 81.46 0 0 0 3742 3749
f2_602 f1h_39 f1w_297 3.04 -3.04 81.89 0 0 0 3768 3766
f2_605 f1h_156 f1h_410 3.37 -3.37 81.59 0 0 0 3749 3724
f2_606 f1w_111 f1w_351 -6.35 6.35 79.56 0 0 0 3785 3789
f2_608 f1h_370 f1h_426 5.03 -5.03 77.67 0 0 0 3787 3802
f2_609 f1h_106 f1h_352 2.82 -2.82 89.25 0 0 0 3785 3802
f2_612 f1h_214 f1w_467 -2.08 2.08 83.67 0 0 0 3783 3751
f2_613 f1h_390 f1w_43 -8.89 8.89 79.62 0 0 0 3773 3769
f2_617 f1h_145 f1w_390 10.22 -10.22 78.52 0 0 0 3733 3738
f2_619 f1h_198 f1w_58 -2.62 2.62 85.41 0 0 0 3787 3781
f2_620 f1h_162 f1h_248 -3.85 3.85 83.73 0 0 0 3774 3753
f2_623 f1h_476 f1w_441 10.84 -10.84 79.79 0 0 0 3773 3784
f2_631 f1h_333 f1w_390 0.96 -0.96 86.46 0 0 0 3783 3776
f2_632 f1h_427 f1w_72 12.11 -12.11 76.47 0 0 0 3776 3774
f2_634 f1w_223 f1w_379 9.45 -9.45 78.42 0 0 0 3781 3775
f2_640 f1h_157 f1w_349 1.87 -1.87 83.89 0 0 0 3765 3760
f2_642 f1h_341 f1h_346 2.12 -2.12 84.35 0 0 0 3737 3748
f2_643 f1h_92 f1w_263 3.51 -3.51 80.86 0 0 0 3756 3768
f2_644 f1h_126 f1w_262 -3.73 3.73 86.71 0 0 0 3762 3786
f2_645 f1w_72 f1w_450 -2.65 2.65 83.37 0 0 0 3760 3787
f2_651 f1h_436 f1w_458 11.52 -11.52 78.23 0 0 0 3759 3760
f2_655 f1h_480 f1w_203 -2.18 2.18 85.88 0 0 0 3789 3775
f2_656 f1h_279 f1w_30 4.64 -4.64 83.34 0 0 0 3783 3783
f2_658 f1h_209 f1h_465 5.21 -5.21 78.47 0 0 0 3779 3809
f2_659 f1w_109 f1w_424 2.28 -2.28 86.3 0 0 0 3787 3786
f2_662 f1h_41 f1h_140 -3.52 3.52 84.26 0 0 0 3794 3784
f2_663 f1h_47 f1h_476 5.05 -5.05 80.02 0 0 0 3753 3776
f2_664 f1h_418 f1w_381 -4.67 4.67 85.01 0 0 0 3760 3740
f2_665 f1h_118 f1w_54 -2.24 2.24 83.31 0 0 0 3795 3803
f2_666 f1w_151 f1w_450 1.36 -1.36 85.9 0 0 0 3788 3808
f2_667 f1h_98 f1h_368 3.14 -3.14 84.08 0 0 0 3805 3792
f2_668 f1w_420 f1w_441 -1.65 1.65 83.76 0 0 0 3738 3753
f2_669 f1h_258 f1w_221 4.15 -4.15 84.9 0 0 0 3773 3775
f2_675 f1h_147 f1w_434 -5.02 5.02 82.76 0 0 0 3751 3771
f2_678 f1h_308 f1h_410 -4.17 4.17 81.94 0 0 0 3769 3766
f2_679 f1h_127 f1h_355 -4.32 4.32 82.42 0 0 0 3787 3762
f2_680 f1h_179 f1h_380 -4.21 4.21 85.31 0 0 0 3761 3742
f2_681 f1h_404 f1w_422 6.42 -6.42 78.13 0 0 0 3774 3778
f2_685 f1h_400 f1h_405 4.26 -4.26 82.06 0 0 0 3767 3744
f2_686 f1h_107 f1w_347 5.4 -5.4 83.34 0 0 0 3779 3755
f2_687 f1h_19 f1w_296 2.4 -2.4 81.25 0 0 0 3777 3786
f2_689 f1h_190 f1w_284 -1.73 1.73 83.43 0 0 0 3774 3789
f2_691 f1h_251 f1h_419 1.73 -1.73 83.27 0 0 0 3763 3811
f2_694 f1h_93 f1w_279 2.87 -2.87 79.72 0 0 0 3757 3720
f2_695 f1h_167 f1w_213 4.39 -4.39 83.57 0 0 0 3755 3777
f2_697 f1h_190 f1w_319 5.44 -5.44 81.02 0 0 0 3725 3739
f2_699 f1w_39 f1w_368 10.34 -10.34 80.82 0 0 0 3789 3795
f2_707 f1h_451 f1w_24 2.45 -2.45 80.85 0 0 0 3798 3780
f2_709 f1h_205 f1w_133 0.25 -0.25 78.86 0 0 0 3786 3781
f2_711 f1h_496 f1w_368 3.52 -3.52 85.5 0 0 0 3771 3777
f2_712 f1h_373 f1w_199 4.88 -4.88 81.3 0 0 0 3766 3764
f2_715 f1h_171 f1h_460 -0.18 0.18 79.68 0 0 0 3718 3735
f2_719 f1h_262 f1h_450 -1.66 1.66 86.87 0 0 0 3776 3803
f2_720 f1h_178 f1w_252 -2.5 2.5 80.13 0 0 0 3792 3791
f2_721 f1h_141 f1h_230 1.68 -1.68 80.77 0 0 0 3785 3757
f2_724 f1h_360 f1w_174 -5.22 5.22 82.59 0 0 0 3810 3796
f2_726 f1h_414 f1w_222 -1.34 1.34 86 0 0 0 3797 3777
f2_727 f1h_159 f1w_90 9.47 -9.47 80.74 0 0 0 3787 3780
f2_729 f1h_425 f1w_75 7.05 -7.05 79.34 0 0 0 3747 3773
f2_730 f1h_145 f1h_230 0.95 -0.95 78.72 0 0 0 3755 3730
f2_732 f1w_65 f1w_449 -0.17 0.17 85.25 0 0 0 3799 3824
f2_733 f1w_267 f1w_440 1 -1 84.98 0 0 0 3786 3798
f2_735 f1h_455 f1w_465 3.16 -3.16 82.77 0 0 0 3778 3784
f2_736 f1h_489 f1w_89 -5.47 5.47 82.62 0 0 0 3802 3776
f2_737 f1h_46 f1w_349 -6.05 6.05 81.42 0 0 0 3810 3811
f2_739 f1h_217 f1w_160 -1.79 1.79 88.62 0 0 0 3764 3760
f2_744 f1h_256 f1w_263 0.48 -0.48 82.08 0 0 0 3767 3787
f2_745 f1h_166 f1w_55 1.26 -1.26 84.55 0 0 0 3736 3754
f2_748 f1h_257 f1w_54 5.12 -5.12 81.24 0 0 0 3756 3783
f2_754 f1w_365 f1w_424 5.54 -5.54 82.84 0 0 0 3740 3767
f2_757 f1h_60 f1h_170 5.47 -5.47 80.47 0 0 0 3773 3783
f2_758 f1h_230 f1h_339 1.34 -1.34 83.6 0 0 0 3752 3769
f2_759 f1w_296 f1w_371 -0.78 0.78 87.47 0 0 0 3803 3788
f2_760 f1h_228 f1h_473 2.67 -2.67 84.5 0 0 0 3804 3762
f2_762 f1w_70 f1w_230 3.26 -3.26 89.19 0 0 0 3790 3795
f2_764 f1w_41 f1w_224 -0.47 0.47 84.86 0 0 0 3769 3759
f2_766 f1h_414 f1w_92 -9.37 9.37 80.35 0 0 0 3785 3779
f2_767 f1h_321 f1w_356 -5.08 5.08 82.03 0 0 0 3789 3783
f2_769 f1h_35 f1h_234 -9.89 9.89 82.75 0 0 0 3774 3783
f2_770 f1h_51 f1w_297 -2.44 2.44 84.17 0 0 0 3810 3797
f2_771 f1h_240 f1w_399 4.65 -4.65 78.8 0 0 0 3792 3789
f2_772 f1h_388 f1w_111 2.6 -2.6 78.89 0 0 0 3738 3728
f2_773 f1w_202 f1w_261 6.18 -6.18 79.56 0 0 0 3752 3719
f2_774 f1h_80 f1h_482 7.03 -7.03 80.03 0 0 0 3751 3757
f2_778 f1h_104 f1w_283 -1.74 1.74 82.83 0 0 0 3803 3803
f2_781 f1h_475 f1w_105 -2.19 2.19 82.78 0 0 0 3766 3778
f2_782 f1w_199 f1w_428 5.83 -5.83 82.34 0 0 0 3783 3762
f2_784 f1w_424 f1w_444 1.82 -1.82 87.85 0 0 0 3807 3799
f2_785 f1h_90 f1h_323 7.77 -7.77 79.06 0 0 0 3808 3775
f2_786 f1h_187 f1w_393 -7.3 7.3 82.08 0 0 0 3783 3755
f2_787 f1h_291 f1w_101 2.27 -2.27 84.99 0 0 0 3798 3781
f2_789 f1h_308 f1h_451 -4.89 4.89 81.66 0 0 0 3766 3790
f2_791 f1h_60 f1h_401 -7.12 7.12 80.07 0 0 0 3772 3785
f2_797 f1w_72 f1w_232 5.82 -5.82 85.21 0 0 0 3786 3765
f2_798 f1w_160 f1w_353 -0.03 0.03 84.21 0 0 0 3758 3772
f2_799 f1h_124 f1h_399 3.76 -3.76 84.1 0 0 0 3783 3783
f2_800 f1w_74 f1w_456 4.33 -4.33 81.53 0 0 0 3798 3781
f2_803 f1h_141 f1h_158 4.98 -4.98 86.23 0 0 0 3785 3792
f2_804 f1h_450 f1w_252 2.39 -2.39 80.74 0 0 0 3777 3766
f2_806 f1h_146 f1h_354 -1.14 1.14 83.77 0 0 0 3764 3771
f2_808 f1w_26 f1w_112 -7.2 7.2 85.53 0 0 0 3805 3762
f2_809 f1h_306 f1w_21 -2.27 2.27 83.91 0 0 0 3820 3784
f2_810 f1h_365 f1w_343 5.74 -5.74 81.05 0 0 0 3774 3794
f2_811 f1h_328 f1h_451 6.13 -6.13 85.69 0 0 0 3799 3801
f2_812 f1h_362 f1w_53 -1.87 1.87 86.96 0 0 0 3774 3781
f2_816 f1h_136 f1h_460 -0.7 0.7 88.15 0 0 0 3818 3794
f2_817 f1h_290 f1w_218 2.27 -2.27 85.56 0 0 0 3775 3782
f2_820 f1h_298 f1h_305 -0.34 0.34 79.68 0 0 0 3772 3758
f2_821 f1h_381 f1w_218 2.29 -2.29 86.91 0 0 0 3785 3795
f2_823 f1w_229 f1w_381 4.66 -4.66 79.74 0 0 0 3764 3769
f2_824 f1h_136 f1w_159 -2.15 2.15 84.97 0 0 0 3811 3786
f2_826 f1h_208 f1w_369 5.87 -5.87 82.26 0 0 0 3753 3757
f2_831 f1h_464 f1w_72 1.81 -1.81 86.35 0 0 0 3762 3780
f2_833 f1h_20 f1h_102 2.72 -2.72 87.11 0 0 0 3798 3788
f2_835 f1h_4 f1w_299 -3.69 3.69 88.04 0 0 0 3753 3793
f2_837 f1h_167 f1w_126 3.48 -3.48 86.09 0 0 0 3774 3789
f2_840 f1h_11 f1h_206 3.22 -3.22 84.99 0 0 0 3769 3762
f2_842 f1w_41 f1w_491 -5.39 5.39 79.16 0 0 0 3763 3754
f2_843 f1h_157 f1h_260 -1.79 1.79 82.3 0 0 0 3802 3766
f2_848 f1w_134 f1w_475 9.98 -9.98 80.75 0 0 0 3743 3779
f2_849 f1w_8 f1w_468 6.97 -6.97 80.9 0 0 0 3804 3801
f2_853 f1h_369 f1w_27 11.88 -11.88 80.81 0 0 0 3762 3767
f2_854 f1h_378 f1w_89 -7.03 7.03 83.08 0 0 0 3762 3775
f2_855 f1h_405 f1w_1 10.05 -10.05 81.6 0 0 0 3774 3827
f2_857 f1h_126 f1w_226 0.97 -0.97 85.59 0 0 0 3749 3738
f2_859 f1h_328 f1w_353 -5.01 5.01 80.6 0 0 0 3782 3776
f2_861 f1h_41 f1h_316 -2.55 2.55 82.55 0 0 0 3768 3762
f2_864 f1h_296 f1h_407 -7.66 7.66 79.04 0 0 0 3794 3776
f2_867 f1h_133 f1h_136 -2.61 2.61 82.04 0 0 0 3747 3790
f2_870 f1h_17 f1h_145 4.27 -4.27 81.15 0 0 0 3787 3784
f2_872 f1h_318 f1w_127 9.89 -9.89 79.26 0 0 0 3783 3792
f2_874 f1h_1 f1w_162 7.8 -7.8 80.65 0 0 0 3762 3743
f2_876 f1h_148 f1w_114 4.16 -4.16 84.47 0 0 0 3791 3761
f2_877 f1h_285 f1w_302 -3.96 3.96 82.34 0 0 0 3769 3777
f2_880 f1h_344 f1w_151 -6.25 6.25 83.86 0 0 0 3770 3777
f2_885 f1w_304 f1w_311 0.02 -0.02 85.66 0 0 0 3773 3772
f2_888 f1h_50 f1w_284 0.08 -0.08 80.36 0 0 0 3749 3760
f2_889 f1h_312 f1w_415 8.98 -8.98 85.2 0 0 0 3757 3767
f2_890 f1w_312 f1w_420 -2.47 2.47 84.4 0 0 0 3765 3782
f2_894 f1h_102 f1h_149 2.71 -2.71 86.34 0 0 0 3762 3751
f2_897 f1w_35 f1w_193 1.11 -1.11 83.68 0 0 0 3772 3767
f2_900 f1h_183 f1w_106 -1.36 1.36 81.03 0 0 0 3784 3758
f2_901 f1w_488 f1w_491 -4.07 4.07 82.32 0 0 0 3759 3764
f2_902 f1h_24 f1h_244 -6.67 6.67 86.2 0 0 0 3774 3776
f2_905 f1h_60 f1w_358 4.58 -4.58 83.24 0 0 0 3766 3756
f2_908 f1h_217 f1w_164 1.19 -1.19 83.13 0 0 0 3773 3771
f2_910 f1h_114 f1w_19 2.7 -2.7 81.54 0 0 0 3764 3761
f2_912 f1h_3 f1h_101 1.25 -1.25 82.67 0 0 0 3789 3761
f2_914 f1h_18 f1h_108 0.62 -0.62 84.57 0 0 0 3793 3800
f2_919 f1h_83 f1w_146 -4 4 80.81 0 0 0 3776 3758
f2_920 f1h_419 f1h_435 -5.36 5.36 82.56 0 0 0 3776 3754
f2_921 f1h_171 f1h_196 -2.86 2.86 82.4 0 0 0 3735 3766
f2_923 f1h_141 f1w_27 -4.82 4.82 80.38 0 0 0 3774 3780
f2_925 f1h_303 f1w_427 -1.4 1.4 85.03 0 0 0 3792 3805
f2_927 f1h_284 f1w_336 -4.41 4.41 80.78 0 0 0 3751 3744
f2_928 f1h_92 f1w_364 5.55 -5.55 80.73 0 0 0 3763 3741
f2_929 f1h_214 f1h_285 0.23 -0.23 86.91 0 0 0 3795 3761
f2_932 f1h_29 f1w_333 -2.14 2.14 85.88 0 0 0 3760 3744
f2_935 f1h_439 f1w_488 4.32 -4.32 88.57 0 0 0 3749 3750
f2_936 f1h_322 f1h_462 1.2 -1.2 80.93 0 0 0 3777 3783
f2_937 f1h_230 f1h_475 7.53 -7.53 81.34 0 0 0 3764 3785
f2_938 f1h_17 f1h_232 0.81 -0.81 85.33 0 0 0 3775 3764
f2_940 f1h_235 f1w_213 -6.17 6.17 84.5 0 0 0 3785 3783
f2_946 f1h_221 f1w_363 -11.87 11.87 78.32 0 0 0 3775 3765
f2_947 f1h_429 f1w_457 3.33 -3.33 84.44 0 0 0 3724 3773
f2_948 f1h_41 f1h_113 0.17 -0.17 83.91 0 0 0 3821 3800
f2_950 f1h_213 f1w_418 2.72 -2.72 86.28 0 0 0 3791 3773
f2_952 f1h_186 f1w_492 -9.15 9.15 77.11 0 0 0 3787 3794
f2_953 f1h_485 f1w_265 1.84 -1.84 84.07 0 0 0 3775 3774
f2_954 f1h_365 f1w_162 1.98 -1.98 86.38 0 0 0 3794 3778
f2_956 f1h_262 f1w_247 -9.19 9.19 75.19 0 0 0 3777 3772
f2_957 f1h_460 f1w_9 -3.22 3.22 81.88 0 0 0 3775 3782
f2_963 f1h_473 f1w_247 7.34 -7.34 79.89 0 0 0 3746 3773
f2_964 f1h_341 f1w_398 -1.14 1.14 85.79 0 0 0 3733 3755
f2_967 f1h_141 f1w_3 -4.81 4.81 88.44 0 0 0 3796 3795
f2_972 f1w_41 f1w_360 8.8 -8.8 82.21 0 0 0 3747 3742
f2_975 f1w_60 f1w_321 5.94 -5.94 81.67 0 0 0 3737 3764
f2_978 f1w_4 f1w_63 -0.61 0.61 81.32 0 0 0 3735 3772
f2_979 f1h_189 f1w_310 -5.15 5.15 82.99 0 0 0 3761 3781
f2_980 f1h_412 f1w_135 3.07 -3.07 82.4 0 0 0 3768 3773
f2_982 f1h_404 f1w_360 -1.14 1.14 86.56 0 0 0 3769 3759
f2_983 f1h_350 f1w_151 -3.91 3.91 82.94 0 0 0 3780 3781
f2_985 f1w_463 f1w_488 11.03 -11.03 87.31 0 0 0 3794 3783
f2_988 f1w_94 f1w_355 0.54 -0.54 86.52 0 0 0 3772 3781
f2_990 f1h_368 f1h_415 5.92 -5.92 81.87 0 0 0 3791 3751
f2_994 f1w_124 f1w_302 -6.63 6.63 83.21 0 0 0 3783 3758
f2_997 f1h_106 f1h_220 -2.39 2.39 82.42 0 0 0 3781 3787
f2_999 f1w_214 f1w_452 9.85 -9.85 81.03 0 0 0 3746 3787
