id parent1 parent2 LLRparent1 LLRparent2 LLRpair OHparent1 OHparent2 MEpair SNPd.id.parent1 SNPd.id.parent2
f0_3 f1h_207 f1h_349 -0.97 0.97 0.49 0 0 0 76 76
f0_3 f1h_329 f1h_349 -0.43 0.43 1.26 0 0 0 79 76
f0_3 f1h_329 f2_907 0.42 -0.42 2.03 0 0 0 79 78
f0_4 f0_213 f1h_369 -0.18 0.18 0.34 0 0 0 79 77
f0_4 f0_213 f1w_493 -0.58 0.58 0.4 0 0 0 79 78
f0_4 f0_213 f2_91 0.33 -0.33 0.62 0 0 0 79 79
f0_4 f0_213 f2_149 -0.68 0.68 0.18 0 0 0 79 77
f0_4 f0_213 f2_326 0.23 -0.23 0.7 0 0 0 79 78
f0_4 f0_599 f1w_174 -0.15 0.15 0.56 0 0 0 79 78
f0_4 f1h_97 f2_149 0.33 -0.33 0.07 0 0 0 79 77
f0_4 f1h_137 f1h_161 -0.01 0.01 0.7 0 0 0 78 79
f0_4 f1h_161 f2_149 -0.2 0.2 0.27 0 0 0 79 77
f0_4 f1h_161 f2_685 -0.38 0.38 -0.36 0 0 0 79 78
f0_4 f1h_387 f1w_184 0.01 -0.01 1.22 0 0 0 78 79
f0_4 f1h_387 f2_685 0.13 -0.13 0.79 0 0 0 78 78
f0_4 f2_462 f2_577 -0.31 0.31 0.55 0 0 0 76 79
f0_4 f2_488 f2_685 0.24 -0.24 0.45 0 0 0 78 78
f0_5 f0_233 f1h_69 0.68 -0.68 0.38 0 0 0 79 79
f0_5 f0_989 f1h_69 1.42 -1.42 0.76 0 0 0 80 79
f0_5 f1h_69 f1h_216 -0.23 0.23 0.44 0 0 0 79 80
f0_6 f0_84 f1h_258 0.56 -0.56 0.81 0 0 0 80 79
f0_6 f0_84 f1h_361 0.17 -0.17 0.73 0 0 0 80 79
f0_6 f0_84 f2_180 0.24 -0.24 1 0 0 0 80 80
f0_6 f0_147 f2_839 0.03 -0.03 0.95 0 0 0 80 79
f0_6 f0_829 f2_25 0.3 -0.3 1.1 0 0 0 77 79
f0_6 f0_829 f2_839 0.16 -0.16 0.69 0 0 0 77 79
f0_6 f1h_258 f2_25 -0.09 0.09 1.11 0 0 0 79 79
f0_6 f1h_258 f2_839 -0.33 0.33 1.02 0 0 0 79 79
f0_6 f1h_361 f1h_459 0.75 -0.75 0.49 0 0 0 79 80
f0_6 f1h_361 f2_25 0.17 -0.17 0.95 0 0 0 79 79
f0_6 f1h_361 f2_373 0.14 -0.14 1.05 0 0 0 79 79
f0_6 f1h_361 f2_493 0.03 -0.03 0.86 0 0 0 79 78
f0_6 f1h_361 f2_744 -0.11 0.11 0.49 0 0 0 79 80
f0_6 f1h_361 f2_839 -0.02 0.02 0.71 0 0 0 79 79
f0_6 f1h_361 f2_980 -0.22 0.22 0.66 0 0 0 79 80
f0_6 f2_180 f2_839 0.13 -0.13 1 0 0 0 80 79
f0_6 f2_744 f2_839 0.15 -0.15 0.51 0 0 0 80 79
f0_6 f2_839 f2_980 -0.13 0.13 0.48 0 0 0 79 80
f0_10 f0_86 f0_497 0.35 -0.35 0.33 0 0 0 77 78
f0_10 f0_86 f1h_43 0.71 -0.71 0.94 0 0 0 77 79
f0_10 f0_449 f0_503 -0.02 0.02 0.5 0 0 0 78 79
f0_10 f0_497 f1h_43 0.64 -0.64 0.69 0 0 0 78 79
f0_10 f0_497 f1w_228 0.57 -0.57 0.08 0 0 0 78 79
f0_10 f0_497 f2_951 -0.32 0.32 0.39 0 0 0 78 78
f0_10 f0_503 f1h_361 0.24 -0.24 0.62 0 0 0 79 78
f0_10 f1h_43 f1h_205 0.01 -0.01 1 0 0 0 79 79
f0_10 f1h_43 f2_490 -0.31 0.31 1.2 0 0 0 79 79
f0_11 f0_204 f1h_13 0.1 -0.1 0.92 0 0 0 78 78
f0_11 f0_204 f1h_264 0.39 -0.39 0.73 0 0 0 78 79
f0_11 f0_828 f1h_264 0.08 -0.08 1.08 0 0 0 78 79
f0_11 f0_936 f2_539 -0.08 0.08 0.64 0 0 0 79 77
f0_11 f1h_13 f2_171 -0.05 0.05 0.55 0 0 0 78 78
f0_11 f1h_13 f2_539 -0.05 0.05 0.43 0 0 0 78 77
f0_11 f1h_120 f1h_264 0.43 -0.43 1.09 0 0 0 79 79
f0_11 f1h_264 f2_171 -0.7 0.59 0.27 0 0 0 79 78
f0_11 f1h_264 f2_539 -0.69 0.69 -0.34 0 0 0 79 77
f0_11 f2_539 f2_787 0.14 -0.14 0.54 0 0 0 77 79
f0_13 f2_14 f2_20 0.02 -0.02 0.79 0 0 0 79 78
f0_13 f2_14 f2_356 0.35 -0.35 1.01 0 0 0 79 77
f0_15 f0_13 f1h_182 0.45 -0.45 0.99 0 0 0 79 79
f0_15 f0_13 f1h_196 0.05 -0.05 1.15 0 0 0 79 77
f0_15 f0_434 f1h_182 0.54 -0.54 0.33 0 0 0 78 79
f0_15 f1h_182 f2_277 -0.69 0.69 0.78 0 0 0 79 79
f0_15 f1h_182 f2_700 -0.54 0.54 0.49 0 0 0 79 79
f0_18 f0_92 f1h_18 0.25 -0.25 0.7 0 0 0 77 78
f0_18 f1h_18 f2_368 -0.32 0.32 1.13 0 0 0 78 78
f0_18 f1h_190 f2_368 -0.74 0.74 1.21 0 0 0 77 78
f0_21 f0_68 f2_415 -0.29 0.29 1.24 0 0 0 79 78
f0_23 f0_56 f0_859 -0.02 0.02 1.01 0 0 0 79 77
f0_23 f0_56 f2_873 -0.23 0.23 0.86 0 0 0 79 79
f0_23 f0_114 f1w_32 0.11 -0.11 0.84 0 0 0 78 79
f0_23 f0_188 f0_930 0.35 -0.35 0.43 0 0 0 78 79
f0_23 f0_188 f2_196 0.25 -0.25 0.59 0 0 0 78 79
f0_23 f0_319 f0_891 0.49 -0.49 1.01 0 0 0 77 77
f0_23 f0_319 f1w_449 0.38 -0.38 0.7 0 0 0 77 79
f0_23 f0_319 f2_142 0.42 -0.42 0.57 0 0 0 77 79
f0_23 f0_492 f2_879 -0.4 0.4 0.74 0 0 0 77 79
f0_23 f0_630 f0_930 0.13 -0.13 0.55 0 0 0 78 79
f0_23 f0_645 f0_930 0.36 -0.36 0.57 0 0 0 78 79
f0_23 f0_859 f2_142 0.06 -0.06 0.88 0 0 0 77 79
f0_23 f0_859 f2_334 -0.21 0.21 0.72 0 0 0 77 78
f0_23 f0_930 f1h_280 -0.38 0.38 0.31 0 0 0 79 78
f0_23 f0_930 f1w_449 0.05 -0.05 0.66 0 0 0 79 79
f0_23 f0_930 f2_700 0.26 -0.26 0.68 0 0 0 79 79
f0_23 f0_930 f2_873 0.07 -0.07 0.54 0 0 0 79 79
f0_23 f1h_280 f1h_406 0.89 -0.89 0.42 0 0 0 78 79
f0_23 f1h_406 f1w_158 -0.69 0.69 0.79 0 0 0 79 79
f0_23 f1h_406 f1w_449 -0.59 0.59 0.85 0 0 0 79 79
f0_23 f1h_406 f2_196 -0.73 0.73 0.66 0 0 0 79 79
f0_23 f1w_32 f2_196 0.26 -0.26 0.49 0 0 0 79 79
f0_23 f1w_292 f2_879 -0.71 0.71 0.7 0 0 0 78 79
f0_23 f2_142 f2_157 -0.38 0.38 0.68 0 0 0 79 78
f0_23 f2_142 f2_196 -0.13 0.13 0.83 0 0 0 79 79
f0_23 f2_157 f2_334 0.11 -0.11 0.73 0 0 0 78 78
f0_23 f2_196 f2_334 -0.06 0.06 0.52 0 0 0 79 78
f0_23 f2_196 f2_879 -0.28 0.28 0.23 0 0 0 79 79
f0_23 f2_196 f2_920 0.58 -0.58 0.9 0 0 0 79 79
f0_23 f2_334 f2_873 -0.01 0.01 0.9 0 0 0 78 79
f0_25 f1h_6 f1h_496 0.11 -0.11 1.17 0 0 0 80 80
f0_25 f1h_6 f2_21 0.14 -0.14 0.82 0 0 0 80 79
f0_25 f1h_6 f2_941 -0.03 0.03 1.24 0 0 0 80 80
f0_25 f1h_163 f2_21 -0.09 0.09 1.18 0 0 0 80 79
f0_25 f1h_163 f2_941 -0.09 0.09 1.19 0 0 0 80 80
f0_25 f1h_494 f2_21 0.33 -0.33 1.22 0 0 0 79 79
f0_26 f0_74 f1w_222 0.21 -0.21 0.56 0 0 0 79 80
f0_26 f0_898 f1h_127 0.81 -0.81 0.68 0 0 0 79 80
f0_26 f1h_127 f1w_30 -0.29 0.29 1.07 0 0 0 80 78
f0_27 f0_8 f1w_100 -0.24 0.24 1.34 0 0 0 77 77
f0_27 f0_8 f2_310 -0.13 0.13 1.21 0 0 0 77 75
f0_27 f0_462 f0_876 0.09 -0.09 0.9 0 0 0 76 77
f0_27 f0_614 f2_310 0.12 -0.12 0.48 0 0 0 77 75
f0_27 f0_614 f2_574 0.11 -0.11 1.1 0 0 0 77 76
f0_27 f0_614 f2_945 0.48 -0.48 0.78 0 0 0 77 76
f0_27 f0_876 f2_945 0.28 -0.28 0.83 0 0 0 77 76
f0_27 f1h_255 f2_310 0.58 -0.58 0.4 0 0 0 75 75
f0_27 f1h_426 f2_310 0.42 -0.42 1.05 0 0 0 76 75
f0_27 f1w_317 f2_310 0.08 -0.08 0.56 0 0 0 76 75
f0_27 f1w_317 f2_900 -0.04 0.04 0.7 0 0 0 76 77
f0_27 f1w_323 f2_310 -0.34 0.34 0.67 0 0 0 77 75
f0_27 f2_310 f2_327 -0.57 0.57 0.54 0 0 0 75 77
f0_27 f2_900 f2_945 0.49 -0.49 0.81 0 0 0 77 76
f0_29 f0_960 f1h_404 0.21 -0.21 1.22 0 0 0 77 78
f0_29 f1h_192 f1h_404 0.47 -0.47 0.87 0 0 0 77 78
f0_31 f1h_205 f2_73 -1.42 1.42 -0.25 0 0 1 80 79
f0_32 f0_908 f1h_207 0.31 -0.31 0.66 0 0 0 77 74
f0_35 f1h_17 f1h_313 -0.24 0.24 1.55 0 0 0 80 80
f0_37 f0_126 f1h_12 0.57 -0.57 0.99 0 0 0 76 79
f0_37 f1h_12 f1h_57 -0.25 0.25 1.24 0 0 0 79 78
f0_37 f1h_12 f1h_151 -0.2 0.2 0.97 0 0 0 79 79
f0_38 f0_4 f1h_309 1.2 -1.2 0.58 0 0 0 77 76
f0_38 f0_50 f0_960 0.12 -0.12 1.25 0 0 0 77 77
f0_38 f0_233 f2_99 0.57 -0.57 0.63 0 0 0 77 78
f0_38 f0_960 f1h_309 0.6 -0.6 -0.09 0 0 0 77 76
f0_38 f0_960 f1h_442 -0.23 0.23 0.61 0 0 0 77 78
f0_38 f0_960 f1h_455 -0.3 0.3 1 0 0 0 77 78
f0_38 f0_960 f1w_206 0.02 -0.02 0.44 0 0 0 77 77
f0_38 f0_960 f1w_406 0.16 -0.16 0.75 0 0 0 77 78
f0_38 f0_960 f2_554 -0.39 0.39 0.75 0 0 0 77 78
f0_38 f1h_161 f1h_309 0.29 -0.29 0.77 0 0 0 78 76
f0_38 f1h_161 f1h_442 -0.37 0.37 0.73 0 0 0 78 78
f0_38 f1h_161 f2_999 -0.38 0.38 0.35 0 0 0 78 76
f0_38 f1h_217 f2_99 -0.01 0.01 1.1 0 0 0 76 78
f0_38 f1h_309 f1h_493 -1.23 0.6 0.27 0 0 0 76 78
f0_38 f1h_442 f1h_493 -0.44 0.44 0.76 0 0 0 78 78
f0_39 f1h_463 f1h_480 -0.3 0.3 1.14 0 0 0 78 80
f0_41 f0_120 f0_955 -0.42 0.42 1.23 0 0 0 78 79
f0_41 f0_155 f0_711 0.54 -0.54 0.24 0 0 0 79 77
f0_41 f0_155 f1h_184 0.22 -0.22 0.16 0 0 0 79 79
f0_41 f0_155 f1w_56 0.38 -0.38 0.25 0 0 0 79 77
f0_41 f0_155 f2_85 0.09 -0.09 0.45 0 0 0 79 78
f0_41 f0_155 f2_647 0.34 -0.34 0.11 0 0 0 79 77
f0_42 f0_102 f2_827 -0.32 0.32 0.94 0 0 0 80 80
f0_42 f0_645 f1w_157 -0.12 0.12 0.87 0 0 0 79 79
f0_43 f0_230 f1h_405 -0.71 0.71 0.72 0 0 0 79 79
f0_43 f0_923 f2_201 0.48 -0.48 0.7 0 0 0 79 79
f0_43 f2_201 f2_900 -0.54 0.54 0.55 0 0 0 79 79
f0_44 f0_768 f1h_438 0.61 -0.61 1.21 0 0 0 78 77
f0_44 f1h_14 f1h_438 0.51 -0.51 0.46 0 0 0 75 77
f0_44 f1h_173 f1h_438 0.78 -0.78 0.75 0 0 0 79 77
f0_44 f1h_426 f1h_438 1.03 -1.03 0.72 0 0 0 78 77
f0_44 f1h_438 f1w_102 -0.92 0.92 0.68 0 0 0 77 78
f0_44 f1h_438 f2_226 -0.6 0.6 0.99 0 0 0 77 79
f0_44 f1h_438 f2_547 -0.08 0.08 0.61 0 0 0 77 79
f0_45 f0_68 f0_420 0.28 -0.28 0.53 0 0 0 80 78
f0_45 f0_76 f0_470 0.1 -0.1 0.38 0 0 0 78 79
f0_45 f0_76 f1h_57 0.36 -0.36 0.9 0 0 0 78 79
f0_45 f0_76 f1h_404 0.04 -0.04 0.82 0 0 0 78 79
f0_45 f0_76 f2_242 0.36 -0.36 0.81 0 0 0 78 79
f0_45 f0_94 f0_614 0.11 -0.11 0.82 0 0 0 79 80
f0_45 f0_104 f1h_108 -0.44 0.44 0.8 0 0 0 80 80
f0_45 f0_104 f1w_369 -0.6 0.6 0.82 0 0 0 80 78
f0_45 f0_104 f2_14 -0.1 0.1 0.55 0 0 0 80 79
f0_45 f0_172 f1h_108 0.18 -0.18 0.76 0 0 0 80 80
f0_45 f0_172 f2_14 0.21 -0.21 0.65 0 0 0 80 79
f0_45 f0_197 f2_242 -0.01 0.01 0.15 0 0 0 79 79
f0_45 f0_420 f1h_57 0.2 -0.2 0.95 0 0 0 78 79
f0_45 f0_420 f1h_73 -0.1 0.1 0.73 0 0 0 78 77
f0_45 f0_470 f1h_108 -0.13 0.13 0.63 0 0 0 79 80
f0_45 f0_470 f1w_369 -0.12 0.12 0.96 0 0 0 79 78
f0_45 f0_470 f2_14 0.07 -0.07 0.92 0 0 0 79 79
f0_45 f0_614 f1h_193 0.29 -0.29 0.65 0 0 0 80 80
f0_45 f0_745 f1h_404 0.28 -0.28 0.86 0 0 0 80 79
f0_45 f0_769 f1h_407 0.47 -0.47 0.77 0 0 0 79 79
f0_45 f0_988 f2_242 0.19 -0.19 1.04 0 0 0 79 79
f0_45 f1h_16 f1h_108 0.37 -0.37 0.42 0 0 0 79 80
f0_45 f1h_57 f1h_108 -0.12 0.12 0.42 0 0 0 79 80
f0_45 f1h_73 f1h_108 0.02 -0.02 0.64 0 0 0 77 80
f0_45 f1h_73 f1w_369 -0.09 0.09 0.65 0 0 0 77 78
f0_45 f1h_73 f2_14 0.04 -0.04 0.54 0 0 0 77 79
f0_45 f1h_73 f2_242 -0.11 0.11 0.05 0 0 0 77 79
f0_45 f1h_108 f1h_128 0.16 -0.16 0.81 0 0 0 80 77
f0_45 f1h_108 f1h_404 -0.09 0.09 0.92 0 0 0 80 79
f0_45 f1h_108 f1h_417 0.23 -0.23 0.99 0 0 0 80 80
f0_45 f1h_108 f1w_159 -0.14 0.14 0.73 0 0 0 80 80
f0_45 f1h_108 f2_242 0.22 -0.22 0.88 0 0 0 80 79
f0_45 f1h_193 f1h_339 -0.02 0.02 0.68 0 0 0 80 79
f0_45 f1h_193 f2_242 0.09 -0.09 1.01 0 0 0 80 79
f0_45 f1h_335 f1h_404 -0.15 0.15 0.97 0 0 0 80 79
f0_45 f1h_367 f1h_407 0.62 -0.62 0.56 0 0 0 80 79
f0_45 f1h_404 f2_14 0.11 -0.11 0.87 0 0 0 79 79
f0_45 f1h_407 f2_242 -0.23 0.23 0.9 0 0 0 79 79
f0_45 f1h_407 f2_256 -1.22 1.22 0.59 0 0 0 79 80
f0_45 f1h_417 f1w_369 -0.4 0.4 0.88 0 0 0 80 78
f0_45 f1h_417 f2_14 -0.2 0.2 0.66 0 0 0 80 79
f0_45 f1w_159 f2_14 0.12 -0.12 0.76 0 0 0 80 79
f0_45 f2_14 f2_242 0.2 -0.2 0.67 0 0 0 79 79
f0_46 f0_802 f0_930 0.03 -0.03 0.93 0 0 0 79 80
f0_46 f0_802 f2_456 -0.04 0.04 0.98 0 0 0 79 78
f0_46 f0_930 f1h_253 0.28 -0.28 1.12 0 0 0 80 80
f0_46 f0_930 f2_491 0.33 -0.33 1.17 0 0 0 80 79
f0_49 f0_421 f2_20 0.69 -0.69 0.12 0 0 0 78 77
f0_49 f0_818 f1w_255 -0.06 0.06 1.11 0 0 0 78 79
f0_49 f0_987 f1w_255 0.18 -0.18 0.73 0 0 0 78 79
f0_49 f1h_198 f1w_255 0.17 -0.17 0.91 0 0 0 78 79
f0_49 f1h_457 f2_20 0.12 -0.12 0.94 0 0 0 75 77
f0_49 f1w_255 f1w_353 0.14 -0.14 0.98 0 0 0 79 76
f0_49 f1w_276 f2_20 0 0 0.37 0 0 0 77 77
f0_50 f0_10 f1h_173 0.21 -0.21 0.82 0 0 0 78 79
f0_50 f0_10 f1h_289 0.37 -0.37 0.62 0 0 0 78 79
f0_50 f0_110 f0_208 0.39 -0.39 0.2 0 0 0 78 79
f0_50 f0_110 f0_768 0.61 -0.61 0.72 0 0 0 78 78
f0_50 f0_110 f0_953 0.2 -0.2 0.14 0 0 0 78 78
f0_50 f0_110 f1h_173 0.84 -0.84 0.2 0 0 0 78 79
f0_50 f0_110 f1h_369 0.07 -0.07 0.26 0 0 0 78 77
f0_50 f0_110 f1h_408 0.07 -0.07 0.71 0 0 0 78 79
f0_50 f0_110 f1w_207 0.03 -0.03 0.47 0 0 0 78 76
f0_50 f0_110 f2_547 0.24 -0.24 0.14 0 0 0 78 79
f0_50 f0_119 f1h_289 -0.07 0.07 1 0 0 0 79 79
f0_50 f0_208 f0_829 -0.09 0.09 0.86 0 0 0 79 76
f0_50 f0_208 f1h_48 -0.14 0.14 0.89 0 0 0 79 78
f0_50 f0_208 f1h_184 -0.44 0.44 0.28 0 0 0 79 79
f0_50 f0_208 f1h_289 0.16 -0.16 0.57 0 0 0 79 79
f0_50 f0_208 f1h_369 -0.32 0.32 0.4 0 0 0 79 77
f0_50 f0_208 f1w_207 -0.46 0.46 0.39 0 0 0 79 76
f0_50 f0_230 f1h_173 0.81 -0.81 0.42 0 0 0 79 79
f0_50 f0_230 f1h_184 -0.31 0.31 -0.19 0 0 0 79 79
f0_50 f0_246 f1h_184 -0.26 0.26 0.58 0 0 0 79 79
f0_50 f0_246 f1h_289 0.42 -0.42 0.44 0 0 0 79 79
f0_50 f0_351 f1w_232 0.01 -0.01 0.94 0 0 0 79 78
f0_50 f0_552 f1h_173 0.45 -0.45 0.87 0 0 0 79 79
f0_50 f0_687 f1h_289 0.23 -0.23 0.57 0 0 0 79 79
f0_50 f0_687 f1h_398 -0.15 0.15 1.21 0 0 0 79 77
f0_50 f0_736 f1h_173 0.27 -0.27 0.92 0 0 0 76 79
f0_50 f0_736 f1h_184 -0.48 0.48 0.05 0 0 0 76 79
f0_50 f0_736 f1h_289 0.09 -0.09 0.72 0 0 0 76 79
f0_50 f0_736 f1h_369 -0.49 0.49 0.39 0 0 0 76 77
f0_50 f0_736 f2_547 -0.37 0.37 0.48 0 0 0 76 79
f0_50 f0_829 f1h_173 0.54 -0.54 0.86 0 0 0 76 79
f0_50 f0_829 f1h_459 0.23 -0.23 1.09 0 0 0 76 79
f0_50 f0_829 f1w_232 -0.18 0.18 0.85 0 0 0 76 78
f0_50 f0_829 f1w_475 0.08 -0.08 0.52 0 0 0 76 76
f0_50 f0_953 f1h_289 -0.35 0.35 0.68 0 0 0 78 79
f0_50 f0_953 f2_285 -0.45 0.45 0.84 0 0 0 78 77
f0_50 f0_955 f1h_173 0.75 -0.75 0.45 0 0 0 79 79
f0_50 f0_955 f1h_184 -0.06 0.06 0.3 0 0 0 79 79
f0_50 f0_955 f2_554 0 0 1.01 0 0 0 79 79
f0_50 f0_974 f1h_184 -0.09 0.09 0.52 0 0 0 79 79
f0_50 f0_974 f2_547 0.04 -0.04 0.81 0 0 0 79 79
f0_50 f1h_104 f1h_289 0.35 -0.35 0.75 0 0 0 79 79
f0_50 f1h_173 f1h_406 -0.33 0.33 1.3 0 0 0 79 78
f0_50 f1h_173 f2_162 -0.83 0.83 0.44 0 0 0 79 77
f0_50 f1h_173 f2_229 -0.31 0.31 0.87 0 0 0 79 78
f0_50 f1h_184 f1h_455 0.98 -0.98 0.4 0 0 0 79 79
f0_50 f1h_184 f1h_459 0.67 -0.67 0.44 0 0 0 79 79
f0_50 f1h_184 f1w_475 0.39 -0.39 0.36 0 0 0 79 76
f0_50 f1h_184 f2_162 -0.07 0.07 0.32 0 0 0 79 77
f0_50 f1h_184 f2_285 0.27 -0.27 0.44 0 0 0 79 77
f0_50 f1h_184 f2_399 0.07 -0.07 0.51 0 0 0 79 78
f0_50 f1h_289 f1h_455 0.66 -0.66 0.52 0 0 0 79 79
f0_50 f1h_289 f1h_459 0.06 -0.06 1.05 0 0 0 79 79
f0_50 f1h_289 f1w_475 -0.13 0.13 0.76 0 0 0 79 76
f0_50 f1h_289 f2_114 -0.35 0.35 0.66 0 0 0 79 78
f0_50 f1h_289 f2_162 -0.59 0.59 0.32 0 0 0 79 77
f0_50 f1h_289 f2_547 -0.15 0.15 0.55 0 0 0 79 79
f0_50 f1h_289 f2_554 0.09 -0.09 0.62 0 0 0 79 79
f0_50 f1h_369 f1h_455 0.85 -0.85 0.52 0 0 0 77 79
f0_50 f1h_369 f1h_459 0.48 -0.48 0.71 0 0 0 77 79
f0_50 f1h_369 f1w_475 0.35 -0.35 0.75 0 0 0 77 76
f0_50 f1h_398 f1w_475 0.27 -0.27 0.78 0 0 0 77 76
f0_50 f1h_406 f1w_232 -0.35 0.35 0.94 0 0 0 78 78
f0_50 f1h_455 f1w_207 -0.87 0.87 0.78 0 0 0 79 76
f0_50 f1w_207 f1w_475 0.48 -0.48 0.68 0 0 0 76 76
f0_50 f1w_207 f2_162 0.03 -0.03 0.7 0 0 0 76 77
f0_50 f1w_232 f2_162 -0.17 0.17 0.41 0 0 0 78 77
f0_50 f1w_475 f2_285 -0.24 0.24 0.69 0 0 0 76 77
f0_50 f2_229 f2_554 -0.44 0.44 0.99 0 0 0 78 79
f0_54 f0_587 f0_966 0.69 -0.69 0.62 0 0 0 80 78
f0_54 f0_898 f0_966 0.68 -0.68 0.37 0 0 0 79 78
f0_54 f0_966 f1w_51 -0.66 0.66 0.94 0 0 0 78 80
f0_54 f0_966 f2_138 -0.5 0.5 0.88 0 0 0 78 80
f0_54 f0_966 f2_911 -0.46 0.46 0.7 0 0 0 78 80
f0_54 f1h_171 f2_911 -0.35 0.35 0.69 0 0 0 80 80
f0_56 f0_23 f1h_305 -0.08 0.08 0.95 0 0 0 79 78
f0_56 f0_23 f1w_62 -0.13 0.13 0.49 0 0 0 79 80
f0_56 f0_102 f1h_305 -0.11 0.11 0.66 0 0 0 80 78
f0_56 f0_361 f1h_305 0.24 -0.24 0.28 0 0 0 80 78
f0_56 f0_361 f1w_40 0.45 -0.45 0.29 0 0 0 80 78
f0_56 f0_450 f0_930 0 0 0.36 0 0 0 79 80
f0_56 f0_607 f0_652 0.31 -0.31 0.65 0 0 0 80 80
f0_56 f0_607 f1h_305 0.25 -0.25 0.54 0 0 0 80 78
f0_56 f0_607 f1h_375 0.08 -0.08 1.08 0 0 0 80 80
f0_56 f0_607 f1w_201 0.01 -0.01 0.58 0 0 0 80 80
f0_56 f0_607 f2_14 0.35 -0.35 0.73 0 0 0 80 79
f0_56 f0_607 f2_489 0.17 -0.17 0.98 0 0 0 80 79
f0_56 f0_632 f2_14 0.66 -0.66 0.95 0 0 0 78 79
f0_56 f0_652 f0_930 -0.27 0.27 0.57 0 0 0 80 80
f0_56 f0_652 f1w_201 -0.22 0.22 0.59 0 0 0 80 80
f0_56 f0_652 f2_52 -0.1 0.1 1.23 0 0 0 80 80
f0_56 f0_661 f1w_201 -0.48 0.48 0.58 0 0 0 79 80
f0_56 f0_721 f2_334 0.01 -0.01 1.2 0 0 0 79 79
f0_56 f0_841 f0_930 -0.34 0.34 0.31 0 0 0 80 80
f0_56 f0_841 f1h_123 -0.2 0.2 0.95 0 0 0 80 79
f0_56 f0_841 f1h_305 0.68 -0.68 0.65 0 0 0 80 78
f0_56 f0_841 f1h_375 -0.02 0.02 0.91 0 0 0 80 80
f0_56 f0_930 f1w_62 0.27 -0.27 0.48 0 0 0 80 80
f0_56 f0_930 f2_14 0.52 -0.6 0.62 0 0 0 80 79
f0_56 f0_974 f1h_305 0.27 -0.27 0.78 0 0 0 80 78
f0_56 f1h_305 f1h_425 -0.72 0.72 0.42 0 0 0 78 80
f0_56 f1h_305 f1w_35 -0.62 0.62 0.96 0 0 0 78 78
f0_56 f1h_305 f1w_425 -0.63 0.63 0.73 0 0 0 78 79
f0_56 f1h_305 f2_142 0.32 -0.32 0.26 0 0 0 78 80
f0_56 f1h_305 f2_334 0.4 -0.4 -0.06 0 0 0 78 79
f0_56 f1h_309 f2_14 0.34 -0.34 0.62 0 0 0 78 79
f0_56 f1h_375 f1w_62 0.21 -0.21 0.77 0 0 0 80 80
f0_56 f1h_425 f1w_201 0.29 -0.29 0.35 0 0 0 80 80
f0_56 f1h_425 f2_14 0.75 -0.75 0.33 0 0 0 80 79
f0_56 f1h_481 f1w_62 -0.31 0.31 0.95 0 0 0 80 80
f0_56 f1h_481 f2_14 0.12 -0.12 1.18 0 0 0 80 79
f0_56 f1w_62 f1w_67 0.38 -0.38 0.78 0 0 0 80 79
f0_56 f1w_62 f1w_201 -0.18 0.18 0.16 0 0 0 80 80
f0_56 f1w_62 f2_334 -0.35 0.35 0.52 0 0 0 80 79
f0_56 f1w_67 f2_14 0.08 -0.08 1.08 0 0 0 79 79
f0_56 f1w_67 f2_964 -0.17 0.17 0.69 0 0 0 79 79
f0_56 f1w_201 f2_14 0.48 -0.48 0.43 0 0 0 80 79
f0_56 f1w_201 f2_142 0.11 -0.11 0.9 0 0 0 80 80
f0_56 f1w_238 f2_14 -0.01 0.01 0.22 0 0 0 80 79
f0_56 f2_14 f2_52 -0.87 0.87 0.1 0 0 0 79 80
f0_56 f2_14 f2_61 -0.15 0.15 1.05 0 0 0 79 79
f0_56 f2_334 f2_869 -0.06 0.06 -0.01 0 0 0 79 78
f0_60 f1h_3 f1h_393 1.48 -1.48 0.57 0 0 0 79 78
f0_60 f1h_21 f1h_393 0.46 -0.46 1.37 0 0 0 79 78
f0_61 f0_37 f1h_184 0.32 -0.32 0.39 0 0 0 78 79
f0_61 f0_37 f2_450 0.16 -0.16 0.48 0 0 0 78 79
f0_61 f0_150 f1h_159 0.17 -0.17 0.26 0 0 0 79 76
f0_61 f0_150 f1h_289 0.04 -0.04 0.66 0 0 0 79 79
f0_61 f0_150 f1h_345 0.12 -0.12 0.54 0 0 0 79 79
f0_61 f0_150 f1w_330 -0.17 0.17 0.95 0 0 0 79 79
f0_61 f0_168 f1w_310 0.07 -0.07 0.83 0 0 0 79 79
f0_61 f0_252 f1h_463 0.6 -0.6 0.84 0 0 0 78 77
f0_61 f0_284 f1h_159 0.41 -0.41 0.99 0 0 0 79 76
f0_61 f0_581 f1h_289 0.7 -0.7 0.76 0 0 0 78 79
f0_61 f0_748 f1h_272 0.61 -0.61 0.4 0 0 0 77 77
f0_61 f0_748 f1h_345 0.3 -0.3 0.3 0 0 0 77 79
f0_61 f0_748 f1w_310 -0.21 0.21 0.46 0 0 0 77 79
f0_61 f0_748 f1w_433 0.01 -0.01 0.99 0 0 0 77 78
f0_61 f0_748 f2_20 -0.34 0.34 0.54 0 0 0 77 77
f0_61 f0_748 f2_366 -0.07 0.07 0.97 0 0 0 77 78
f0_61 f0_748 f2_450 0.12 -0.12 0.53 0 0 0 77 79
f0_61 f0_827 f1w_310 0.15 -0.15 0.73 0 0 0 78 79
f0_61 f0_828 f1h_345 0.33 -0.33 0.82 0 0 0 78 79
f0_61 f1h_25 f1h_345 0.38 -0.38 0.58 0 0 0 78 79
f0_61 f1h_82 f1h_108 -0.6 0.6 0.97 0 0 0 78 79
f0_61 f1h_87 f1h_184 0.51 -0.51 -0.43 0 0 0 79 79
f0_61 f1h_107 f1h_345 0 0 0.58 0 0 0 79 79
f0_61 f1h_107 f2_493 -0.4 0.4 1 0 0 0 79 77
f0_61 f1h_108 f1h_345 0.56 -0.56 0.48 0 0 0 79 79
f0_61 f1h_159 f1h_345 0.17 -0.17 0.29 0 0 0 76 79
f0_61 f1h_174 f1h_184 -0.15 0.15 0.86 0 0 0 76 79
f0_61 f1h_184 f1w_183 -0.34 0.34 0.69 0 0 0 79 79
f0_61 f1h_184 f2_55 -0.2 0.2 0.79 0 0 0 79 79
f0_61 f1h_184 f2_259 0.22 -0.22 0.65 0 0 0 79 78
f0_61 f1h_184 f2_267 -0.11 0.11 0.8 0 0 0 79 79
f0_61 f1h_184 f2_395 -0.23 0.23 0.44 0 0 0 79 78
f0_61 f1h_243 f1w_343 -0.68 0.68 0.8 0 0 0 76 78
f0_61 f1h_243 f2_267 -0.39 0.39 0.92 0 0 0 76 79
f0_61 f1h_272 f1h_345 0 0 0.96 0 0 0 77 79
f0_61 f1h_289 f1h_345 0.25 -0.25 0.5 0 0 0 79 79
f0_61 f1h_289 f1h_463 0.55 -0.55 0.45 0 0 0 79 77
f0_61 f1h_289 f1w_310 -0.34 0.34 0.56 0 0 0 79 79
f0_61 f1h_345 f1w_281 -0.38 0.38 0.73 0 0 0 79 78
f0_61 f1h_345 f1w_310 -0.32 0.32 0.35 0 0 0 79 79
f0_61 f1h_345 f2_259 -0.07 0.07 0.73 0 0 0 79 78
f0_61 f1h_345 f2_267 -0.2 0.2 0.91 0 0 0 79 79
f0_61 f1h_345 f2_493 -0.15 0.15 0.42 0 0 0 79 77
f0_61 f1h_345 f2_627 -0.21 0.21 0.23 0 0 0 79 77
f0_61 f1h_463 f1w_281 -0.7 0.7 0.28 0 0 0 77 78
f0_61 f1h_463 f1w_310 -0.61 0.61 0.06 0 0 0 77 79
f0_61 f1h_463 f2_259 -0.38 0.38 1.06 0 0 0 77 78
f0_61 f1h_463 f2_450 -0.41 0.41 0.42 0 0 0 77 79
f0_61 f1w_281 f1w_310 0.08 -0.08 0.93 0 0 0 78 79
f0_61 f1w_310 f1w_330 -0.04 0.04 0.62 0 0 0 79 79
f0_61 f1w_310 f2_269 -0.32 0.32 0.73 0 0 0 79 78
f0_61 f1w_343 f2_450 0.33 -0.33 0.77 0 0 0 78 79
f0_61 f2_450 f2_627 -0.42 0.42 0.59 0 0 0 79 77
f0_62 f0_583 f1h_138 0.95 -0.95 -0.13 0 0 1 75 78
f0_62 f0_583 f1h_252 0.9 -0.9 -0.21 0 0 1 75 78
f0_62 f0_583 f1h_491 0.75 -0.75 -0.03 0 0 1 75 78
f0_62 f1h_120 f1w_276 -0.16 0.16 -0.08 0 0 1 79 77
f0_62 f1h_138 f2_963 -0.59 0.59 -0.31 0 0 1 78 76
f0_62 f1h_252 f1w_353 -0.48 0.48 0.11 0 0 1 78 76
f0_62 f1h_491 f1w_276 -0.54 0.54 -0.18 0 0 1 78 77
f0_64 f1h_408 f1h_480 1.02 -1.02 1.22 0 0 0 80 80
f0_64 f1h_480 f2_251 -1.36 1.36 0.93 0 0 0 80 78
f0_67 f1h_9 f1h_289 -0.64 0.64 0.78 0 0 0 77 78
f0_67 f1h_9 f1w_23 -1.16 1.16 0.83 0 0 0 77 78
f0_67 f1h_9 f1w_417 0.06 -0.06 0.98 0 0 0 77 77
f0_67 f1h_9 f2_599 -1.24 1.24 0.41 0 0 0 77 77
f0_67 f1h_50 f2_909 -0.5 0.5 1.31 0 0 0 78 78
f0_67 f1h_224 f1w_417 0.7 -0.7 0.77 0 0 0 78 77
f0_67 f1w_417 f2_409 -0.41 0.41 1.02 0 0 0 77 78
f0_67 f1w_417 f2_412 -0.31 0.31 0.97 0 0 0 77 78
f0_68 f0_21 f1w_478 -0.19 0.19 0.77 0 0 0 79 80
f0_68 f0_111 f1h_129 0.13 -0.13 0.91 0 0 0 79 80
f0_68 f0_206 f1h_385 0.55 -0.55 0.64 0 0 0 79 76
f0_68 f0_206 f2_404 0.15 -0.15 1.05 0 0 0 79 80
f0_68 f0_536 f0_612 0.12 -0.12 0.93 0 0 0 80 80
f0_68 f0_612 f1w_478 -0.29 0.29 0.19 0 0 0 80 80
f0_68 f1h_147 f1h_164 0.22 -0.22 1 0 0 0 80 80
f0_68 f1h_164 f2_299 -0.2 0.2 0.96 0 0 0 80 78
f0_68 f1h_336 f1w_478 0.13 -0.13 0.55 0 0 0 80 80
f0_68 f1h_385 f1w_221 -0.55 0.55 0.85 0 0 0 76 79
f0_68 f1h_385 f1w_478 -0.77 0.77 0.24 0 0 0 76 80
f0_68 f1h_385 f2_323 -0.5 0.5 1.17 0 0 0 76 79
f0_68 f1h_445 f1w_1 -0.17 0.17 0.79 0 0 0 79 78
f0_68 f1h_445 f1w_478 -0.03 0.03 0.66 0 0 0 79 80
f0_68 f1w_1 f2_480 0.22 -0.22 0.86 0 0 0 78 78
f0_68 f1w_221 f2_148 0.48 -0.48 1.01 0 0 0 79 79
f0_68 f1w_478 f2_242 -0.1 0.1 0.93 0 0 0 80 79
f0_68 f1w_478 f2_371 -0.17 0.17 0.48 0 0 0 80 79
f0_68 f1w_478 f2_450 -0.25 0.25 0.67 0 0 0 80 80
f0_68 f1w_478 f2_468 0.31 -0.31 -0.01 0 0 0 80 80
f0_68 f1w_478 f2_480 0.17 -0.17 0.72 0 0 0 80 78
f0_69 f1h_357 f2_133 -0.89 0.89 1.19 0 0 0 80 80
f0_73 f1h_206 f2_819 -0.39 0.39 1.24 0 0 0 77 78
f0_75 f1h_181 f2_257 -0.36 0.36 1.11 0 0 0 80 79
f0_76 f0_781 f1h_193 0.83 -0.83 1.04 0 0 0 77 78
f0_76 f1h_193 f1h_301 -0.92 0.92 0.94 0 0 0 78 77
f0_77 f1w_55 f2_85 -0.22 0.22 1.18 0 0 0 79 79
f0_77 f2_6 f2_136 0.22 -0.22 0.93 0 0 0 80 79
f0_77 f2_136 f2_949 0.24 -0.24 1.16 0 0 0 79 78
f0_78 f0_34 f0_173 0.03 -0.03 0.66 0 0 0 78 78
f0_78 f0_34 f1h_361 0.62 -0.62 0.51 0 0 0 78 78
f0_78 f0_173 f1h_223 -0.09 0.09 1 0 0 0 78 78
f0_78 f0_173 f2_769 0.35 -0.35 0.62 0 0 0 78 77
f0_78 f1h_361 f1w_39 -0.06 0.06 0.87 0 0 0 78 79
f0_79 f0_138 f1h_391 0.55 -0.55 0.81 0 0 0 76 77
f0_79 f0_633 f1h_128 1 -1 1.37 0 0 0 77 74
f0_79 f0_633 f1h_370 0.1 -0.1 1.58 0 0 0 77 75
f0_79 f1h_128 f1h_317 -1.13 1.13 0.99 0 0 0 74 77
f0_79 f1h_128 f1h_360 -0.8 0.8 0.92 0 0 0 74 77
f0_79 f1h_128 f2_844 -1.33 1.33 0.36 0 0 0 74 77
f0_79 f1h_259 f1h_370 0.55 -0.55 0.99 0 0 0 77 75
f0_79 f1h_317 f1h_370 0.47 -0.47 0.82 0 0 0 77 75
f0_79 f1h_360 f1h_370 -0.25 0.25 0.43 0 0 0 77 75
f0_79 f1h_360 f1h_391 0.54 -0.54 0.92 0 0 0 77 77
f0_81 f1h_153 f1h_472 1.15 -1.15 0.47 0 0 0 79 80
f0_82 f0_228 f1h_383 0.19 -0.19 1.27 0 0 0 77 78
f0_82 f1h_13 f2_465 -0.1 0.1 0.9 0 0 0 77 77
f0_83 f0_61 f1h_296 0.93 -0.93 0.89 0 0 0 77 78
f0_83 f1h_37 f1h_296 0.22 -0.22 1.32 0 0 0 78 78
f0_83 f1h_296 f1w_206 -0.86 0.86 1.02 0 0 0 78 77
f0_85 f0_896 f1h_87 0.5 -0.5 0.32 0 0 0 79 79
f0_85 f0_896 f2_919 -0.29 0.29 0.75 0 0 0 79 78
f0_85 f1h_43 f1h_417 -0.26 0.26 0.86 0 0 0 79 79
f0_85 f1h_43 f2_242 -0.53 0.53 0.99 0 0 0 79 78
f0_85 f1h_43 f2_506 -0.95 0.95 0.59 0 0 0 79 79
f0_85 f1h_43 f2_919 -0.99 0.99 0.36 0 0 0 79 78
f0_85 f1h_87 f2_1 0.88 -0.88 0.68 0 0 0 79 78
f0_85 f1h_87 f2_242 -0.85 0.32 1.15 0 0 0 79 78
f0_85 f1h_87 f2_371 -1.04 0.11 1.33 0 0 0 79 78
f0_85 f1h_87 f2_409 -1.13 0.2 0.98 0 0 0 79 79
f0_85 f1h_289 f1h_439 -0.11 0.11 1.29 0 0 0 79 79
f0_85 f1h_389 f1h_417 -0.37 0.37 0.87 0 0 0 78 79
f0_85 f1h_389 f2_242 0 0 1.15 0 0 0 78 78
f0_85 f1h_389 f2_506 -0.47 0.47 0.45 0 0 0 78 79
f0_85 f1h_389 f2_919 -0.39 0.39 0.52 0 0 0 78 78
f0_85 f1h_439 f2_1 0.18 -0.18 1.47 0 0 0 79 78
f0_85 f1h_439 f2_229 0.15 -0.15 1.21 0 0 0 79 78
f0_85 f1h_439 f2_366 -0.17 0.17 1.04 0 0 0 79 78
f0_85 f1h_439 f2_986 -0.13 0.13 1.07 0 0 0 79 78
f0_85 f2_1 f2_29 -0.66 0.66 0.89 0 0 0 78 79
f0_85 f2_1 f2_506 -0.91 0.91 0.43 0 0 0 78 79
f0_85 f2_229 f2_506 -0.55 0.55 0.9 0 0 0 78 79
f0_85 f2_506 f2_986 0.34 -0.34 0.7 0 0 0 79 78
f0_86 f0_536 f2_387 0.07 -0.07 0.78 0 0 0 78 77
f0_88 f0_973 f1h_372 0.81 -0.81 0.85 0 0 0 77 78
f0_88 f1h_91 f1h_372 0.47 -0.47 0.88 0 0 0 75 78
f0_88 f1h_356 f1h_372 0.37 -0.37 1.09 0 0 0 78 78
f0_88 f1h_372 f2_976 -0.62 0.62 0.95 0 0 0 78 78
f0_90 f0_831 f1h_14 0.72 -0.72 0.93 0 0 0 80 76
f0_90 f0_831 f2_925 0.39 -0.39 -0.28 0 0 1 80 78
f0_90 f1h_9 f1h_14 0.63 -0.63 0.97 0 0 0 79 76
f0_90 f1h_9 f1h_279 0.46 -0.46 1.19 0 0 0 79 80
f0_90 f1h_14 f1h_279 -0.27 0.27 1.19 0 0 0 76 80
f0_90 f1h_14 f1h_310 -0.72 0.72 1.32 0 0 0 76 80
f0_90 f1h_14 f2_256 -0.62 0.62 1.12 0 0 0 76 80
f0_90 f1h_14 f2_485 -1.35 1.35 0.99 0 0 0 76 79
f0_90 f1h_14 f2_643 -0.6 -0.15 1.96 0 0 0 76 79
f0_90 f1h_48 f1h_212 0.11 -0.11 0.03 0 0 1 79 80
f0_90 f1h_148 f1h_264 -0.54 0.54 1.34 0 0 0 79 80
f0_90 f1h_148 f1h_279 0.8 -0.8 1.44 0 0 0 79 80
f0_90 f1h_148 f2_643 -0.52 0.52 0.58 0 0 0 79 79
f0_90 f1h_212 f2_256 -0.21 0.21 -0.3 0 0 1 80 80
f0_90 f1h_212 f2_643 -0.03 -0.42 -0.02 0 0 1 80 79
f0_90 f1h_212 f2_925 0.16 -0.16 0.15 0 0 1 80 78
f0_90 f1h_257 f2_256 -0.2 0.2 -0.43 0 0 1 78 80
f0_90 f1h_257 f2_485 -0.31 0.31 -0.05 0 0 1 78 79
f0_90 f1h_257 f2_643 0.14 -0.14 -0.2 0 0 1 78 79
f0_90 f1h_264 f2_925 0.39 -0.39 0.41 0 0 1 80 78
f0_90 f1h_279 f2_643 -0.29 0.29 1.26 0 0 0 80 79
f0_90 f1h_279 f2_925 -0.21 0.21 1.47 0 0 0 80 78
f0_90 f1h_310 f2_925 -0.26 0.26 1.48 0 0 0 80 78
f0_90 f2_485 f2_831 0.94 -0.94 1.39 0 0 0 79 78
f0_90 f2_643 f2_831 0.44 -0.44 1.28 0 0 0 79 78
f0_91 f0_258 f2_381 0.03 -0.03 0.86 0 0 0 79 79
f0_91 f1h_115 f1h_276 0.58 -0.58 1.88 0 0 0 80 80
f0_91 f1h_115 f1h_439 0.02 -0.02 1.61 0 0 0 80 80
f0_91 f1h_115 f1w_353 -0.47 0.47 1.59 0 0 0 80 77
f0_91 f1h_115 f2_381 -1.47 1.47 -0.02 0 0 0 80 79
f0_91 f1h_115 f2_941 0.05 -0.17 1.88 0 0 0 80 80
f0_91 f1h_276 f1w_76 -0.32 0.32 1.24 0 0 0 80 78
f0_91 f1h_276 f1w_353 -0.09 0.09 1.48 0 0 0 80 77
f0_91 f1h_439 f1h_451 -0.27 0.27 1.04 0 0 0 80 79
f0_91 f1h_451 f1w_353 -0.7 0.7 0.97 0 0 0 79 77
f0_91 f1h_451 f2_980 -0.97 0.87 0.52 0 0 0 79 80
f0_91 f1w_76 f2_381 -0.46 0.46 0.81 0 0 0 78 79
f0_91 f1w_76 f2_941 0.13 -0.13 -0.44 0 0 1 78 80
f0_91 f1w_353 f2_381 -0.38 0.38 0.86 0 0 0 77 79
f0_91 f2_381 f2_980 -0.33 0.33 0.49 0 0 0 79 80
f0_94 f0_497 f1h_110 0.01 -0.01 0.24 0 0 1 78 79
f0_96 f0_10 f0_255 0.27 -0.27 0.62 0 0 0 78 79
f0_96 f0_10 f0_645 0.1 -0.1 0.73 0 0 0 78 78
f0_96 f0_10 f0_808 0.09 -0.09 0.9 0 0 0 78 79
f0_96 f0_10 f1h_412 -0.06 0.06 0.5 0 0 0 78 77
f0_96 f0_10 f1h_428 -0.28 0.28 0.48 0 0 0 78 79
f0_96 f0_10 f2_127 -0.04 0.04 0.44 0 0 0 78 78
f0_96 f0_10 f2_200 -0.23 0.23 0.21 0 0 0 78 79
f0_96 f0_50 f0_213 -0.22 0.22 0.38 0 0 0 78 79
f0_96 f0_50 f2_169 -0.08 0.08 0.04 0 0 0 78 79
f0_96 f0_90 f0_808 -0.15 0.15 0.96 0 0 0 79 79
f0_96 f0_90 f0_834 -0.44 0.44 0.63 0 0 0 79 78
f0_96 f0_90 f1h_412 -0.07 0.07 0.81 0 0 0 79 77
f0_96 f0_90 f2_200 -0.43 0.43 0.2 0 0 0 79 79
f0_96 f0_213 f0_255 0.15 -0.15 0.42 0 0 0 79 79
f0_96 f0_213 f0_645 0.01 -0.01 0.38 0 0 0 79 78
f0_96 f0_213 f0_676 -0.3 0.3 0.34 0 0 0 79 79
f0_96 f0_213 f0_798 -0.34 0.34 0.6 0 0 0 79 78
f0_96 f0_213 f0_879 -0.04 0.04 0.53 0 0 0 79 79
f0_96 f0_213 f0_974 -0.37 0.37 0.28 0 0 0 79 79
f0_96 f0_213 f1h_245 0.04 -0.04 0.77 0 0 0 79 79
f0_96 f0_213 f1h_359 0.11 -0.11 0.6 0 0 0 79 78
f0_96 f0_213 f1h_412 0.03 -0.03 0.34 0 0 0 79 77
f0_96 f0_213 f1w_84 0.16 -0.16 0.39 0 0 0 79 79
f0_96 f0_213 f1w_304 0.02 -0.02 0.74 0 0 0 79 79
f0_96 f0_213 f1w_379 0.25 -0.25 0.38 0 0 0 79 78
f0_96 f0_213 f1w_422 0.17 -0.17 0.51 0 0 0 79 79
f0_96 f0_213 f2_1 0.32 -0.32 -0.03 0 0 0 79 78
f0_96 f0_213 f2_127 0.2 -0.2 0.23 0 0 0 79 78
f0_96 f0_213 f2_200 -0.34 0.31 0.01 0 0 0 79 79
f0_96 f0_213 f2_317 0.15 -0.15 0.71 0 0 0 79 79
f0_96 f0_213 f2_384 -0.07 0.07 0.7 0 0 0 79 77
f0_96 f0_213 f2_427 -0.09 0.09 0.7 0 0 0 79 78
f0_96 f0_255 f0_645 0.06 -0.06 0.48 0 0 0 79 78
f0_96 f0_255 f0_831 -0.44 0.44 0.34 0 0 0 79 79
f0_96 f0_255 f1h_137 0.12 -0.12 0.51 0 0 0 79 78
f0_96 f0_255 f1h_148 0.06 -0.06 0.75 0 0 0 79 78
f0_96 f0_255 f1h_272 0.55 -0.55 0.45 0 0 0 79 77
f0_96 f0_255 f1h_450 1.06 -1.06 -0.14 0 0 0 79 79
f0_96 f0_255 f1w_30 0.32 -0.32 0.81 0 0 0 79 77
f0_96 f0_255 f1w_84 0.2 -0.2 0.74 0 0 0 79 79
f0_96 f0_255 f1w_379 0.06 -0.06 0.89 0 0 0 79 78
f0_96 f0_255 f1w_422 0 0 1.01 0 0 0 79 79
f0_96 f0_255 f1w_494 -0.35 0.35 0.31 0 0 0 79 79
f0_96 f0_255 f2_169 0.76 -0.76 0.38 0 0 0 79 79
f0_96 f0_255 f2_217 -0.22 0.22 0.62 0 0 0 79 78
f0_96 f0_350 f0_955 -0.13 0.13 0.71 0 0 0 78 79
f0_96 f0_350 f1h_137 0.16 -0.16 0.37 0 0 0 78 78
f0_96 f0_350 f1h_272 0.76 -0.76 0.55 0 0 0 78 77
f0_96 f0_350 f1h_450 0.19 -0.19 0.72 0 0 0 78 79
f0_96 f0_350 f2_127 0.35 -0.35 0.4 0 0 0 78 78
f0_96 f0_594 f0_955 -0.17 0.17 0.34 0 0 0 79 79
f0_96 f0_594 f1h_272 0.76 -0.76 0.49 0 0 0 79 77
f0_96 f0_594 f1h_450 1.13 -1.13 0.16 0 0 0 79 79
f0_96 f0_594 f2_1 -0.11 0.11 0.62 0 0 0 79 78
f0_96 f0_594 f2_127 0.4 -0.4 0.46 0 0 0 79 78
f0_96 f0_594 f2_169 0.6 -0.6 0.41 0 0 0 79 79
f0_96 f0_600 f1w_30 0.5 -0.5 0.44 0 0 0 76 77
f0_96 f0_645 f0_828 -0.29 0.29 0.26 0 0 0 78 79
f0_96 f0_645 f0_831 0.1 -0.1 0.03 0 0 0 78 79
f0_96 f0_645 f0_879 0 0 0.62 0 0 0 78 79
f0_96 f0_645 f0_955 -0.34 0.34 0.35 0 0 0 78 79
f0_96 f0_645 f1h_137 0.12 -0.12 0.74 0 0 0 78 78
f0_96 f0_645 f1h_412 0.06 -0.06 0.52 0 0 0 78 77
f0_96 f0_645 f1w_30 0.27 -0.27 0.98 0 0 0 78 77
f0_96 f0_645 f1w_422 0.29 -0.29 0.15 0 0 0 78 79
f0_96 f0_645 f2_40 -0.33 0.33 0.63 0 0 0 78 79
f0_96 f0_645 f2_169 0.72 -0.72 0.38 0 0 0 78 79
f0_96 f0_645 f2_200 -0.3 0.3 0.09 0 0 0 78 79
f0_96 f0_645 f2_317 0.05 -0.05 0.7 0 0 0 78 79
f0_96 f0_645 f2_361 -0.38 0.38 0.26 0 0 0 78 79
f0_96 f0_645 f2_399 -0.26 0.26 0.52 0 0 0 78 78
f0_96 f0_676 f1h_137 0.44 -0.44 0.43 0 0 0 79 78
f0_96 f0_676 f1h_272 0.58 -0.58 0.37 0 0 0 79 77
f0_96 f0_676 f1h_450 1.42 -1.42 -0.14 0 0 0 79 79
f0_96 f0_676 f1w_30 0.84 -0.84 0.54 0 0 0 79 77
f0_96 f0_676 f2_169 1.07 -1.07 0.46 0 0 0 79 79
f0_96 f0_676 f2_200 0 0 0.34 0 0 0 79 79
f0_96 f0_798 f0_831 -0.04 0.04 0.89 0 0 0 78 79
f0_96 f0_798 f1h_137 0.3 -0.3 0.85 0 0 0 78 78
f0_96 f0_798 f1w_30 0.69 -0.69 0.47 0 0 0 78 77
f0_96 f0_808 f0_955 -0.34 0.34 0.51 0 0 0 79 79
f0_96 f0_808 f1h_148 0.23 -0.23 0.86 0 0 0 79 78
f0_96 f0_808 f1h_264 0.06 -0.06 0.96 0 0 0 79 79
f0_96 f0_808 f1h_272 0.64 -0.64 0.81 0 0 0 79 77
f0_96 f0_808 f1h_450 0.86 -0.86 0.46 0 0 0 79 79
f0_96 f0_808 f1w_30 0.6 -0.6 0.6 0 0 0 79 77
f0_96 f0_808 f1w_379 0.32 -0.32 0.72 0 0 0 79 78
f0_96 f0_808 f2_1 -0.24 0.24 0.81 0 0 0 79 78
f0_96 f0_828 f0_831 0.02 -0.02 0.42 0 0 0 79 79
f0_96 f0_831 f0_879 0.2 -0.2 0.67 0 0 0 79 79
f0_96 f0_831 f1h_245 0.27 -0.27 0.48 0 0 0 79 79
f0_96 f0_831 f1h_412 0.32 -0.32 0.28 0 0 0 79 77
f0_96 f0_831 f1w_304 0.26 -0.26 0.7 0 0 0 79 79
f0_96 f0_831 f1w_379 0.4 -0.4 0.09 0 0 0 79 78
f0_96 f0_831 f2_127 0.39 -0.39 0.21 0 0 0 79 78
f0_96 f0_831 f2_169 1.24 -1.24 -0.24 0 0 0 79 79
f0_96 f0_831 f2_200 -0.18 0.18 -0.12 0 0 0 79 79
f0_96 f0_831 f2_317 0.42 -0.42 0.7 0 0 0 79 79
f0_96 f0_831 f2_355 0.01 -0.01 0.61 0 0 0 79 79
f0_96 f0_831 f2_384 0.07 -0.07 0.64 0 0 0 79 77
f0_96 f0_831 f2_427 0.13 -0.13 0.76 0 0 0 79 78
f0_96 f0_834 f1h_264 0.37 -0.37 0.64 0 0 0 78 79
f0_96 f0_834 f1h_272 0.92 -0.92 0.47 0 0 0 78 77
f0_96 f0_834 f1h_450 1.09 -1.09 -0.07 0 0 0 78 79
f0_96 f0_834 f1w_30 0.93 -0.93 0.13 0 0 0 78 77
f0_96 f0_834 f1w_379 0.67 -0.67 0.35 0 0 0 78 78
f0_96 f0_834 f2_127 0.5 -0.5 0.18 0 0 0 78 78
f0_96 f0_834 f2_169 1.14 -1.14 0.3 0 0 0 78 79
f0_96 f0_879 f1h_450 0.43 -0.43 0.53 0 0 0 79 79
f0_96 f0_879 f2_200 -0.45 0.45 0.12 0 0 0 79 79
f0_96 f0_955 f1h_245 0.37 -0.37 0.48 0 0 0 79 79
f0_96 f0_955 f1h_412 -0.17 0.17 -0.07 0 0 0 79 77
f0_96 f0_955 f1h_428 -0.04 0.04 0.21 0 0 0 79 79
f0_96 f0_955 f1w_304 0.38 -0.38 0.69 0 0 0 79 79
f0_96 f0_955 f2_127 0.53 -0.53 0.06 0 0 0 79 78
f0_96 f0_955 f2_200 0.01 -0.01 0.06 0 0 0 79 79
f0_96 f0_955 f2_317 0.46 -0.46 0.48 0 0 0 79 79
f0_96 f0_974 f1h_428 0.02 -0.02 0.48 0 0 0 79 79
f0_96 f0_974 f1h_450 0.75 -0.75 -0.02 0 0 0 79 79
f0_96 f0_974 f2_127 0.57 -0.57 0.18 0 0 0 79 78
f0_96 f0_974 f2_169 1.12 -1.12 0.29 0 0 0 79 79
f0_96 f1h_137 f1h_245 -0.07 0.07 0.67 0 0 0 78 79
f0_96 f1h_137 f1h_428 -0.37 0.37 0.26 0 0 0 78 79
f0_96 f1h_137 f1w_304 -0.12 0.12 0.98 0 0 0 78 79
f0_96 f1h_137 f2_127 0.07 -0.07 0.66 0 0 0 78 78
f0_96 f1h_137 f2_317 0.07 -0.07 0.63 0 0 0 78 79
f0_96 f1h_137 f2_384 -0.22 0.22 0.64 0 0 0 78 77
f0_96 f1h_148 f1h_412 -0.18 0.18 0.69 0 0 0 78 77
f0_96 f1h_148 f2_200 -0.6 0.6 0.07 0 0 0 78 79
f0_96 f1h_148 f2_361 -0.59 0.59 0.26 0 0 0 78 79
f0_96 f1h_245 f1h_428 -0.14 0.14 0.17 0 0 0 79 79
f0_96 f1h_245 f1h_450 0.71 -0.71 0.68 0 0 0 79 79
f0_96 f1h_245 f2_127 0.19 -0.19 0.56 0 0 0 79 78
f0_96 f1h_245 f2_169 0.52 -0.52 0.72 0 0 0 79 79
f0_96 f1h_264 f1h_412 0.13 -0.13 0.69 0 0 0 79 77
f0_96 f1h_264 f2_200 -0.3 0.3 0.2 0 0 0 79 79
f0_96 f1h_272 f1h_412 -0.75 0.75 0.43 0 0 0 77 77
f0_96 f1h_272 f1h_444 -0.63 0.63 0.86 0 0 0 77 79
f0_96 f1h_272 f1w_84 -0.48 0.48 1.14 0 0 0 77 79
f0_96 f1h_272 f1w_115 -0.86 0.86 0.44 0 0 0 77 78
f0_96 f1h_272 f2_40 -0.89 0.89 0.45 0 0 0 77 79
f0_96 f1h_272 f2_217 -0.42 0.42 1.37 0 0 0 77 78
f0_96 f1h_272 f2_357 -0.65 0.65 0.53 0 0 0 77 78
f0_96 f1h_272 f2_361 -0.61 0.61 0.29 0 0 0 77 79
f0_96 f1h_359 f2_169 0.09 -0.09 1.1 0 0 0 78 79
f0_96 f1h_412 f1h_450 1.34 -1.34 0.36 0 0 0 77 79
f0_96 f1h_412 f1w_30 0.56 -0.56 0.42 0 0 0 77 77
f0_96 f1h_412 f1w_379 0.22 -0.22 0.68 0 0 0 77 78
f0_96 f1h_412 f2_169 0.82 -0.82 0.36 0 0 0 77 79
f0_96 f1h_412 f2_217 -0.17 0.17 0.57 0 0 0 77 78
f0_96 f1h_412 f2_384 -0.02 0.02 0.6 0 0 0 77 77
f0_96 f1h_428 f1w_422 0.56 -0.56 0.47 0 0 0 79 79
f0_96 f1h_428 f2_200 -0.29 0.29 -0.16 0 0 0 79 79
f0_96 f1h_428 f2_399 0.15 -0.15 0.29 0 0 0 79 78
f0_96 f1h_444 f1h_450 0.27 -0.27 0.83 0 0 0 79 79
f0_96 f1h_444 f2_127 0.33 -0.33 0.74 0 0 0 79 78
f0_96 f1h_444 f2_169 0.03 -0.03 0.96 0 0 0 79 79
f0_96 f1h_444 f2_200 -0.21 0.21 0.42 0 0 0 79 79
f0_96 f1h_450 f1w_84 -0.3 0.3 1.09 0 0 0 79 79
f0_96 f1h_450 f1w_115 -1.15 0.68 -0.01 0 0 0 79 78
f0_96 f1h_450 f1w_422 0.02 -0.02 1.04 0 0 0 79 79
f0_96 f1h_450 f2_40 -0.49 0.41 0.64 0 0 0 79 79
f0_96 f1h_450 f2_217 0.03 -0.03 1.25 0 0 0 79 78
f0_96 f1h_450 f2_317 -0.81 0.81 0.55 0 0 0 79 79
f0_96 f1h_450 f2_357 -0.17 0.17 0.84 0 0 0 79 78
f0_96 f1h_450 f2_384 -0.81 0.47 0.65 0 0 0 79 77
f0_96 f1h_450 f2_427 -0.05 0.05 0.97 0 0 0 79 78
f0_96 f1w_30 f1w_304 -0.56 0.56 0.82 0 0 0 77 79
f0_96 f1w_30 f2_40 -0.38 0.38 0.43 0 0 0 77 79
f0_96 f1w_30 f2_127 -0.47 0.47 0.51 0 0 0 77 78
f0_96 f1w_30 f2_357 -0.03 0.03 0.21 0 0 0 77 78
f0_96 f1w_30 f2_361 -0.94 0.86 0.14 0 0 0 77 79
f0_96 f1w_30 f2_384 -0.63 0.63 0.75 0 0 0 77 77
f0_96 f1w_30 f2_427 -0.65 0.65 0.65 0 0 0 77 78
f0_96 f1w_84 f2_127 0.18 -0.18 0.9 0 0 0 79 78
f0_96 f1w_84 f2_200 -0.36 0.36 0.43 0 0 0 79 79
f0_96 f1w_115 f2_127 0.53 -0.53 0.43 0 0 0 78 78
f0_96 f1w_115 f2_169 1.12 -1.12 0.39 0 0 0 78 79
f0_96 f1w_379 f2_169 0.56 -0.56 0.54 0 0 0 78 79
f0_96 f1w_379 f2_200 -0.58 0.58 0.2 0 0 0 78 79
f0_96 f1w_422 f2_127 0.02 -0.02 0.83 0 0 0 79 78
f0_96 f1w_422 f2_169 0.22 -0.22 0.3 0 0 0 79 79
f0_96 f1w_422 f2_200 -0.53 0.53 0.19 0 0 0 79 79
f0_96 f1w_422 f2_361 -0.55 0.55 0.51 0 0 0 79 79
f0_96 f1w_494 f2_127 0.45 -0.45 0.37 0 0 0 79 78
f0_96 f1w_494 f2_200 -0.59 0.59 -0.3 0 0 0 79 79
f0_96 f2_1 f2_169 1.02 -1.02 0.18 0 0 0 78 79
f0_96 f2_1 f2_200 -0.03 0.03 0.3 0 0 0 78 79
f0_96 f2_1 f2_361 -0.08 0.08 0.61 0 0 0 78 79
f0_96 f2_127 f2_169 0.79 -0.79 0.18 0 0 0 78 79
f0_96 f2_127 f2_200 -0.54 0.54 0.03 0 0 0 78 79
f0_96 f2_127 f2_217 -0.31 0.31 0.59 0 0 0 78 78
f0_96 f2_127 f2_361 -0.06 0.06 0.08 0 0 0 78 79
f0_96 f2_127 f2_399 -0.46 0.46 0.36 0 0 0 78 78
f0_96 f2_169 f2_200 -1.08 0.1 0.02 0 0 0 79 79
f0_96 f2_169 f2_217 -0.22 0.22 1.07 0 0 0 79 78
f0_96 f2_169 f2_357 -0.55 0.51 0.51 0 0 0 79 78
f0_96 f2_169 f2_427 0 0 0.93 0 0 0 79 78
f0_96 f2_200 f2_217 0.19 -0.19 0.38 0 0 0 79 78
f0_96 f2_200 f2_357 0.79 -0.79 -0.22 0 0 0 79 78
f0_96 f2_200 f2_384 0.21 -0.21 0.34 0 0 0 79 77
f0_98 f1h_238 f2_666 -0.05 0.05 2 0 0 0 79 80
f0_100 f1h_54 f1h_139 -0.44 0.44 2.06 0 0 0 78 79
f0_100 f1h_54 f1h_198 -0.86 0.86 1.1 0 0 0 78 78
f0_100 f1h_54 f1h_407 -0.86 0.03 2.46 0 0 0 78 78
f0_100 f1h_198 f1h_407 -0.33 0.27 0.26 0 0 1 78 78
f0_101 f0_225 f1h_33 1.09 -1.09 0.51 0 0 0 78 77
f0_101 f1h_4 f1h_424 0.47 -0.47 0.42 0 0 0 79 77
f0_101 f1h_33 f1h_37 -0.77 0.77 1.09 0 0 0 77 79
f0_101 f1h_33 f1h_86 -1.21 1.21 0.95 0 0 0 77 77
f0_101 f1h_33 f1w_169 -0.74 0.74 0.98 0 0 0 77 78
f0_101 f1h_33 f1w_328 -0.89 0.89 0.96 0 0 0 77 77
f0_101 f1h_33 f2_108 -0.89 0.89 1.04 0 0 0 77 78
f0_101 f1h_33 f2_651 -1.17 1.17 0.74 0 0 0 77 79
f0_102 f0_628 f1h_133 0.68 -0.68 0.81 0 0 0 78 79
f0_102 f1h_133 f2_745 -1.01 1.01 0.91 0 0 0 79 80
f0_102 f2_176 f2_200 -0.17 0.17 1.12 0 0 0 79 80
f0_104 f0_45 f1h_86 -0.11 0.11 1.2 0 0 0 80 78
f0_104 f0_45 f1h_395 -0.49 0.49 0.98 0 0 0 80 80
f0_104 f0_68 f1h_86 0.42 -0.42 0.78 0 0 0 80 78
f0_104 f0_68 f1h_404 0.87 -0.87 0.76 0 0 0 80 79
f0_104 f0_175 f1h_16 0.59 -0.59 1.05 0 0 0 79 79
f0_104 f0_555 f1h_57 0.05 -0.05 1.14 0 0 0 80 79
f0_104 f0_704 f1h_57 -0.02 0.02 0.91 0 0 0 80 79
f0_104 f1h_16 f1w_105 -0.44 0.44 1.13 0 0 0 79 80
f0_104 f1h_57 f1h_86 0.1 -0.1 1.21 0 0 0 79 78
f0_104 f1h_57 f1h_404 0.11 -0.11 1.27 0 0 0 79 79
f0_104 f1h_57 f1w_105 -0.69 0.69 0.87 0 0 0 79 80
f0_104 f1h_57 f1w_415 -0.9 0.9 0.91 0 0 0 79 79
f0_104 f1h_57 f1w_427 0.01 -0.01 0.98 0 0 0 79 77
f0_104 f1h_57 f2_289 -0.12 0.12 1.09 0 0 0 79 80
f0_104 f1h_57 f2_381 -1.39 0.1 -0.09 0 0 0 79 79
f0_104 f1h_86 f1w_437 -0.1 0.1 0.77 0 0 0 78 80
f0_104 f1h_269 f2_381 -0.2 0.2 0.2 0 0 0 79 79
f0_104 f1h_404 f2_16 -0.37 0.37 0.76 0 0 0 79 78
f0_104 f1h_404 f2_678 -0.42 0.42 1.04 0 0 0 79 80
f0_104 f1w_475 f2_381 -0.4 0.4 0.2 0 0 0 77 79
f0_104 f2_127 f2_381 -0.35 0.35 0.36 0 0 0 79 79
f0_104 f2_381 f2_678 0.82 -0.82 -0.32 0 0 0 79 80
f0_104 f2_381 f2_950 0.19 -0.19 0.42 0 0 0 79 78
f0_108 f0_259 f1h_210 0.5 -0.5 1.45 0 0 0 76 78
f0_108 f1h_210 f1h_479 -0.43 0.43 0.78 0 0 0 78 78
f0_112 f1h_266 f1h_356 -0.57 0.57 1.06 0 0 0 80 80
f0_114 f0_455 f2_580 0.87 -0.87 0.52 0 0 0 78 78
f0_114 f2_177 f2_580 0.45 -0.45 0.77 0 0 0 79 78
f0_115 f1h_436 f2_424 0.04 -0.04 1.99 0 0 0 76 77
f0_115 f2_424 f2_721 -0.79 0.79 0.9 0 0 0 77 75
f0_116 f0_213 f1h_97 0.74 -0.74 0.77 0 0 0 80 80
f0_116 f0_213 f1h_372 0.73 -0.73 0.71 0 0 0 80 80
f0_116 f0_396 f1h_386 -0.5 0.5 0.91 0 0 0 79 80
f0_116 f1h_97 f1h_150 -0.23 0.23 1.12 0 0 0 80 79
f0_116 f1h_97 f1h_255 -0.93 0.93 0.67 0 0 0 80 78
f0_116 f1h_97 f1h_370 -0.46 0.46 0.74 0 0 0 80 78
f0_116 f1h_97 f1h_386 -0.87 0.87 0.22 0 0 0 80 80
f0_116 f1h_97 f1w_489 -0.76 0.76 0.77 0 0 0 80 80
f0_116 f1h_97 f2_761 -0.07 0.07 1.54 0 0 0 80 79
f0_116 f1h_370 f1h_372 -0.34 0.34 1 0 0 0 78 80
f0_116 f1h_372 f1h_386 -0.33 0.33 0.76 0 0 0 80 80
f0_116 f1h_386 f1h_461 0.44 -0.44 0.64 0 0 0 80 80
f0_117 f1h_188 f2_381 -0.68 0.68 1.31 0 0 0 80 79
f0_119 f0_50 f1h_123 -0.25 0.25 1 0 0 0 79 79
f0_119 f0_50 f1h_372 -0.62 0.62 0.58 0 0 0 79 80
f0_119 f0_56 f0_637 0.17 -0.17 0.69 0 0 0 80 80
f0_119 f0_56 f0_913 -0.15 0.15 0.28 0 0 0 80 80
f0_119 f0_56 f1h_180 0.52 -0.52 0.52 0 0 0 80 80
f0_119 f0_56 f1h_372 0 0 -0.04 0 0 0 80 80
f0_119 f0_64 f1h_372 -0.16 0.16 0.42 0 0 0 80 80
f0_119 f0_64 f1w_482 0.46 -0.46 0.88 0 0 0 80 80
f0_119 f0_244 f1h_372 -0.35 0.35 0.28 0 0 0 80 80
f0_119 f0_575 f0_768 -0.18 0.18 0.88 0 0 0 79 79
f0_119 f0_575 f0_913 -0.42 0.42 0.29 0 0 0 79 80
f0_119 f0_575 f1h_123 -0.27 0.27 0.6 0 0 0 79 79
f0_119 f0_575 f1h_305 -0.83 0.83 0.19 0 0 0 79 78
f0_119 f0_575 f1w_482 0.27 -0.27 0.83 0 0 0 79 80
f0_119 f0_575 f2_937 -0.12 0.12 0.64 0 0 0 79 80
f0_119 f0_768 f1h_372 -0.55 0.55 0.56 0 0 0 79 80
f0_119 f0_768 f2_246 -0.51 0.51 0.9 0 0 0 79 78
f0_119 f0_768 f2_461 -0.55 0.55 0.69 0 0 0 79 80
f0_119 f0_778 f0_913 -0.19 0.19 0.54 0 0 0 78 80
f0_119 f0_778 f1h_372 -0.18 0.18 0.34 0 0 0 78 80
f0_119 f0_844 f0_913 -0.3 0.3 0.11 0 0 0 80 80
f0_119 f0_844 f1h_372 -0.4 0.4 -0.44 0 0 0 80 80
f0_119 f0_913 f0_953 0.6 -0.6 0.26 0 0 0 80 79
f0_119 f0_913 f1w_39 0.08 -0.08 0.05 0 0 0 80 80
f0_119 f0_913 f2_642 0.33 -0.33 0 0 0 0 80 80
f0_119 f0_953 f1h_123 -0.18 0.18 0.56 0 0 0 79 79
f0_119 f0_953 f1h_372 -0.58 0.51 0.02 0 0 0 79 80
f0_119 f1h_123 f1h_180 0.28 -0.28 0.48 0 0 0 79 80
f0_119 f1h_123 f1w_39 -0.37 0.37 0.51 0 0 0 79 80
f0_119 f1h_180 f2_143 0.07 -0.07 0.84 0 0 0 80 80
f0_119 f1h_305 f1w_61 0.06 -0.06 0.69 0 0 0 78 79
f0_119 f1h_372 f1h_459 0.49 -0.49 0.43 0 0 0 80 80
f0_119 f1h_372 f1w_61 0.02 -0.02 0.38 0 0 0 80 79
f0_119 f1h_372 f2_186 0.31 -0.31 0.42 0 0 0 80 80
f0_119 f1h_372 f2_677 0.39 -0.39 0.42 0 0 0 80 79
f0_119 f2_143 f2_186 -0.17 0.17 1.21 0 0 0 80 80
f0_124 f1h_333 f2_889 -0.37 0.37 1.18 0 0 0 77 76
f0_125 f0_313 f0_355 -0.03 0.03 0.52 0 0 0 80 79
f0_125 f0_355 f1h_350 0.37 -0.37 1 0 0 0 79 79
f0_125 f0_355 f1h_489 0.55 -0.55 0.57 0 0 0 79 78
f0_125 f0_441 f1h_350 0.87 -0.87 0.41 0 0 0 79 79
f0_125 f1h_81 f1h_489 0.42 -0.42 0.52 0 0 0 80 78
f0_126 f1h_180 f1h_255 -0.68 0.68 0.83 0 0 0 77 75
f0_127 f0_61 f1h_415 -0.21 0.21 1.16 0 0 0 78 78
f0_127 f0_61 f2_444 -0.13 0.13 1.22 0 0 0 78 78
f0_127 f1h_82 f1h_415 -0.24 0.24 1.3 0 0 0 78 78
f0_127 f1h_82 f2_444 -0.13 0.13 1.45 0 0 0 78 78
f0_127 f1h_289 f1h_356 0.13 -0.13 1.15 0 0 0 79 79
f0_127 f1h_289 f2_127 -0.16 0.16 1.16 0 0 0 79 78
f0_127 f1h_356 f1h_415 -0.44 0.44 0.68 0 0 0 79 78
f0_127 f1h_415 f1w_330 0.09 -0.09 0.96 0 0 0 78 79
f0_128 f0_120 f1h_257 -0.05 0.05 2.1 0 0 0 78 77
f0_128 f0_120 f2_11 0.1 -0.1 2 0 0 0 78 76
f0_129 f0_830 f1h_106 0.27 -0.27 1.17 0 0 0 80 80
f0_129 f0_830 f1h_375 1.1 -1.1 0.86 0 0 0 80 80
f0_129 f1h_375 f2_547 -0.96 0.96 0.67 0 0 0 80 80
f0_130 f0_547 f1h_340 0.22 -0.22 0.94 0 0 0 78 79
f0_130 f0_596 f1h_42 0 0 0.9 0 0 0 79 78
f0_132 f0_192 f2_495 -0.02 0.02 -0.12 0 0 1 77 78
f0_132 f0_436 f2_495 0.12 -0.12 -0.37 0 0 1 78 78
f0_132 f1h_258 f2_495 0.06 -0.06 -0.47 0 0 1 77 78
f0_132 f1h_496 f2_495 0.24 -0.24 -0.35 0 0 1 78 78
f0_132 f1w_55 f2_495 0.1 -0.1 -0.34 0 0 1 77 78
f0_133 f0_219 f2_651 -0.11 0.11 1.04 0 0 0 79 79
f0_133 f0_219 f2_896 -0.31 0.31 0.34 0 0 0 79 77
f0_133 f0_828 f1h_266 -0.03 0.03 1.25 0 0 0 78 79
f0_133 f1h_42 f2_968 0.3 -0.3 0.61 0 0 0 77 77
f0_133 f1h_159 f2_896 -0.45 0.45 0.1 0 0 0 76 77
f0_133 f1w_206 f2_896 -0.05 0.05 0.59 0 0 0 78 77
f0_133 f1w_298 f2_896 0.26 -0.26 0.69 0 0 0 78 77
f0_133 f1w_494 f2_968 0.37 -0.37 0.76 0 0 0 79 77
f0_133 f2_896 f2_913 0 0 0.77 0 0 0 77 79
f0_133 f2_896 f2_968 0.18 -0.24 0.3 0 0 0 77 77
f0_136 f0_713 f1h_405 0.54 -0.54 0.79 0 0 0 79 80
f0_136 f1h_405 f2_685 -0.28 0.28 0.98 0 0 0 80 79
f0_137 f0_526 f1h_260 0.6 -0.6 -0.49 0 0 1 78 79
f0_137 f0_604 f1h_118 0.09 -0.09 1.25 0 0 0 79 79
f0_137 f1h_260 f2_491 -0.42 0.42 1.01 0 0 0 79 78
f0_138 f0_98 f0_988 -0.08 0.08 1.31 0 0 0 79 78
f0_138 f0_189 f1h_345 0.24 -0.24 0.66 0 0 0 77 79
f0_138 f0_628 f0_692 -0.33 0.33 1.05 0 0 0 77 78
f0_138 f0_628 f1h_372 -0.4 0.4 0.82 0 0 0 77 79
f0_138 f0_628 f2_377 -0.27 0.27 1.02 0 0 0 77 79
f0_138 f0_692 f2_602 -0.45 0.45 0.65 0 0 0 78 79
f0_138 f1h_28 f2_142 -0.45 0.45 1.22 0 0 0 79 79
f0_138 f1h_252 f1h_345 0.3 -0.3 0.72 0 0 0 78 79
f0_138 f1h_252 f1h_372 -0.18 0.18 0.87 0 0 0 78 79
f0_138 f1h_305 f1h_345 0.78 -0.78 0.62 0 0 0 77 79
f0_138 f1h_345 f1w_276 -0.62 0.62 0.52 0 0 0 79 77
f0_138 f1h_345 f2_61 -0.62 0.62 0.97 0 0 0 79 78
f0_138 f1h_345 f2_377 0.26 -0.26 0.31 0 0 0 79 79
f0_138 f1h_345 f2_977 -0.22 0.22 1.13 0 0 0 79 79
f0_138 f1h_372 f1h_418 -0.01 0.01 0.6 0 0 0 79 79
f0_138 f2_142 f2_291 0.01 -0.01 1.08 0 0 0 79 77
f0_139 f1h_392 f1h_398 -0.26 0.26 1.22 0 0 0 79 78
f0_139 f1h_392 f1w_445 -0.29 0.29 1.07 0 0 0 79 80
f0_139 f1h_392 f2_917 -0.48 0.48 1.01 0 0 0 79 78
f0_140 f0_146 f1h_81 -0.16 0.16 1.18 0 0 0 79 79
f0_141 f0_861 f1w_222 0.27 -0.27 0.82 0 0 0 79 79
f0_142 f0_272 f2_873 0.09 -0.09 1.18 0 0 0 79 79
f0_142 f0_624 f1w_434 0.05 -0.05 0.78 0 0 0 78 77
f0_142 f0_974 f1h_292 0.52 -0.52 1 0 0 0 79 77
f0_142 f1h_69 f1h_292 -0.42 0.42 0.7 0 0 0 78 77
f0_142 f1h_69 f1w_434 -0.96 0.96 0.49 0 0 0 78 77
f0_142 f1h_69 f2_409 -0.97 0.97 0.84 0 0 0 78 79
f0_142 f1h_252 f1h_452 0.54 -0.54 1.11 0 0 0 78 79
f0_142 f1h_292 f2_781 -0.37 0.37 1.2 0 0 0 77 79
f0_144 f0_438 f1h_475 -0.05 0.05 -0.17 0 0 1 79 80
f0_144 f0_438 f1h_482 -0.29 0.29 -0.32 0 0 1 79 79
f0_147 f1h_273 f2_18 -0.9 0.9 0.85 0 0 0 79 79
f0_147 f1h_273 f2_724 -0.09 0.09 1.15 0 0 0 79 77
f0_151 f1h_329 f1h_354 -0.1 0.1 0.4 0 0 1 80 80
f0_151 f1h_354 f1h_466 0.57 -0.57 -0.39 0 0 1 80 80
f0_152 f0_58 f0_236 0.16 -0.16 0.86 0 0 0 78 80
f0_152 f0_58 f0_407 0.26 -0.26 0.8 0 0 0 78 80
f0_152 f0_58 f0_714 0.23 -0.23 0.61 0 0 0 78 80
f0_152 f0_58 f1h_147 0.47 -0.47 0.9 0 0 0 78 80
f0_152 f0_58 f2_2 0.02 -0.02 0.89 0 0 0 78 80
f0_152 f0_58 f2_359 0.09 -0.09 0.55 0 0 0 78 78
f0_152 f0_58 f2_690 -0.13 0.13 0.7 0 0 0 78 78
f0_152 f0_58 f2_703 0.3 -0.3 0.37 0 0 0 78 79
f0_152 f0_58 f2_730 -0.29 0.29 0.5 0 0 0 78 80
f0_152 f0_154 f0_312 0.53 -0.53 0.63 0 0 0 78 79
f0_152 f0_208 f0_714 0.57 -0.57 0.71 0 0 0 80 80
f0_152 f0_211 f2_690 0.16 -0.16 1.08 0 0 0 80 78
f0_152 f0_282 f2_904 0.4 -0.4 0.88 0 0 0 79 79
f0_152 f0_312 f1h_320 -0.29 0.29 0.4 0 0 0 79 80
f0_152 f0_312 f2_690 -0.48 0.48 0.69 0 0 0 79 78
f0_152 f0_312 f2_904 -0.09 0.09 0.75 0 0 0 79 79
f0_152 f0_341 f2_2 -0.24 0.24 1.48 0 0 0 79 80
f0_152 f0_407 f1h_136 0.15 -0.15 1.33 0 0 0 80 79
f0_152 f0_407 f2_564 -0.66 0.66 0.72 0 0 0 80 80
f0_152 f0_407 f2_951 -0.56 0.56 0.75 0 0 0 80 79
f0_152 f0_714 f1h_136 -0.37 0.37 0.71 0 0 0 80 79
f0_152 f0_714 f1w_21 -0.57 0.57 0.56 0 0 0 80 79
f0_152 f0_897 f2_730 0.01 -0.01 0.52 0 0 0 79 80
f0_152 f1h_136 f2_904 -0.17 0.17 1.37 0 0 0 79 79
f0_152 f1h_320 f2_904 0.27 -0.27 0.72 0 0 0 80 79
f0_152 f2_134 f2_904 0.26 -0.26 0.88 0 0 0 80 79
f0_152 f2_359 f2_703 0.43 -0.43 0.8 0 0 0 78 79
f0_152 f2_703 f2_904 -0.1 0.1 0.74 0 0 0 79 79
f0_152 f2_730 f2_997 -0.07 0.07 0.92 0 0 0 80 80
f0_152 f2_904 f2_951 -0.51 0.51 0.71 0 0 0 79 79
f0_153 f1h_187 f1h_235 -0.26 0.26 2.24 0 0 0 80 80
f0_153 f1h_187 f2_734 0.07 -0.07 -0.45 0 0 1 80 80
f0_154 f0_966 f1h_232 -0.39 0.39 0.89 0 0 0 76 75
f0_154 f0_966 f1w_455 -0.57 0.57 0.55 0 0 0 76 78
f0_154 f1h_232 f1w_147 -0.25 0.25 0.61 0 0 0 75 77
f0_154 f1h_238 f1h_408 0.76 -0.76 1.09 0 0 0 77 78
f0_154 f1h_408 f1w_335 -1.05 1.05 0.81 0 0 0 78 77
f0_154 f1w_147 f1w_455 0.02 -0.02 0.72 0 0 0 77 78
f0_157 f0_6 f1h_492 0.55 -0.55 1.27 0 0 0 79 77
f0_157 f0_200 f1h_492 0.32 -0.32 1.69 0 0 0 79 77
f0_157 f1h_140 f1h_492 0.02 -0.02 1.94 0 0 0 79 77
f0_158 f1h_33 f1h_493 0.1 -0.1 1.44 0 0 0 77 79
f0_158 f1h_33 f1w_258 -0.12 0.12 1.41 0 0 0 77 79
f0_158 f1h_493 f2_359 -0.16 0.16 1.26 0 0 0 79 77
f0_159 f0_71 f1h_17 0.39 -0.39 1.32 0 0 0 78 78
f0_160 f0_725 f2_359 -0.54 0.54 1.14 0 0 0 76 77
f0_160 f1h_159 f2_787 -0.68 0.68 0.94 0 0 0 76 79
f0_162 f0_83 f1w_451 0.53 -0.53 0.85 0 0 0 78 78
f0_162 f0_369 f1h_161 0.98 -0.98 0.26 0 0 0 78 80
f0_162 f0_369 f1w_447 0.36 -0.36 0.89 0 0 0 78 80
f0_162 f0_765 f1h_403 0.62 -0.62 0.71 0 0 0 80 80
f0_162 f1h_161 f2_24 -0.81 0.81 0.93 0 0 0 80 80
f0_162 f1h_161 f2_910 -0.83 0.83 0.69 0 0 0 80 80
f0_162 f1h_469 f2_811 0.18 -0.18 0.88 0 0 0 80 79
f0_162 f1w_451 f2_811 0.21 -0.21 0.84 0 0 0 78 79
f0_163 f0_15 f1h_234 0.74 -0.74 1.06 0 0 0 77 77
f0_163 f0_45 f1h_234 0.92 -0.92 1.04 0 0 0 78 77
f0_163 f1h_22 f1h_159 -0.52 0.52 0.83 0 0 0 78 75
f0_163 f1h_22 f1w_310 -0.61 0.61 0.81 0 0 0 78 78
f0_163 f1h_123 f1w_310 0.43 -0.43 0.58 0 0 0 77 78
f0_163 f1h_123 f2_792 0.79 -0.79 0.57 0 0 0 77 78
f0_163 f1h_123 f2_986 1.39 -1.39 0.33 0 0 0 77 77
f0_163 f1h_234 f2_20 -0.73 0.73 0.61 0 0 0 77 76
f0_163 f1h_234 f2_700 -0.56 0.56 1.23 0 0 0 77 78
f0_163 f1h_269 f2_986 1.35 -1.35 0.26 0 0 0 77 77
f0_163 f2_20 f2_986 0.91 -0.91 0.83 0 0 0 76 77
f0_163 f2_112 f2_986 0.37 -0.37 1.04 0 0 0 78 77
f0_163 f2_306 f2_395 0.23 -0.23 0.71 0 0 0 75 77
f0_163 f2_306 f2_792 0.55 -0.55 0.61 0 0 0 75 78
f0_163 f2_361 f2_986 1.33 -1.33 0.51 0 0 0 78 77
f0_163 f2_395 f2_986 0.62 -0.62 0.63 0 0 0 77 77
f0_163 f2_461 f2_986 1.21 -1.21 0.49 0 0 0 78 77
f0_166 f0_497 f2_602 0.93 -0.93 -0.22 0 0 0 79 80
f0_166 f0_704 f1h_63 1.43 -1.43 0.58 0 0 0 80 79
f0_166 f0_704 f2_602 0.36 -0.36 1.04 0 0 0 80 80
f0_166 f1h_63 f1h_361 -1.24 1.24 0.71 0 0 0 79 79
f0_166 f1h_63 f1h_403 -0.47 0.47 0.43 0 0 0 79 80
f0_166 f1h_361 f2_602 0.36 -0.36 1.1 0 0 0 79 80
f0_166 f1h_403 f1h_493 -0.87 0.87 0.85 0 0 0 80 80
f0_166 f1h_403 f2_602 -0.59 0.59 0.84 0 0 0 80 80
f0_168 f0_37 f0_166 0.49 -0.49 0.51 0 0 0 79 80
f0_168 f0_37 f2_631 0.11 -0.11 0.65 0 0 0 79 79
f0_168 f0_166 f1h_142 1.11 -1.11 0.57 0 0 0 80 78
f0_168 f0_166 f1h_328 -0.03 0.03 1.17 0 0 0 80 78
f0_168 f0_166 f2_540 -0.56 0.56 0.79 0 0 0 80 80
f0_168 f0_166 f2_870 0.05 -0.05 0.79 0 0 0 80 80
f0_168 f0_541 f1h_142 1.14 -1.14 0.48 0 0 0 80 78
f0_168 f0_541 f1h_426 0.84 -0.84 0.63 0 0 0 80 79
f0_168 f0_541 f2_870 0.57 -0.57 0.51 0 0 0 80 80
f0_168 f0_748 f1h_142 0.72 -0.72 0.3 0 0 0 78 78
f0_168 f1h_25 f1h_426 0.1 -0.1 1.5 0 0 0 79 79
f0_168 f1h_25 f2_870 -0.25 0.25 1.07 0 0 0 79 80
f0_168 f1h_142 f1w_86 -0.71 0.71 0.77 0 0 0 78 80
f0_168 f1h_142 f2_345 -0.8 0.8 0.98 0 0 0 78 79
f0_168 f1h_142 f2_870 -1.01 1.01 0.4 0 0 0 78 80
f0_168 f1h_309 f2_870 0.54 -0.54 0.8 0 0 0 78 80
f0_168 f1h_328 f1w_86 -0.39 0.39 0.61 0 0 0 78 80
f0_168 f1h_426 f1w_86 -0.25 0.25 1.15 0 0 0 79 80
f0_168 f1h_426 f2_145 -0.23 0.23 0.74 0 0 0 79 78
f0_168 f1w_86 f2_870 0.02 -0.02 1.11 0 0 0 80 80
f0_168 f2_631 f2_870 -0.12 0.12 0.86 0 0 0 79 80
f0_170 f0_747 f2_965 0.83 -0.83 0.93 0 0 0 80 78
f0_171 f1h_140 f1h_434 0.74 -0.74 0.92 0 0 0 78 77
f0_171 f1h_193 f1h_434 0.4 -0.4 0.82 0 0 0 78 77
f0_171 f1h_381 f1h_434 0.67 -0.67 0.91 0 0 0 77 77
f0_171 f1h_434 f2_47 -0.57 0.57 0.85 0 0 0 77 78
f0_171 f1h_434 f2_917 -0.35 0.35 0.3 0 0 0 77 76
f0_172 f0_131 f1h_489 0.44 -0.44 1.49 0 0 0 80 78
f0_172 f0_993 f1h_150 0.04 -0.04 0.61 0 0 0 78 79
f0_172 f2_807 f2_963 -0.21 0.21 1.1 0 0 0 79 77
f0_175 f0_225 f1h_282 0.19 -0.19 1.45 0 0 0 78 79
f0_175 f0_225 f2_980 -0.17 0.17 0.99 0 0 0 78 79
f0_175 f0_574 f1w_105 0.24 -0.24 0.71 0 0 0 78 79
f0_175 f0_574 f2_968 0.07 -0.07 0.27 0 0 0 78 77
f0_175 f0_608 f1h_282 0.54 -0.54 1.03 0 0 0 79 79
f0_175 f0_814 f2_968 -0.4 0.4 0.24 0 0 0 78 77
f0_175 f1h_282 f2_479 -0.11 0.11 1.25 0 0 0 79 79
f0_175 f1h_282 f2_804 -0.76 0.76 1.19 0 0 0 79 79
f0_176 f0_13 f2_959 0.18 -0.18 0.73 0 0 0 79 79
f0_176 f0_220 f0_374 0.28 -0.28 0.86 0 0 0 79 78
f0_176 f0_374 f1h_379 0.32 -0.32 0.37 0 0 0 78 79
f0_176 f0_374 f2_650 -0.47 0.47 1.02 0 0 0 78 77
f0_176 f0_716 f1h_379 0.85 -0.85 0.42 0 0 0 79 79
f0_176 f1h_40 f2_922 -0.11 0.11 1.48 0 0 0 77 79
f0_176 f1h_104 f2_468 -0.15 0.15 1.17 0 0 0 79 79
f0_176 f1h_328 f2_959 0.28 -0.28 0.85 0 0 0 77 79
f0_176 f1h_379 f2_534 0.35 -0.35 0.32 0 0 0 79 78
f0_176 f2_468 f2_959 0.23 -0.23 0.54 0 0 0 79 79
f0_183 f0_253 f0_345 0.05 -0.05 1.25 0 0 0 77 77
f0_183 f0_253 f2_937 -0.23 0.23 0.98 0 0 0 77 78
f0_183 f0_347 f0_938 0.26 -0.26 0.85 0 0 0 78 78
f0_183 f0_347 f1w_259 0.49 -0.49 0.83 0 0 0 78 77
f0_183 f0_347 f1w_495 0.13 -0.13 0.51 0 0 0 78 78
f0_183 f0_347 f2_359 0.11 -0.11 0.32 0 0 0 78 76
f0_183 f0_936 f2_737 -0.28 0.28 0.94 0 0 0 78 75
f0_183 f1w_495 f2_737 -0.41 0.41 0.99 0 0 0 78 75
f0_186 f1h_7 f1h_186 -0.51 0.51 1.13 0 0 0 78 79
f0_187 f1h_123 f1w_477 -1.29 1.29 1.1 0 0 0 78 78
f0_187 f1h_123 f2_515 -1 1 1.19 0 0 0 78 79
f0_187 f1h_123 f2_539 -0.84 0.84 0.8 0 0 0 78 77
f0_187 f1h_212 f1h_236 -0.02 0.02 1.36 0 0 0 79 78
f0_189 f0_930 f1h_457 0.73 -0.73 0.52 0 0 0 78 74
f0_189 f1h_295 f1h_457 -0.13 0.13 1.43 0 0 0 77 74
f0_192 f0_68 f0_132 -0.14 0.14 0.3 0 0 0 79 77
f0_192 f0_68 f0_436 0.31 -0.31 0.67 0 0 0 79 79
f0_192 f0_68 f0_625 -0.01 0.01 0.76 0 0 0 79 79
f0_192 f0_68 f0_711 0.07 -0.07 0.55 0 0 0 79 77
f0_192 f0_68 f0_948 0.29 -0.29 0.82 0 0 0 79 78
f0_192 f0_68 f1w_3 -0.17 0.17 0.56 0 0 0 79 79
f0_192 f0_68 f1w_55 0.11 -0.11 0.94 0 0 0 79 78
f0_192 f0_68 f1w_260 0.13 -0.13 0.65 0 0 0 79 76
f0_192 f0_95 f0_927 0.18 -0.18 0.86 0 0 0 79 79
f0_192 f0_95 f1h_37 -0.11 0.11 0.77 0 0 0 79 79
f0_192 f0_95 f1h_103 -0.37 0.37 -0.01 0 0 0 79 78
f0_192 f0_95 f1w_3 -0.12 0.12 0.19 0 0 0 79 79
f0_192 f0_95 f1w_206 -0.28 0.28 0.46 0 0 0 79 78
f0_192 f0_95 f1w_224 0.16 -0.16 0.91 0 0 0 79 78
f0_192 f0_95 f1w_260 0.31 -0.31 0.61 0 0 0 79 76
f0_192 f0_95 f2_25 -0.14 0.14 0.93 0 0 0 79 78
f0_192 f0_132 f0_738 0.49 -0.49 0.29 0 0 0 77 79
f0_192 f0_132 f0_809 -0.16 0.16 0.41 0 0 0 77 77
f0_192 f0_132 f0_945 0.3 -0.3 0.38 0 0 0 77 79
f0_192 f0_132 f0_987 -0.03 0.03 0.02 0 0 0 77 78
f0_192 f0_132 f1h_103 -0.01 0.01 0.55 0 0 0 77 78
f0_192 f0_132 f1h_339 -0.05 0.05 0.7 0 0 0 77 78
f0_192 f0_132 f1h_494 0.12 -0.12 0.29 0 0 0 77 78
f0_192 f0_132 f1w_206 -0.19 0.19 0.44 0 0 0 77 78
f0_192 f0_132 f1w_425 0.22 -0.22 0.55 0 0 0 77 78
f0_192 f0_132 f2_70 0.51 -0.51 0.48 0 0 0 77 79
f0_192 f0_436 f0_898 -0.2 0.2 0.45 0 0 0 79 78
f0_192 f0_436 f1h_103 -0.45 0.45 0.42 0 0 0 79 78
f0_192 f0_436 f1h_494 0.18 -0.18 0.45 0 0 0 79 78
f0_192 f0_436 f2_81 -0.46 0.46 0.51 0 0 0 79 78
f0_192 f0_625 f2_70 0.34 -0.34 1.2 0 0 0 79 79
f0_192 f0_634 f2_92 0.12 -0.12 0.73 0 0 0 78 78
f0_192 f0_791 f1h_198 -0.16 0.16 0.7 0 0 0 78 78
f0_192 f0_791 f2_61 -0.36 0.36 1.02 0 0 0 78 78
f0_192 f0_809 f2_61 0.22 -0.22 0.66 0 0 0 77 78
f0_192 f0_898 f1w_260 0.35 -0.35 0.73 0 0 0 78 76
f0_192 f0_898 f1w_425 0.2 -0.2 0.61 0 0 0 78 78
f0_192 f0_945 f1w_260 -0.09 0.09 0.84 0 0 0 79 76
f0_192 f0_945 f2_61 0.22 -0.22 0.28 0 0 0 79 78
f0_192 f0_948 f0_987 -0.54 0.54 0.59 0 0 0 78 78
f0_192 f0_948 f1h_103 -0.36 0.36 0.72 0 0 0 78 78
f0_192 f0_948 f2_81 0.02 -0.02 0.52 0 0 0 78 78
f0_192 f0_948 f2_92 -0.41 0.41 0.7 0 0 0 78 78
f0_192 f0_987 f1w_425 -0.06 0.06 0.28 0 0 0 78 78
f0_192 f1h_37 f1h_261 0.28 -0.28 0.92 0 0 0 79 79
f0_192 f1h_103 f1w_406 0.19 -0.19 0.73 0 0 0 78 79
f0_192 f1h_103 f2_61 0.06 -0.06 0.56 0 0 0 78 78
f0_192 f1h_103 f2_92 0.08 -0.08 0.48 0 0 0 78 78
f0_192 f1h_120 f2_70 0.65 -0.65 0.85 0 0 0 79 79
f0_192 f1h_120 f2_92 0.35 -0.35 0.08 0 0 0 79 78
f0_192 f1h_198 f1w_30 0.03 -0.03 0.96 0 0 0 78 77
f0_192 f1h_198 f2_81 -0.19 0.19 0.65 0 0 0 78 78
f0_192 f1h_261 f1w_206 -0.5 0.5 0.72 0 0 0 79 78
f0_192 f1h_261 f2_4 0.03 -0.03 0.72 0 0 0 79 78
f0_192 f1h_309 f1w_3 0.11 -0.11 0.83 0 0 0 77 79
f0_192 f1h_339 f1w_55 0.27 -0.27 1.08 0 0 0 78 78
f0_192 f1w_3 f2_4 0.37 -0.37 0.35 0 0 0 79 78
f0_192 f1w_3 f2_92 0.08 -0.08 0.54 0 0 0 79 78
f0_192 f1w_30 f2_4 0.23 -0.23 0.75 0 0 0 77 78
f0_192 f1w_55 f1w_206 -0.43 0.43 0.66 0 0 0 78 78
f0_192 f1w_55 f2_81 -0.27 0.27 0.77 0 0 0 78 78
f0_192 f1w_425 f2_92 -0.09 0.09 0.73 0 0 0 78 78
f0_192 f2_4 f2_81 -0.53 0.53 0.38 0 0 0 78 78
f0_192 f2_61 f2_81 -0.09 0.09 0.53 0 0 0 78 78
f0_195 f0_156 f2_578 0.9 -0.9 1.1 0 0 0 78 78
f0_197 f1h_129 f2_558 -0.57 0.57 0.64 0 0 0 79 79
f0_197 f1h_255 f1h_494 0.24 -0.24 1.35 0 0 0 77 78
f0_198 f1h_15 f1h_193 0.99 -0.99 1.65 0 0 0 79 80
f0_200 f0_6 f0_188 -0.33 0.33 0.86 0 0 0 80 79
f0_200 f0_6 f1h_289 0.13 -0.13 0.82 0 0 0 80 80
f0_200 f0_15 f0_520 -0.2 0.2 0.75 0 0 0 79 79
f0_200 f0_15 f0_713 -0.04 0.04 0.04 0 0 0 79 79
f0_200 f0_36 f0_403 0.14 -0.14 0.83 0 0 0 79 79
f0_200 f0_36 f1h_273 0 0 0.17 0 0 0 79 79
f0_200 f0_101 f1h_273 0.15 -0.15 0.91 0 0 0 79 79
f0_200 f0_131 f1h_273 0.15 -0.15 0.46 0 0 0 80 79
f0_200 f0_131 f2_351 -0.39 0.39 0.32 0 0 0 80 78
f0_200 f0_147 f0_188 0 0 0.38 0 0 0 80 79
f0_200 f0_147 f1h_227 -0.01 0.01 1.22 0 0 0 80 79
f0_200 f0_147 f1h_289 -0.22 0.22 0.72 0 0 0 80 80
f0_200 f0_147 f2_355 -0.13 0.13 0.98 0 0 0 80 80
f0_200 f0_157 f0_188 -0.56 0.56 0.7 0 0 0 79 79
f0_200 f0_157 f1h_273 0.11 -0.11 0.37 0 0 0 79 79
f0_200 f0_157 f1h_289 -0.21 0.21 1.05 0 0 0 79 80
f0_200 f0_157 f1w_192 -0.59 0.59 0.66 0 0 0 79 79
f0_200 f0_188 f0_520 0.02 -0.02 0.62 0 0 0 79 79
f0_200 f0_188 f0_713 -0.18 0.18 0.01 0 0 0 79 79
f0_200 f0_188 f1h_459 0.26 -0.26 0.84 0 0 0 79 80
f0_200 f0_188 f1w_11 -0.17 0.17 -0.09 0 0 0 79 79
f0_200 f0_269 f0_713 -0.27 0.27 0.42 0 0 0 79 79
f0_200 f0_403 f0_713 -0.53 0.53 0.19 0 0 0 79 79
f0_200 f0_403 f1w_11 -0.3 0.3 0.6 0 0 0 79 79
f0_200 f0_520 f1h_289 0.29 -0.29 0.54 0 0 0 79 80
f0_200 f0_713 f1h_140 0.79 -0.79 0.13 0 0 0 79 80
f0_200 f0_713 f1h_273 0.41 -0.41 0.07 0 0 0 79 79
f0_200 f0_713 f1h_417 0.34 -0.34 0.4 0 0 0 79 80
f0_200 f0_713 f2_143 0.3 -0.3 0.27 0 0 0 79 80
f0_200 f0_713 f2_153 0.25 -0.25 0.4 0 0 0 79 80
f0_200 f0_713 f2_373 0.25 -0.25 0.66 0 0 0 79 79
f0_200 f0_767 f1h_289 0.25 -0.25 0.59 0 0 0 80 80
f0_200 f0_767 f2_355 0.32 -0.32 0.78 0 0 0 80 80
f0_200 f0_769 f1h_273 0.19 -0.19 0.54 0 0 0 79 79
f0_200 f0_769 f1w_11 -0.14 0.14 0.47 0 0 0 79 79
f0_200 f0_769 f2_452 0.08 -0.08 1.08 0 0 0 79 79
f0_200 f0_769 f2_554 0.64 -0.64 0.78 0 0 0 79 80
f0_200 f1h_140 f1h_289 -0.19 0.19 0.92 0 0 0 80 80
f0_200 f1h_140 f1w_11 -0.49 0.49 0.37 0 0 0 80 79
f0_200 f1h_140 f2_554 0.13 -0.13 0.81 0 0 0 80 80
f0_200 f1h_273 f1h_289 -0.02 0.02 0.43 0 0 0 79 80
f0_200 f1h_273 f1h_424 0.04 -0.04 0.6 0 0 0 79 78
f0_200 f1h_273 f1w_401 -0.34 0.34 0.63 0 0 0 79 79
f0_200 f1h_273 f1w_480 0.4 -0.4 0.71 0 0 0 79 79
f0_200 f1h_273 f2_554 0.45 -0.45 0.45 0 0 0 79 80
f0_200 f1h_289 f1h_459 0.06 -0.06 0.7 0 0 0 80 80
f0_200 f1h_289 f1w_388 0.05 -0.05 0.39 0 0 0 80 79
f0_200 f1h_289 f2_143 -0.27 0.27 0.82 0 0 0 80 80
f0_200 f1h_289 f2_454 0.39 -0.39 0.38 0 0 0 80 80
f0_200 f1h_289 f2_527 0.13 -0.13 0.87 0 0 0 80 80
f0_200 f1h_424 f2_454 0.16 -0.16 0.52 0 0 0 78 80
f0_200 f1w_11 f1w_192 0.06 -0.06 0.37 0 0 0 79 79
f0_200 f1w_192 f2_454 0.43 -0.43 0.59 0 0 0 79 80
f0_200 f2_16 f2_454 0.39 -0.39 1.05 0 0 0 78 80
f0_200 f2_527 f2_554 0.26 -0.26 0.93 0 0 0 80 80
f0_201 f0_7 f1h_124 0.03 -0.03 0.92 0 0 0 77 77
f0_201 f1h_428 f2_910 -0.98 0.98 0.51 0 0 0 77 77
f0_203 f0_64 f2_721 0.21 -0.21 0.66 0 0 0 79 77
f0_203 f0_111 f0_166 -0.32 0.32 0.5 0 0 0 78 79
f0_203 f0_111 f2_180 0.08 -0.08 0.93 0 0 0 78 79
f0_203 f0_111 f2_424 0.07 -0.07 0.57 0 0 0 78 79
f0_203 f0_111 f2_503 0.12 -0.12 0.71 0 0 0 78 78
f0_203 f0_111 f2_546 -0.28 0.28 0.69 0 0 0 78 79
f0_203 f0_159 f0_607 0.32 -0.32 0.44 0 0 0 77 79
f0_203 f0_166 f0_255 0.3 -0.3 0.69 0 0 0 79 79
f0_203 f0_166 f1h_96 0.16 -0.16 0.43 0 0 0 79 78
f0_203 f0_192 f2_503 0.1 -0.1 1.27 0 0 0 78 78
f0_203 f0_225 f0_866 0.55 -0.55 0.57 0 0 0 78 79
f0_203 f0_225 f1w_23 0.24 -0.24 0.7 0 0 0 78 79
f0_203 f0_225 f2_406 0.14 -0.14 0.66 0 0 0 78 78
f0_203 f0_225 f2_424 0.27 -0.27 0.6 0 0 0 78 79
f0_203 f0_225 f2_721 0.69 -0.69 0.27 0 0 0 78 77
f0_203 f0_430 f2_180 0.24 -0.24 0.89 0 0 0 79 79
f0_203 f0_555 f2_20 -0.25 0.25 0.68 0 0 0 79 77
f0_203 f0_607 f0_859 0.07 -0.07 0.9 0 0 0 79 77
f0_203 f0_607 f0_866 0.22 -0.22 0.8 0 0 0 79 79
f0_203 f0_607 f1h_96 -0.16 0.16 0.48 0 0 0 79 78
f0_203 f0_607 f1w_200 -0.11 0.11 0.76 0 0 0 79 79
f0_203 f0_607 f2_540 -0.25 0.25 0.57 0 0 0 79 79
f0_203 f0_607 f2_546 -0.19 0.19 0.52 0 0 0 79 79
f0_203 f0_740 f1h_40 0.05 -0.05 0.93 0 0 0 79 77
f0_203 f0_740 f2_721 -0.28 0.28 0.43 0 0 0 79 77
f0_203 f0_768 f1w_2 -0.75 0.75 0.7 0 0 0 78 77
f0_203 f0_768 f2_721 -0.04 0.04 1.17 0 0 0 78 77
f0_203 f0_866 f0_945 -0.48 0.48 0.64 0 0 0 79 79
f0_203 f0_945 f2_20 -0.4 0.4 0.59 0 0 0 79 77
f0_203 f0_945 f2_650 0.14 -0.14 1.05 0 0 0 79 77
f0_203 f1h_404 f2_650 0.57 -0.57 0.81 0 0 0 78 77
f0_203 f1w_102 f2_721 0.52 -0.52 0.49 0 0 0 78 77
f0_203 f1w_200 f2_20 -0.14 0.14 0.46 0 0 0 79 77
f0_203 f1w_240 f2_20 -0.08 0.08 0.13 0 0 0 78 77
f0_203 f1w_240 f2_650 0.24 -0.24 1.13 0 0 0 78 77
f0_203 f2_20 f2_424 0.47 -0.47 -0.05 0 0 0 77 79
f0_203 f2_20 f2_721 0.33 -0.33 0.38 0 0 0 77 77
f0_203 f2_251 f2_721 0.52 -0.52 0.63 0 0 0 77 77
f0_203 f2_353 f2_721 0.72 -0.72 0.48 0 0 0 78 77
f0_203 f2_503 f2_721 0.09 -0.09 0.74 0 0 0 78 77
f0_204 f0_66 f2_264 0.37 -0.37 -0.23 0 0 1 79 78
f0_204 f1w_133 f2_264 0.05 -0.05 1.03 0 0 0 78 78
f0_204 f2_493 f2_551 -0.11 0.11 -0.22 0 0 1 77 79
f0_207 f0_793 f1w_368 0.39 -0.39 0.18 0 0 0 76 76
f0_207 f1w_368 f2_980 -0.59 0.59 0.79 0 0 0 76 78
f0_208 f0_76 f1h_299 0.11 -0.11 0.92 0 0 0 78 80
f0_208 f0_206 f0_503 -0.54 0.54 0.45 0 0 0 79 80
f0_208 f0_206 f2_390 -0.29 0.29 0.53 0 0 0 79 80
f0_208 f0_503 f1h_398 0.61 -0.61 0.8 0 0 0 80 78
f0_208 f1h_4 f1h_389 -0.05 0.05 0.9 0 0 0 80 79
f0_208 f1h_156 f2_259 0.56 -0.56 0.99 0 0 0 78 79
f0_208 f2_390 f2_764 -0.06 0.06 0.94 0 0 0 80 80
f0_213 f0_228 f0_580 0.2 -0.2 0.37 0 0 0 79 80
f0_219 f1w_287 f1w_432 -0.03 0.03 0.98 0 0 0 79 80
f0_221 f0_729 f1w_333 0.84 -0.84 0.74 0 0 0 77 78
f0_225 f0_126 f0_934 0.31 -0.31 0.89 0 0 0 76 79
f0_225 f0_964 f1h_492 -0.36 0.36 1.15 0 0 0 76 77
f0_225 f1w_255 f2_21 0.5 -0.5 0.37 0 0 0 79 78
f0_228 f0_213 f0_259 0.06 -0.06 1.38 0 0 0 79 76
f0_230 f0_188 f1w_285 0.66 -0.66 0.9 0 0 0 79 80
f0_230 f0_441 f1h_289 0.62 -0.62 0.58 0 0 0 79 80
f0_230 f0_743 f1h_42 0.46 -0.46 0.49 0 0 0 79 78
f0_230 f1h_289 f2_517 -0.04 0.04 0.53 0 0 0 80 80
f0_233 f0_139 f2_580 -0.22 0.22 0.88 0 0 0 79 78
f0_233 f0_370 f2_27 0.12 -0.12 0.71 0 0 0 78 77
f0_233 f0_661 f2_580 -0.16 0.16 0.86 0 0 0 78 78
f0_233 f1h_81 f2_580 -0.2 0.2 -0.21 0 0 0 79 78
f0_233 f1w_120 f1w_411 -0.11 0.11 1.19 0 0 0 78 77
f0_233 f1w_120 f2_580 -0.3 0.3 0.18 0 0 0 78 78
f0_233 f2_2 f2_580 0.08 -0.08 0.4 0 0 0 79 78
f0_233 f2_260 f2_580 0.21 -0.21 0.05 0 0 0 77 78
f0_233 f2_267 f2_690 -0.98 0.98 0.87 0 0 0 79 77
f0_233 f2_580 f2_690 0.07 -0.07 0.7 0 0 0 78 77
f0_238 f0_471 f1w_201 0.22 -0.22 0.98 0 0 0 80 80
f0_238 f0_820 f1w_201 0.3 -0.3 0.99 0 0 0 80 80
f0_238 f1h_459 f1w_201 0.14 -0.14 0.8 0 0 0 80 80
f0_238 f1w_201 f1w_408 -0.2 0.2 0.7 0 0 0 80 80
f0_238 f1w_201 f2_373 -0.48 0.48 1.18 0 0 0 80 79
f0_238 f1w_201 f2_821 0.02 -0.02 1.17 0 0 0 80 79
f0_240 f0_181 f1h_223 0.41 -0.41 0.79 0 0 0 77 77
f0_240 f0_614 f1w_23 0.66 -0.66 0.7 0 0 0 78 78
f0_240 f1h_223 f1w_23 0.04 -0.04 0.67 0 0 0 77 78
f0_240 f1h_223 f2_345 -0.19 0.19 0.96 0 0 0 77 77
f0_240 f1h_223 f2_822 -0.17 0.17 0.85 0 0 0 77 77
f0_240 f1w_23 f2_985 -0.61 0.61 0.72 0 0 0 78 76
f0_244 f0_18 f2_690 0.14 -0.14 0.61 0 0 0 78 78
f0_244 f0_134 f0_1000 0.13 -0.13 0.81 0 0 0 79 78
f0_244 f0_1000 f1h_7 0.09 -0.09 0.79 0 0 0 78 79
f0_244 f0_1000 f2_61 0.12 -0.12 0.98 0 0 0 78 79
f0_244 f0_1000 f2_490 0.34 -0.34 1.02 0 0 0 78 80
f0_244 f1h_7 f1w_323 0.5 -0.5 0.62 0 0 0 79 80
f0_244 f1h_7 f2_338 -0.23 0.23 0.78 0 0 0 79 80
f0_254 f0_140 f0_814 -0.19 0.19 0.93 0 0 0 78 78
f0_254 f0_140 f1w_2 -0.38 0.38 0.69 0 0 0 78 77
f0_255 f0_15 f1w_326 -0.02 0.02 0.56 0 0 0 79 79
f0_255 f0_474 f1w_463 0.13 -0.13 0.98 0 0 0 80 79
f0_255 f0_474 f2_304 0.1 -0.1 0.56 0 0 0 80 80
f0_255 f0_829 f1w_449 0.08 -0.08 0.94 0 0 0 77 80
f0_255 f0_829 f2_843 -0.02 0.02 1.09 0 0 0 77 78
f0_255 f1h_96 f1w_449 0.08 -0.08 0.08 0 0 0 79 80
f0_255 f1h_96 f1w_463 0.3 -0.3 0.24 0 0 0 79 79
f0_255 f1h_412 f2_334 0.27 -0.27 -0.3 0 0 0 78 79
f0_255 f1h_450 f2_304 -0.44 0.44 0.72 0 0 0 80 80
f0_255 f1w_80 f1w_326 0.22 -0.22 0.78 0 0 0 80 79
f0_255 f1w_326 f1w_471 -0.06 0.06 0.63 0 0 0 79 80
f0_255 f1w_326 f2_327 0.07 -0.07 0.49 0 0 0 79 80
f0_255 f1w_335 f1w_463 0.16 -0.16 -0.07 0 0 0 79 79
f0_255 f1w_335 f2_304 0.43 -0.43 0.09 0 0 0 79 80
f0_255 f1w_449 f1w_463 0.21 -0.21 0.72 0 0 0 80 79
f0_255 f1w_449 f2_304 0.18 -0.18 0.3 0 0 0 80 80
f0_255 f1w_449 f2_327 0.07 -0.07 0.15 0 0 0 80 80
f0_255 f1w_449 f2_627 -0.08 0.08 0.95 0 0 0 80 78
f0_255 f1w_463 f2_142 -0.37 0.37 0.46 0 0 0 79 80
f0_255 f1w_463 f2_334 -0.56 0.56 0.11 0 0 0 79 79
f0_255 f1w_484 f2_304 0.07 -0.07 1.18 0 0 0 80 80
f0_258 f0_154 f1w_276 0.45 -0.45 1.08 0 0 0 77 77
f0_258 f0_307 f0_1000 0.25 -0.25 1.24 0 0 0 79 77
f0_258 f0_896 f1w_276 0.79 -0.79 0.29 0 0 0 79 77
f0_258 f0_896 f1w_498 0.53 -0.53 0.82 0 0 0 79 79
f0_258 f1w_276 f1w_298 -0.62 0.62 0.53 0 0 0 77 78
f0_259 f0_108 f0_748 -0.06 0.06 0.83 0 0 0 76 75
f0_259 f0_161 f1h_479 0.67 -0.67 0.46 0 0 0 76 76
f0_259 f0_747 f2_307 -0.22 0.22 1 0 0 0 77 76
f0_259 f0_747 f2_488 -0.35 0.35 1.12 0 0 0 77 76
f0_259 f0_748 f1h_479 0.5 -0.5 0.62 0 0 0 75 76
f0_259 f0_841 f1h_428 -0.14 0.14 0.95 0 0 0 77 77
f0_259 f1h_130 f1h_479 -0.19 0.19 1.05 0 0 0 77 76
f0_259 f1h_479 f1w_80 -0.59 0.59 1.04 0 0 0 76 77
f0_259 f1h_479 f2_307 -0.21 0.21 0.52 0 0 0 76 76
f0_259 f1h_479 f2_338 0.28 -0.28 0.69 0 0 0 76 77
f0_259 f2_307 f2_742 -0.1 0.1 1.42 0 0 0 76 76
f0_264 f0_421 f1w_1 -0.04 0.04 0.58 0 0 0 79 78
f0_264 f0_544 f1w_134 0.61 -0.61 1.29 0 0 0 80 80
f0_264 f1h_252 f1w_134 0.44 -0.44 0.93 0 0 0 79 80
f0_264 f1w_1 f1w_134 1.09 -1.09 0.72 0 0 0 78 80
f0_264 f1w_134 f2_543 -0.17 0.17 0.62 0 0 0 80 79
f0_264 f1w_134 f2_763 -0.76 0.76 0.49 0 0 0 80 78
f0_284 f0_930 f1w_246 -0.23 0.23 0.55 0 0 0 80 79
f0_284 f0_930 f2_369 0.39 -0.39 0.73 0 0 0 80 79
f0_284 f1h_285 f1w_246 -0.01 0.01 0.77 0 0 0 79 79
f0_284 f2_369 f2_488 -0.13 0.13 1 0 0 0 79 79
f0_288 f0_77 f1h_489 0.18 -0.18 1.13 0 0 0 80 78
f0_288 f0_148 f1h_356 0.42 -0.42 0.1 0 0 0 77 80
f0_288 f0_238 f1h_345 -0.19 0.19 1.05 0 0 0 80 80
f0_288 f0_608 f1h_489 0.35 -0.35 0.96 0 0 0 80 78
f0_288 f1h_333 f1w_23 -0.19 0.19 1.14 0 0 0 79 80
f0_290 f1w_326 f2_257 -0.68 0.68 0.8 0 0 0 78 78
f0_290 f1w_326 f2_330 0.01 -0.01 0.73 0 0 0 78 79
f0_290 f2_330 f2_547 0 0 1.06 0 0 0 79 79
f0_300 f0_103 f1w_434 0.13 -0.13 0.83 0 0 0 78 78
f0_300 f0_907 f1w_434 0.55 -0.55 0.45 0 0 0 79 78
f0_303 f1h_73 f1h_494 0.51 -0.51 1.01 0 0 0 75 77
f0_303 f1h_73 f2_381 -0.06 0.06 0.43 0 0 0 75 77
f0_303 f1h_129 f1h_367 -0.49 0.49 1.12 0 0 0 78 78
f0_303 f1h_494 f2_937 -0.61 0.61 1.33 0 0 0 77 78
f0_304 f0_401 f1w_405 1.28 -1.28 0.96 0 0 0 79 79
f0_304 f1h_73 f1w_326 0.33 -0.33 0.86 0 0 0 76 78
f0_304 f1h_73 f1w_405 0.89 -0.89 0.04 0 0 0 76 79
f0_304 f1h_484 f1w_405 1.38 -1.38 0.71 0 0 0 78 79
f0_304 f1w_100 f1w_405 1.13 -1.13 0.78 0 0 0 79 79
f0_304 f1w_405 f2_937 -0.75 0.55 0.8 0 0 0 79 79
f0_319 f0_23 f0_828 0.58 -0.58 -0.44 0 0 1 77 77
f0_325 f0_132 f1w_174 0.35 -0.35 1.02 0 0 0 78 79
f0_325 f1h_483 f2_127 0.16 -0.16 1.42 0 0 0 79 79
f0_330 f0_99 f0_814 0.1 -0.1 0.98 0 0 0 76 78
f0_330 f1w_91 f1w_477 0.07 -0.07 1.11 0 0 0 78 78
f0_341 f0_58 f2_974 0.32 -0.32 0.64 0 0 0 77 78
f0_341 f0_68 f0_748 0.18 -0.18 0.49 0 0 0 79 77
f0_341 f0_68 f1w_152 0.49 -0.49 0.5 0 0 0 79 79
f0_341 f0_152 f0_680 -0.28 0.28 0.92 0 0 0 79 79
f0_341 f0_152 f1h_333 -0.6 0.6 0.31 0 0 0 79 78
f0_341 f0_438 f0_511 0.41 -0.41 0.63 0 0 0 78 77
f0_341 f0_438 f0_748 0.4 -0.4 0.25 0 0 0 78 77
f0_341 f0_438 f0_781 0.02 -0.02 -0.08 0 0 0 78 78
f0_341 f0_438 f1h_298 0.64 -0.64 0.28 0 0 0 78 77
f0_341 f0_511 f2_14 -0.21 0.21 0.53 0 0 0 77 78
f0_341 f0_680 f0_781 -0.41 0.41 0.62 0 0 0 79 78
f0_341 f0_748 f1h_333 0.09 -0.09 0.31 0 0 0 77 78
f0_341 f0_781 f1w_152 0.32 -0.32 0.07 0 0 0 78 79
f0_341 f0_781 f2_14 0.14 -0.14 0.4 0 0 0 78 78
f0_341 f0_913 f2_14 0.26 -0.26 0.06 0 0 0 79 78
f0_341 f0_913 f2_103 0.22 -0.22 0.7 0 0 0 79 78
f0_341 f1h_136 f1h_333 -0.64 0.64 0.78 0 0 0 78 78
f0_341 f1h_136 f2_14 -0.65 0.65 0.4 0 0 0 78 78
f0_341 f1h_298 f2_643 -0.4 0.4 1 0 0 0 77 78
f0_341 f1w_152 f2_103 -0.31 0.31 0.97 0 0 0 79 78
f0_341 f2_14 f2_237 -0.08 0.08 0.67 0 0 0 78 78
f0_345 f0_960 f1h_269 0.3 -0.3 0.57 0 0 0 78 78
f0_345 f0_987 f1h_297 -0.63 0.63 1.02 0 0 0 78 78
f0_345 f1h_6 f1h_269 -0.09 0.09 0.58 0 0 0 79 78
f0_345 f1h_280 f1w_158 0.34 -0.34 0.89 0 0 0 78 79
f0_350 f0_38 f2_20 0.07 -0.07 0.78 0 0 0 77 77
f0_350 f0_383 f0_724 0.29 -0.29 0.8 0 0 0 79 78
f0_350 f0_383 f1h_336 0.09 -0.09 1 0 0 0 79 79
f0_350 f0_383 f2_717 -0.16 0.16 0.77 0 0 0 79 78
f0_350 f0_607 f1w_304 0.93 -0.93 0.39 0 0 0 79 79
f0_350 f0_607 f2_20 0.04 -0.04 0.23 0 0 0 79 77
f0_350 f0_715 f0_808 0.29 -0.29 0.98 0 0 0 76 79
f0_350 f0_715 f2_832 -0.13 0.13 0.2 0 0 0 76 79
f0_350 f0_724 f2_20 -0.19 0.19 0.76 0 0 0 78 77
f0_350 f0_724 f2_145 -0.28 0.28 0.79 0 0 0 78 77
f0_350 f0_818 f2_832 0.01 -0.01 0.87 0 0 0 78 79
f0_350 f0_966 f2_20 0.17 -0.17 0.33 0 0 0 77 77
f0_350 f1h_174 f2_667 -0.01 0.01 0.45 0 0 0 76 78
f0_350 f1h_187 f1w_68 0.22 -0.22 0.53 0 0 0 79 79
f0_350 f1h_187 f1w_304 0.88 -0.88 0.3 0 0 0 79 79
f0_350 f1h_187 f1w_448 0.02 -0.02 0.68 0 0 0 79 79
f0_350 f1h_187 f2_20 -0.27 0.27 -0.05 0 0 0 79 77
f0_350 f1h_187 f2_432 0.19 -0.19 0.88 0 0 0 79 78
f0_350 f1h_187 f2_690 -0.03 0.03 0.4 0 0 0 79 77
f0_350 f1h_217 f2_20 0.13 -0.13 0.75 0 0 0 77 77
f0_350 f1h_336 f1w_408 0.04 -0.04 0.32 0 0 0 79 79
f0_350 f1h_336 f2_994 -0.32 0.32 0.7 0 0 0 79 78
f0_350 f1w_86 f1w_409 -0.03 0.03 0.93 0 0 0 79 79
f0_350 f1w_86 f2_20 -0.46 0.46 -0.08 0 0 0 79 77
f0_350 f1w_183 f2_20 -0.64 0.64 -0.19 0 0 0 79 77
f0_350 f1w_304 f2_667 0.15 -0.15 0.65 0 0 0 79 78
f0_350 f1w_408 f2_20 -0.43 0.43 0.53 0 0 0 79 77
f0_350 f2_145 f2_690 -0.17 0.17 0.34 0 0 0 77 77
f0_350 f2_339 f2_832 0.06 -0.06 0.87 0 0 0 77 79
f0_350 f2_667 f2_832 0.12 -0.12 0.55 0 0 0 78 79
f0_351 f0_101 f1w_171 0.77 -0.77 0.81 0 0 0 79 80
f0_351 f0_101 f1w_325 1.1 -1.1 0.79 0 0 0 79 80
f0_351 f0_190 f1w_325 0.2 -0.2 1.26 0 0 0 77 80
f0_351 f0_233 f2_357 0.14 -0.14 0.59 0 0 0 79 79
f0_351 f0_288 f1w_325 1.55 -1.55 0.21 0 0 0 80 80
f0_351 f0_416 f1w_325 1.18 -1.18 -0.24 0 0 0 79 80
f0_351 f0_420 f1w_171 0.99 -0.99 0.43 0 0 0 78 80
f0_351 f0_420 f1w_325 1.51 -1.51 0.17 0 0 0 78 80
f0_351 f0_486 f1w_325 1.26 -1.26 -0.4 0 0 0 80 80
f0_351 f0_950 f1w_325 0.66 -0.66 0.07 0 0 0 80 80
f0_351 f1h_276 f1w_325 0.39 -0.39 0.65 0 0 0 80 80
f0_351 f1w_177 f1w_325 0.8 -0.8 0.09 0 0 0 80 80
f0_351 f1w_257 f1w_325 0.56 -0.56 0.81 0 0 0 80 80
f0_351 f1w_325 f1w_422 -0.49 0.49 0.39 0 0 0 80 80
f0_351 f1w_325 f1w_444 -1.16 0.91 0.58 0 0 0 80 77
f0_351 f1w_325 f2_18 -1.09 0.24 0.29 0 0 0 80 79
f0_351 f1w_325 f2_821 -0.5 0.5 0.19 0 0 0 80 79
f0_351 f1w_325 f2_959 -1.46 1.02 0.07 0 0 0 80 80
f0_351 f1w_336 f2_959 -0.55 0.55 0.81 0 0 0 80 80
f0_357 f0_71 f1w_37 0.18 -0.18 0.43 0 0 0 80 79
f0_357 f1w_37 f2_223 -0.35 0.35 1.05 0 0 0 79 80
f0_357 f1w_37 f2_873 -0.26 0.26 0.99 0 0 0 79 80
f0_363 f0_347 f1h_265 0.79 -0.79 0.95 0 0 0 80 79
f0_372 f0_832 f2_196 -0.43 0.43 -0.33 0 0 0 78 78
f0_372 f0_832 f2_491 0.15 -0.15 1.02 0 0 0 78 77
f0_374 f0_176 f0_896 -0.38 0.38 0.78 0 0 0 78 79
f0_374 f0_176 f1w_335 -0.59 0.59 0.69 0 0 0 78 78
f0_374 f0_945 f1h_42 -0.12 0.12 0.79 0 0 0 79 77
f0_374 f1h_42 f1w_120 -0.1 0.1 0.73 0 0 0 77 78
f0_374 f1h_280 f2_127 0.1 -0.1 1.01 0 0 0 78 78
f0_385 f1h_161 f2_18 -0.36 0.36 0.66 0 0 0 80 79
f0_385 f1h_161 f2_200 -0.47 0.47 0.42 0 0 0 80 80
f0_385 f1h_161 f2_461 -0.27 0.27 0.53 0 0 0 80 80
f0_396 f0_44 f2_975 -0.18 0.18 0.86 0 0 0 78 79
f0_396 f0_83 f2_975 -0.33 0.33 0.84 0 0 0 77 79
f0_396 f1w_282 f2_975 -0.22 0.22 1.17 0 0 0 78 79
f0_396 f2_223 f2_975 -0.45 0.45 0.78 0 0 0 79 79
f0_396 f2_975 f2_980 -0.04 0.04 0.55 0 0 0 79 79
f0_407 f0_133 f0_347 -0.08 0.08 0.97 0 0 0 79 80
f0_407 f0_133 f1w_218 1.27 -1.27 1 0 0 0 79 80
f0_407 f0_152 f1w_218 0.17 -0.17 1.12 0 0 0 80 80
f0_407 f1w_255 f2_507 0.27 -0.27 0.94 0 0 0 80 80
f0_418 f0_238 f2_558 0.01 -0.01 1.17 0 0 0 79 79
f0_420 f0_45 f1h_156 -0.35 0.35 0.96 0 0 0 78 76
f0_420 f0_101 f2_435 0.46 -0.46 0.65 0 0 0 77 77
f0_420 f2_435 f2_929 -0.91 0.91 0.42 0 0 0 77 77
f0_420 f2_435 f2_970 -0.25 0.25 0.4 0 0 0 77 78
f0_436 f0_192 f1w_55 0.41 -0.41 0.98 0 0 0 79 79
f0_436 f1w_55 f2_873 -0.46 0.46 1.09 0 0 0 79 80
f0_436 f1w_55 f2_937 -0.49 0.49 0.37 0 0 0 79 80
f0_436 f1w_55 f2_944 -0.99 0.99 0.55 0 0 0 79 80
f0_436 f1w_55 f2_968 -0.85 0.85 0.3 0 0 0 79 78
f0_437 f0_176 f0_781 0.44 -0.44 0.77 0 0 0 77 77
f0_437 f0_511 f0_781 0 0 0.75 0 0 0 76 77
f0_437 f0_511 f1w_161 0.6 -0.6 0.79 0 0 0 76 77
f0_437 f0_615 f1w_479 0.23 -0.23 0.7 0 0 0 77 77
f0_437 f0_615 f2_923 -0.34 0.34 0.89 0 0 0 77 78
f0_437 f0_781 f1h_197 -0.41 0.41 0.14 0 0 0 77 76
f0_437 f0_781 f1w_161 0.47 -0.47 1.33 0 0 0 77 77
f0_437 f0_781 f1w_479 0.07 -0.07 0.92 0 0 0 77 77
f0_437 f0_781 f2_923 -0.94 0.94 0.14 0 0 0 77 78
f0_437 f1h_37 f1w_479 0.35 -0.35 1.27 0 0 0 78 77
f0_437 f1h_207 f1w_161 1.07 -1.07 0.38 0 0 0 75 77
f0_437 f1h_227 f1w_479 0.19 -0.19 0.99 0 0 0 77 77
f0_437 f1w_161 f2_355 -0.42 0.42 1.04 0 0 0 77 78
f0_437 f1w_161 f2_923 -0.74 0.74 0.45 0 0 0 77 78
f0_437 f1w_479 f2_479 -0.67 0.67 0.98 0 0 0 77 78
f0_447 f0_897 f1w_326 1.12 -1.12 0.94 0 0 0 79 79
f0_447 f1w_326 f1w_333 -0.32 0.32 1.19 0 0 0 79 80
f0_447 f1w_326 f2_69 -0.86 0.86 0.33 0 0 0 79 80
f0_448 f0_110 f2_558 0.68 -0.68 0.75 0 0 0 78 79
f0_448 f1h_233 f1w_53 0.22 -0.22 0.96 0 0 0 78 77
f0_448 f1h_233 f1w_109 -0.44 0.44 0.99 0 0 0 78 79
f0_448 f1w_39 f1w_53 -0.17 0.17 1.08 0 0 0 79 77
f0_448 f1w_39 f2_338 -0.3 0.3 0.77 0 0 0 79 79
f0_448 f1w_39 f2_999 -0.84 0.84 1.01 0 0 0 79 77
f0_448 f1w_53 f2_558 -0.52 0.52 1.03 0 0 0 77 79
f0_450 f0_56 f1w_35 0.89 -0.89 0.67 0 0 0 79 77
f0_453 f1h_292 f2_667 0.25 -0.25 1 0 0 0 78 79
f0_462 f1h_91 f1w_68 0.14 -0.14 -0.1 0 0 1 76 79
f0_470 f1h_269 f1w_39 0.79 -0.79 0.62 0 0 0 78 79
f0_470 f1h_492 f1w_139 0.49 -0.49 1.06 0 0 0 77 78
f0_470 f1w_39 f1w_139 0.08 -0.08 1.21 0 0 0 79 78
f0_474 f0_132 f2_546 0.36 -0.36 0.93 0 0 0 78 80
f0_481 f0_203 f2_244 -0.27 0.27 0.75 0 0 0 78 79
f0_481 f0_554 f0_974 0.21 -0.21 1.35 0 0 0 79 79
f0_481 f0_554 f1w_49 -0.32 0.32 0.73 0 0 0 79 79
f0_481 f0_554 f2_648 -0.17 0.17 0.72 0 0 0 79 78
f0_481 f0_555 f1w_49 -0.72 0.72 0.42 0 0 0 79 79
f0_481 f0_555 f2_244 -0.57 0.57 -0.02 0 0 0 79 79
f0_481 f0_555 f2_648 -0.69 0.69 0.74 0 0 0 79 78
f0_497 f2_555 f2_857 0.26 -0.26 0.25 0 0 0 79 77
f0_505 f0_748 f2_41 -0.02 0.02 1.02 0 0 0 78 80
f0_510 f0_10 f2_832 -0.03 0.03 1.18 0 0 0 79 80
f0_510 f0_182 f2_832 0.26 -0.26 0.79 0 0 0 79 80
f0_510 f0_204 f1h_479 -0.19 0.19 0.9 0 0 0 79 79
f0_510 f0_204 f2_234 -0.27 0.27 0.35 0 0 0 79 78
f0_510 f0_628 f2_832 0.25 -0.25 0.67 0 0 0 78 80
f0_510 f1w_417 f2_234 -0.53 0.53 0.33 0 0 0 79 78
f0_510 f1w_417 f2_832 -0.03 0.03 0.72 0 0 0 79 80
f0_510 f2_234 f2_832 0.51 -0.51 0.2 0 0 0 78 80
f0_511 f0_195 f2_923 -0.31 0.31 1.24 0 0 0 77 78
f0_515 f0_154 f2_651 0.32 -0.32 0.38 0 0 1 78 80
f0_515 f1w_246 f2_613 0.56 -0.56 -0.24 0 0 1 79 79
f0_515 f2_17 f2_613 0.21 -0.21 -0.02 0 0 1 79 79
f0_529 f0_345 f1w_121 0.87 -0.87 0.56 0 0 0 78 78
f0_529 f0_492 f1w_121 0.26 -0.26 0.91 0 0 0 77 78
f0_529 f0_754 f1w_121 0.59 -0.59 0.45 0 0 0 78 78
f0_529 f1h_292 f1w_121 0.32 -0.32 0.49 0 0 0 77 78
f0_529 f1w_121 f1w_170 -0.75 0.75 0.58 0 0 0 78 78
f0_529 f1w_121 f2_242 -0.63 0.63 0.78 0 0 0 78 78
f0_534 f0_960 f1w_451 0.65 -0.65 0.45 0 0 0 79 78
f0_534 f1h_81 f1w_71 0.31 -0.31 1.52 0 0 0 80 79
f0_534 f1w_451 f2_319 -0.29 0.29 1.18 0 0 0 78 80
f0_536 f0_86 f2_919 -0.23 0.23 1.1 0 0 0 78 79
f0_542 f0_551 f1w_1 -0.11 0.11 1 0 0 0 77 78
f0_542 f0_551 f1w_316 -0.56 0.56 0.23 0 0 0 77 79
f0_544 f0_144 f0_896 -0.38 0.38 0.42 0 0 0 80 80
f0_544 f0_144 f1h_234 -0.16 0.16 0.69 0 0 0 80 79
f0_544 f0_144 f1h_289 -0.06 0.06 0.67 0 0 0 80 80
f0_544 f0_144 f1w_207 -0.31 0.31 0.51 0 0 0 80 77
f0_544 f0_144 f1w_432 0.02 -0.02 0.39 0 0 0 80 80
f0_544 f0_144 f2_371 -0.21 0.21 0.58 0 0 0 80 79
f0_544 f0_234 f1h_356 0.65 -0.65 0.42 0 0 0 79 80
f0_544 f0_234 f1w_432 0.2 -0.2 0.67 0 0 0 79 80
f0_544 f0_234 f1w_437 0.13 -0.13 0.57 0 0 0 79 80
f0_544 f0_234 f2_359 -0.03 0.03 0.47 0 0 0 79 78
f0_544 f0_234 f2_904 -0.08 0.08 0.6 0 0 0 79 79
f0_544 f0_257 f0_801 0.57 -0.57 0.53 0 0 0 80 79
f0_544 f0_257 f1h_356 0.72 -0.72 0.19 0 0 0 80 80
f0_544 f0_257 f1w_269 0.15 -0.15 0.28 0 0 0 80 80
f0_544 f0_257 f1w_340 0.54 -0.54 0.67 0 0 0 80 80
f0_544 f0_257 f1w_437 0.25 -0.25 0.48 0 0 0 80 80
f0_544 f0_257 f2_336 0.01 -0.01 0.71 0 0 0 80 80
f0_544 f0_257 f2_359 0.31 -0.31 0.29 0 0 0 80 78
f0_544 f0_257 f2_904 0.14 -0.14 0.3 0 0 0 80 79
f0_544 f0_264 f0_896 -0.26 0.26 0.49 0 0 0 80 80
f0_544 f0_264 f1h_356 0.39 -0.39 0.44 0 0 0 80 80
f0_544 f0_264 f1w_58 -0.09 0.09 1.03 0 0 0 80 80
f0_544 f0_264 f1w_437 -0.09 0.09 0.59 0 0 0 80 80
f0_544 f0_264 f2_133 -0.28 0.28 0.64 0 0 0 80 80
f0_544 f0_630 f1h_289 0.22 -0.22 0.38 0 0 0 79 80
f0_544 f0_630 f1w_58 0.14 -0.14 0.53 0 0 0 79 80
f0_544 f0_630 f1w_269 0.06 -0.06 0.63 0 0 0 79 80
f0_544 f0_630 f2_133 -0.04 0.04 0.04 0 0 0 79 80
f0_544 f0_630 f2_336 0.05 -0.05 0.26 0 0 0 79 80
f0_544 f0_630 f2_359 0.3 -0.3 0.35 0 0 0 79 78
f0_544 f0_630 f2_904 0.06 -0.06 0.53 0 0 0 79 79
f0_544 f0_655 f0_896 -0.01 0.01 0.59 0 0 0 78 80
f0_544 f0_655 f1w_1 0.26 -0.26 0.62 0 0 0 78 78
f0_544 f0_801 f1h_159 -0.41 0.41 0.53 0 0 0 79 77
f0_544 f0_801 f1h_234 -0.41 0.41 0.83 0 0 0 79 79
f0_544 f0_801 f1h_289 -0.27 0.27 0.76 0 0 0 79 80
f0_544 f0_801 f2_359 -0.11 0.11 0.47 0 0 0 79 78
f0_544 f0_878 f0_896 0 0 0.42 0 0 0 79 80
f0_544 f0_878 f2_904 0.07 -0.07 0.41 0 0 0 79 79
f0_544 f0_896 f1h_475 0.2 -0.2 0.48 0 0 0 80 80
f0_544 f0_896 f2_2 0.13 -0.13 0 0 0 0 80 80
f0_544 f1h_159 f1h_404 0.23 -0.23 0.45 0 0 0 77 79
f0_544 f1h_159 f1w_1 0.18 -0.18 0.25 0 0 0 77 78
f0_544 f1h_234 f1h_475 0.1 -0.1 0.93 0 0 0 79 80
f0_544 f1h_234 f1h_487 0.6 -0.6 0.7 0 0 0 79 80
f0_544 f1h_234 f2_72 0.08 -0.08 0.86 0 0 0 79 80
f0_544 f1h_289 f1h_356 0.34 -0.34 0.53 0 0 0 80 80
f0_544 f1h_289 f1h_487 0.05 -0.05 0.58 0 0 0 80 80
f0_544 f1h_289 f1w_1 0.13 -0.13 0.35 0 0 0 80 78
f0_544 f1h_289 f2_72 -0.07 0.07 0.69 0 0 0 80 80
f0_544 f1h_308 f1h_356 0.24 -0.24 0.27 0 0 0 79 80
f0_544 f1h_308 f1w_1 0.14 -0.14 0.44 0 0 0 79 78
f0_544 f1h_356 f1h_450 0.19 -0.19 0.79 0 0 0 80 80
f0_544 f1h_356 f1h_487 0.11 -0.36 0.86 0 0 0 80 80
f0_544 f1h_356 f1w_58 -0.51 0.51 0.46 0 0 0 80 80
f0_544 f1h_356 f1w_269 -0.59 0.44 0.14 0 0 0 80 80
f0_544 f1h_356 f1w_432 -0.45 0.45 0.14 0 0 0 80 80
f0_544 f1h_356 f1w_491 -0.67 0.55 0.33 0 0 0 80 80
f0_544 f1h_356 f2_169 -0.59 0.59 0.46 0 0 0 80 80
f0_544 f1h_356 f2_256 -0.03 0.03 0.44 0 0 0 80 80
f0_544 f1h_356 f2_359 -0.49 0.49 0.16 0 0 0 80 78
f0_544 f1h_356 f2_799 0.26 -0.26 0.19 0 0 0 80 79
f0_544 f1h_404 f2_359 0.08 -0.08 0.64 0 0 0 79 78
f0_544 f1h_417 f1w_1 -0.11 0.11 0.28 0 0 0 80 78
f0_544 f1h_475 f1w_1 0.06 -0.06 0.61 0 0 0 80 78
f0_544 f1h_475 f2_256 0.11 -0.11 0.97 0 0 0 80 80
f0_544 f1h_487 f1w_207 -0.4 0.4 0.5 0 0 0 80 77
f0_544 f1h_487 f1w_432 -0.39 0.39 0.57 0 0 0 80 80
f0_544 f1h_487 f2_371 -0.65 0.65 0.59 0 0 0 80 79
f0_544 f1h_487 f2_904 -0.43 0.43 0.53 0 0 0 80 79
f0_544 f1w_1 f1w_58 -0.01 0.01 0.66 0 0 0 78 80
f0_544 f1w_1 f1w_207 -0.29 0.29 0.26 0 0 0 78 77
f0_544 f1w_1 f1w_269 -0.15 0.15 0.28 0 0 0 78 80
f0_544 f1w_1 f1w_432 0.1 -0.1 0.23 0 0 0 78 80
f0_544 f1w_1 f1w_437 -0.05 0.05 0.34 0 0 0 78 80
f0_544 f1w_1 f2_72 0.05 -0.05 0.51 0 0 0 78 80
f0_544 f1w_1 f2_169 -0.1 0.1 0.56 0 0 0 78 80
f0_544 f1w_1 f2_226 -0.15 0.15 0.6 0 0 0 78 80
f0_544 f1w_1 f2_283 0.24 -0.24 0.52 0 0 0 78 80
f0_544 f1w_1 f2_359 0.04 -0.04 0.43 0 0 0 78 78
f0_544 f1w_1 f2_371 -0.18 0.18 0.33 0 0 0 78 79
f0_544 f1w_1 f2_904 -0.16 0.16 0.2 0 0 0 78 79
f0_544 f1w_340 f1w_432 -0.21 0.21 0.54 0 0 0 80 80
f0_544 f1w_432 f1w_491 -0.35 0.35 0.28 0 0 0 80 80
f0_544 f1w_432 f2_256 0.01 -0.01 0.27 0 0 0 80 80
f0_544 f1w_432 f2_283 0.34 -0.34 0.26 0 0 0 80 80
f0_544 f1w_437 f2_283 0.06 -0.06 0.39 0 0 0 80 80
f0_544 f2_72 f2_256 0.11 -0.11 0.65 0 0 0 80 80
f0_544 f2_72 f2_359 -0.02 0.02 0.49 0 0 0 80 78
f0_544 f2_256 f2_359 -0.08 0.08 0.4 0 0 0 80 78
f0_544 f2_256 f2_904 -0.32 0.32 0.23 0 0 0 80 79
f0_544 f2_283 f2_359 -0.26 0.26 0.25 0 0 0 80 78
f0_544 f2_283 f2_904 -0.36 0.36 0.32 0 0 0 80 79
f0_545 f0_40 f1h_339 0.16 -0.16 -0.17 0 0 1 80 79
f0_545 f0_374 f1w_207 0.94 -0.94 0.94 0 0 0 79 77
f0_545 f0_628 f0_809 0.16 -0.16 0.56 0 0 0 78 78
f0_545 f0_628 f1w_207 1.19 -1.19 0.37 0 0 0 78 77
f0_545 f1h_339 f1w_207 0.45 -0.45 1.31 0 0 0 79 77
f0_545 f1w_207 f2_242 -1.21 1.21 0.75 0 0 0 77 79
f0_545 f1w_207 f2_285 -0.34 0.34 1.31 0 0 0 77 78
f0_545 f1w_207 f2_639 -0.8 0.8 0.67 0 0 0 77 80
f0_552 f0_67 f2_303 -0.21 0.21 0.6 0 0 0 78 79
f0_552 f0_67 f2_334 -0.32 0.32 0.49 0 0 0 78 79
f0_552 f0_103 f0_628 0.1 -0.1 0.63 0 0 0 78 78
f0_552 f0_103 f1w_353 -0.29 0.29 0.74 0 0 0 78 77
f0_552 f0_103 f2_363 0.16 -0.16 0.84 0 0 0 78 79
f0_552 f0_103 f2_543 0.08 -0.08 0.4 0 0 0 78 79
f0_552 f0_103 f2_781 0.27 -0.27 0.95 0 0 0 78 80
f0_552 f0_279 f1w_317 0.52 -0.52 0.26 0 0 0 79 79
f0_552 f0_279 f2_303 0 0 0.6 0 0 0 79 79
f0_552 f0_319 f2_303 -0.12 0.12 0.41 0 0 0 78 79
f0_552 f0_428 f0_628 0.4 -0.4 0.45 0 0 0 80 78
f0_552 f0_480 f0_630 -0.2 0.2 0.58 0 0 0 79 79
f0_552 f0_480 f0_634 -0.21 0.21 0.93 0 0 0 79 79
f0_552 f0_480 f1w_317 0.11 -0.11 0.85 0 0 0 79 79
f0_552 f0_582 f0_628 0.45 -0.45 0.88 0 0 0 79 78
f0_552 f0_582 f1w_317 0.32 -0.32 0.9 0 0 0 79 79
f0_552 f0_628 f0_634 -0.4 0.4 0.74 0 0 0 78 79
f0_552 f0_628 f0_876 0.17 -0.17 0.59 0 0 0 78 80
f0_552 f0_628 f1h_103 -0.55 0.55 0.5 0 0 0 78 79
f0_552 f0_628 f2_303 -0.1 0.1 0.45 0 0 0 78 79
f0_552 f0_628 f2_334 -0.72 0.33 0.22 0 0 0 78 79
f0_552 f0_628 f2_778 -0.58 0.58 0.49 0 0 0 78 80
f0_552 f0_630 f0_876 0.08 -0.08 0.72 0 0 0 79 80
f0_552 f0_630 f2_303 -0.34 0.34 -0.03 0 0 0 79 79
f0_552 f0_630 f2_327 0.27 -0.27 0.69 0 0 0 79 80
f0_552 f0_807 f2_334 -0.53 0.53 0.51 0 0 0 80 79
f0_552 f0_876 f0_953 0.36 -0.36 0.79 0 0 0 80 79
f0_552 f0_876 f2_157 -0.32 0.32 0.75 0 0 0 80 79
f0_552 f0_876 f2_363 0.11 -0.11 0.99 0 0 0 80 79
f0_552 f0_876 f2_543 -0.02 0.02 0.95 0 0 0 80 79
f0_552 f0_945 f2_327 0.5 -0.5 0.76 0 0 0 80 80
f0_552 f0_953 f2_303 -0.9 0.9 0.29 0 0 0 79 79
f0_552 f1h_103 f2_47 0.29 -0.29 0.68 0 0 0 79 80
f0_552 f1h_252 f2_778 0.03 -0.03 0.73 0 0 0 79 80
f0_552 f1w_317 f2_77 -0.43 0.43 0.87 0 0 0 79 79
f0_552 f1w_317 f2_157 -0.46 0.46 0.4 0 0 0 79 79
f0_552 f1w_317 f2_631 -0.56 0.56 0.71 0 0 0 79 79
f0_552 f2_186 f2_334 -0.85 0.85 0.51 0 0 0 80 79
f0_552 f2_303 f2_327 0.53 -0.53 0.5 0 0 0 79 80
f0_554 f0_939 f1w_310 -0.07 0.07 0.7 0 0 1 80 80
f0_555 f0_82 f0_558 -0.33 0.33 0.36 0 0 0 78 79
f0_555 f0_104 f1h_425 -0.69 0.69 0.85 0 0 0 80 80
f0_555 f0_255 f1h_269 0.29 -0.29 0.95 0 0 0 80 79
f0_555 f0_558 f2_119 0.09 -0.09 0.77 0 0 0 79 80
f0_555 f0_974 f1h_269 0.06 -0.06 1.12 0 0 0 80 79
f0_555 f1h_269 f1w_253 -0.38 0.38 0.58 0 0 0 79 79
f0_555 f1h_404 f2_119 0.29 -0.29 0.94 0 0 0 79 80
f0_555 f1h_492 f2_119 -0.21 0.21 1.02 0 0 0 78 80
f0_555 f1w_2 f1w_12 -0.19 0.19 0.51 0 0 0 78 80
f0_555 f1w_2 f2_781 -0.37 0.37 0.98 0 0 0 78 80
f0_555 f1w_12 f2_119 0.02 -0.02 0.57 0 0 0 80 80
f0_555 f1w_12 f2_721 -0.15 0.15 0.74 0 0 0 80 78
f0_555 f1w_253 f2_119 0.39 -0.39 0.5 0 0 0 79 80
f0_555 f1w_366 f2_627 -0.47 0.47 1.04 0 0 0 80 78
f0_555 f2_119 f2_781 -0.22 0.22 1.14 0 0 0 80 80
f0_558 f0_215 f2_196 0.02 -0.02 0.51 0 0 0 79 79
f0_558 f0_238 f1w_12 0.81 -0.81 0.67 0 0 0 79 79
f0_558 f1h_269 f1w_12 0.29 -0.29 0 0 0 0 78 79
f0_558 f1w_12 f1w_435 -0.81 0.81 0.58 0 0 0 79 79
f0_558 f1w_136 f2_196 0.03 -0.03 0.45 0 0 0 79 79
f0_559 f0_957 f2_119 0.92 -0.92 1.48 0 0 0 75 79
f0_559 f1w_443 f2_119 1.08 -1.08 1.07 0 0 0 78 79
f0_575 f0_107 f1h_370 0.4 -0.4 0.93 0 0 0 79 77
f0_575 f1h_370 f1h_424 -0.38 0.38 1.03 0 0 0 77 77
f0_575 f1h_370 f2_48 0.1 -0.1 0.77 0 0 0 77 79
f0_575 f1h_370 f2_145 -0.36 0.36 0.3 0 0 0 77 77
f0_575 f1w_388 f1w_412 0.19 -0.19 0.58 0 0 0 78 79
f0_575 f1w_412 f2_48 -0.34 0.34 0.81 0 0 0 79 79
f0_581 f0_625 f1h_3 -1.01 1.01 0.38 0 0 0 79 79
f0_581 f0_625 f1h_107 -0.51 0.51 1.23 0 0 0 79 79
f0_581 f0_625 f1w_276 -0.82 0.82 0.75 0 0 0 79 77
f0_581 f0_625 f2_539 -0.89 0.89 0.38 0 0 0 79 77
f0_581 f2_424 f2_651 0.59 -0.59 1.04 0 0 0 79 79
f0_581 f2_539 f2_651 0.59 -0.59 0.11 0 0 0 77 79
f0_582 f1w_172 f1w_285 -0.28 0.28 1.01 0 0 0 78 79
f0_582 f1w_172 f1w_335 -0.32 0.32 0.89 0 0 0 78 78
f0_582 f1w_172 f2_136 -0.1 0.1 0.64 0 0 0 78 78
f0_582 f2_103 f2_136 -0.3 0.3 1.05 0 0 0 78 78
f0_590 f0_614 f0_759 0.57 -0.57 1.04 0 0 0 80 79
f0_590 f0_759 f2_543 -0.33 0.33 1.06 0 0 0 79 79
f0_590 f0_759 f2_985 -0.87 0.87 0.58 0 0 0 79 78
f0_590 f2_543 f2_888 -0.52 0.52 0.89 0 0 0 79 77
f0_594 f0_881 f1w_176 0.22 -0.22 1.01 0 0 0 79 80
f0_594 f1h_265 f1w_434 0.57 -0.57 0.73 0 0 0 79 78
f0_594 f1w_176 f1w_434 -0.28 0.28 0.05 0 0 0 80 78
f0_594 f1w_434 f2_14 -0.62 0.62 0.65 0 0 0 78 79
f0_594 f1w_434 f2_873 -0.11 0.11 0.48 0 0 0 78 80
f0_595 f1h_7 f1w_152 0.91 -0.91 1.35 0 0 0 79 80
f0_596 f0_263 f0_421 -0.02 0.02 0.79 0 0 0 79 78
f0_596 f0_263 f0_936 0.19 -0.19 0.99 0 0 0 79 79
f0_596 f0_263 f1h_282 0.56 -0.56 0.65 0 0 0 79 79
f0_596 f0_263 f2_108 -0.04 0.04 1.34 0 0 0 79 78
f0_596 f0_263 f2_896 -0.03 0.03 0.04 0 0 0 79 77
f0_600 f0_350 f1w_99 0.06 -0.06 -0.25 0 0 1 76 75
f0_600 f0_350 f2_727 0.24 -0.24 -0.04 0 0 1 76 76
f0_600 f0_396 f0_542 0 0 -0.21 0 0 1 76 77
f0_600 f0_396 f1w_408 -0.02 0.02 -0.37 0 0 1 76 77
f0_600 f0_542 f1h_298 0.06 -0.06 0.42 0 0 1 77 75
f0_600 f0_767 f1w_379 -0.01 0.01 -0.16 0 0 1 77 76
f0_600 f1h_298 f1w_99 0.04 -0.04 -0.25 0 0 1 75 75
f0_600 f1h_298 f1w_379 0.09 -0.09 -0.22 0 0 1 75 76
f0_600 f1h_298 f1w_408 -0.05 0.05 -0.24 0 0 1 75 77
f0_600 f1w_408 f2_727 0.22 -0.22 -0.23 0 0 1 77 76
f0_600 f2_832 f2_868 -0.04 0.04 -0.46 0 0 1 77 75
f0_601 f1h_350 f1w_274 0.5 -0.5 1.2 0 0 0 79 80
f0_601 f1w_274 f2_709 -0.61 0.61 1.03 0 0 0 80 79
f0_607 f1w_55 f2_516 -0.28 0.28 -0.3 0 0 1 79 79
f0_608 f0_150 f0_612 -0.21 0.21 0.77 0 0 0 80 80
f0_608 f0_188 f1w_434 -0.37 0.37 0.41 0 0 0 79 78
f0_608 f0_288 f2_171 -0.02 0.02 1.17 0 0 0 80 79
f0_608 f0_548 f0_558 0 0 0.5 0 0 0 79 79
f0_608 f0_548 f0_612 -0.41 0.41 -0.4 0 0 0 79 80
f0_608 f0_548 f0_896 0.15 -0.15 0.55 0 0 0 79 80
f0_608 f0_548 f1h_37 0.59 -0.59 0.97 0 0 0 79 80
f0_608 f0_548 f1w_287 -0.04 0.04 0.56 0 0 0 79 79
f0_608 f0_548 f1w_318 -0.13 0.13 0.28 0 0 0 79 80
f0_608 f0_548 f1w_368 -0.1 0.1 0.28 0 0 0 79 78
f0_608 f0_548 f1w_434 -0.65 0.65 -0.31 0 0 0 79 78
f0_608 f0_548 f2_515 -0.2 0.2 0.33 0 0 0 79 80
f0_608 f0_548 f2_804 0.43 -0.43 0.44 0 0 0 79 80
f0_608 f0_896 f1w_434 -0.61 0.61 0.39 0 0 0 80 78
f0_608 f1h_429 f2_558 -0.08 0.08 1.11 0 0 0 80 80
f0_608 f2_515 f2_968 0.13 -0.13 0.55 0 0 0 80 78
f0_614 f0_27 f0_923 0.17 -0.17 0.86 0 0 0 77 80
f0_614 f0_170 f0_923 -0.24 0.24 0.84 0 0 0 80 80
f0_614 f0_229 f0_923 0.25 -0.25 0.58 0 0 0 80 80
f0_614 f0_229 f1w_107 0.53 -0.53 0.56 0 0 0 80 79
f0_614 f0_748 f0_923 0.01 -0.01 0.72 0 0 0 78 80
f0_614 f0_923 f1h_296 0 0 0.59 0 0 0 80 80
f0_614 f0_923 f2_16 -0.05 0.05 1.19 0 0 0 80 78
f0_614 f1h_280 f1h_296 0.09 -0.09 0.51 0 0 0 79 80
f0_614 f1h_372 f1w_445 0.43 -0.43 0.35 0 0 0 80 80
f0_614 f1h_372 f2_900 0.31 -0.31 0.55 0 0 0 80 80
f0_614 f1w_107 f2_468 -0.07 0.07 1.35 0 0 0 79 80
f0_625 f0_581 f1w_120 -0.4 0.4 1.06 0 0 0 79 79
f0_627 f0_919 f2_319 0.44 -0.44 0.55 0 0 0 78 80
f0_627 f1h_133 f1w_235 -0.52 0.52 0.7 0 0 0 79 80
f0_627 f1h_389 f1w_69 0.71 -0.71 0.92 0 0 0 79 79
f0_628 f0_10 f0_138 0.59 -0.59 0.94 0 0 0 77 77
f0_628 f0_10 f0_678 -0.59 0.59 -0.34 0 0 0 77 78
f0_628 f0_67 f0_497 0.19 -0.19 0.68 0 0 0 76 77
f0_628 f0_67 f1w_39 0.64 -0.64 0.39 0 0 0 76 78
f0_628 f0_98 f0_497 0.13 -0.13 0.42 0 0 0 78 77
f0_628 f0_98 f1h_28 0.46 -0.46 0.55 0 0 0 78 78
f0_628 f0_98 f1w_39 0.29 -0.29 0.06 0 0 0 78 78
f0_628 f0_102 f1h_345 0.2 -0.2 0.56 0 0 0 78 78
f0_628 f0_123 f0_140 0.23 -0.23 0.29 0 0 0 78 77
f0_628 f0_138 f0_208 -0.57 0.57 0.47 0 0 0 77 78
f0_628 f0_138 f0_486 -0.63 0.63 0.25 0 0 0 77 78
f0_628 f0_138 f0_497 -0.66 0.66 -0.01 0 0 0 77 77
f0_628 f0_138 f1w_317 -0.56 0.56 0.48 0 0 0 77 77
f0_628 f0_138 f1w_474 -0.28 0.28 -0.06 0 0 0 77 77
f0_628 f0_140 f0_486 -0.52 0.52 0.18 0 0 0 77 78
f0_628 f0_140 f0_552 0.17 -0.17 1.08 0 0 0 77 78
f0_628 f0_140 f0_953 -0.06 0.06 0.62 0 0 0 77 77
f0_628 f0_140 f1h_252 -0.16 0.16 -0.01 0 0 0 77 77
f0_628 f0_140 f1w_39 -0.07 0.07 0.08 0 0 0 77 78
f0_628 f0_208 f0_630 0.04 -0.04 0.04 0 0 0 78 77
f0_628 f0_208 f0_678 -0.29 0.23 -0.02 0 0 0 78 78
f0_628 f0_208 f1h_73 0.04 -0.04 0.52 0 0 0 78 75
f0_628 f0_257 f0_448 -0.19 0.19 0.82 0 0 0 78 77
f0_628 f0_257 f1w_39 0.57 -0.57 0.98 0 0 0 78 78
f0_628 f0_486 f0_741 -0.05 0.05 1.06 0 0 0 78 78
f0_628 f0_486 f1w_48 0.1 -0.1 0.88 0 0 0 78 78
f0_628 f0_497 f0_552 0.36 -0.36 0.41 0 0 0 77 78
f0_628 f0_497 f0_829 0.63 -0.63 -0.09 0 0 0 77 75
f0_628 f0_497 f1h_298 0.17 -0.17 0.21 0 0 0 77 76
f0_628 f0_510 f1w_39 0.26 -0.26 0.8 0 0 0 78 78
f0_628 f0_552 f1h_345 -0.25 0.25 0.71 0 0 0 78 78
f0_628 f0_552 f1w_39 0.06 -0.06 1.28 0 0 0 78 78
f0_628 f0_581 f1w_474 0.17 -0.17 1.02 0 0 0 77 77
f0_628 f0_630 f1h_298 -0.14 0.14 0.04 0 0 0 77 76
f0_628 f0_630 f1h_345 0.12 -0.12 0.5 0 0 0 77 78
f0_628 f0_630 f1w_39 0.18 -0.18 0.17 0 0 0 77 78
f0_628 f0_678 f0_741 0.21 -0.21 0.32 0 0 0 78 78
f0_628 f0_678 f0_807 0.6 -0.6 -0.09 0 0 0 78 78
f0_628 f0_678 f1w_82 0.14 -0.14 0.36 0 0 0 78 77
f0_628 f0_678 f1w_328 0.72 -0.72 -0.28 0 0 0 78 76
f0_628 f0_678 f1w_353 0.44 -0.44 0.38 0 0 0 78 75
f0_628 f0_741 f0_829 0.48 -0.48 1.14 0 0 0 78 75
f0_628 f0_741 f0_953 0.64 -0.64 0.86 0 0 0 78 77
f0_628 f0_767 f1w_39 0.48 -0.48 0.68 0 0 0 78 78
f0_628 f0_807 f1h_345 -0.21 0.21 0.82 0 0 0 78 78
f0_628 f0_829 f1h_73 -0.5 0.5 0.66 0 0 0 75 75
f0_628 f0_953 f0_996 -0.81 0.81 0.8 0 0 0 77 77
f0_628 f0_953 f1w_39 0.07 -0.07 0.2 0 0 0 77 78
f0_628 f0_996 f1w_39 -0.26 0.26 0.35 0 0 0 77 78
f0_628 f0_996 f1w_54 0.36 -0.36 1.18 0 0 0 77 78
f0_628 f0_996 f1w_474 0.24 -0.24 0.82 0 0 0 77 77
f0_628 f1h_73 f1h_252 -0.06 0.06 0.73 0 0 0 75 77
f0_628 f1h_73 f1w_39 0.14 -0.14 -0.02 0 0 0 75 78
f0_628 f1h_252 f1w_474 0.1 -0.1 0.46 0 0 0 77 77
f0_628 f1h_345 f1w_317 -0.14 0.14 0.54 0 0 0 78 77
f0_630 f0_370 f0_987 -0.17 0.17 1.23 0 0 0 78 78
f0_632 f0_56 f1w_215 0.18 -0.18 0.87 0 0 0 78 78
f0_632 f0_493 f0_715 -0.19 0.19 0.53 0 0 0 76 75
f0_632 f0_493 f2_745 0.19 -0.19 0.71 0 0 0 76 78
f0_632 f0_493 f2_761 0.17 -0.17 1.08 0 0 0 76 77
f0_632 f0_493 f2_892 -0.18 0.18 0.6 0 0 0 76 77
f0_632 f0_931 f2_970 0.18 -0.18 0.77 0 0 0 78 78
f0_632 f1w_9 f2_845 0.09 -0.09 1.36 0 0 0 78 77
f0_632 f1w_30 f2_970 0.1 -0.1 1 0 0 0 76 78
f0_632 f1w_215 f2_639 -0.19 0.19 1.03 0 0 0 78 78
f0_632 f1w_484 f2_970 -0.68 0.68 0.34 0 0 0 78 78
f0_632 f2_745 f2_970 0.23 -0.23 0.54 0 0 0 78 78
f0_632 f2_821 f2_845 -0.4 0.4 1.36 0 0 0 77 77
f0_633 f0_79 f0_832 -0.45 0.45 0.41 0 0 0 77 80
f0_633 f0_79 f1w_470 -0.18 0.18 0.34 0 0 0 77 79
f0_633 f0_79 f2_970 0.05 -0.05 0.94 0 0 0 77 80
f0_633 f0_177 f0_505 0.19 -0.19 1.22 0 0 0 80 80
f0_633 f0_372 f0_832 0.03 -0.03 0.39 0 0 0 78 80
f0_633 f0_372 f1w_248 -0.12 0.12 0.73 0 0 0 78 79
f0_633 f0_372 f1w_437 -0.28 0.28 0.49 0 0 0 78 80
f0_633 f0_372 f1w_470 -0.26 0.26 0.09 0 0 0 78 79
f0_633 f0_372 f1w_488 0.52 -0.52 0.22 0 0 0 78 79
f0_633 f0_372 f2_31 -0.25 0.25 0.43 0 0 0 78 80
f0_633 f0_372 f2_371 0.27 -0.27 0.66 0 0 0 78 79
f0_633 f0_372 f2_756 -0.09 0.09 0.8 0 0 0 78 80
f0_633 f0_480 f2_970 0.52 -0.52 0.73 0 0 0 79 80
f0_633 f0_505 f0_832 -0.16 0.16 0.2 0 0 0 80 80
f0_633 f0_505 f1w_470 0.15 -0.15 -0.03 0 0 0 80 79
f0_633 f0_505 f2_31 -0.43 0.43 0.23 0 0 0 80 80
f0_633 f0_505 f2_305 -0.2 0.2 0.74 0 0 0 80 79
f0_633 f0_505 f2_371 0.17 -0.17 0.69 0 0 0 80 79
f0_633 f0_748 f1w_470 0.01 -0.01 0.26 0 0 0 78 79
f0_633 f0_748 f1w_488 0.43 -0.43 0.56 0 0 0 78 79
f0_633 f0_748 f2_305 0.16 -0.16 0.51 0 0 0 78 79
f0_633 f0_832 f1h_292 0.25 -0.25 0.13 0 0 0 80 78
f0_633 f0_832 f1w_51 -0.06 0.06 0.83 0 0 0 80 80
f0_633 f0_832 f1w_106 -0.17 0.17 0.36 0 0 0 80 80
f0_633 f0_832 f1w_248 0.07 -0.07 0.45 0 0 0 80 79
f0_633 f0_832 f1w_365 -0.04 0.04 0.65 0 0 0 80 79
f0_633 f0_832 f1w_410 -0.27 0.27 0.73 0 0 0 80 78
f0_633 f0_832 f2_31 0.13 -0.13 0.44 0 0 0 80 80
f0_633 f0_832 f2_96 0.3 -0.3 0.83 0 0 0 80 80
f0_633 f0_832 f2_292 0.64 -0.64 0.42 0 0 0 80 78
f0_633 f0_832 f2_371 0.53 -0.53 0.48 0 0 0 80 79
f0_633 f0_832 f2_534 -0.24 0.24 0.68 0 0 0 80 79
f0_633 f0_832 f2_543 -0.02 0.02 0.6 0 0 0 80 79
f0_633 f0_832 f2_970 0.38 -0.38 0.4 0 0 0 80 80
f0_633 f1h_115 f1h_259 -0.2 0.2 0.87 0 0 0 80 80
f0_633 f1h_115 f1h_292 -0.26 0.26 0.87 0 0 0 80 78
f0_633 f1h_115 f1w_106 -0.23 0.23 0.96 0 0 0 80 80
f0_633 f1h_259 f1w_11 -0.19 0.19 0.37 0 0 0 80 79
f0_633 f1h_259 f1w_365 -0.12 0.12 0.57 0 0 0 80 79
f0_633 f1h_259 f2_292 0.47 -0.47 0.84 0 0 0 80 78
f0_633 f1h_292 f1w_470 0.15 -0.15 0.08 0 0 0 78 79
f0_633 f1h_292 f2_970 0.44 -0.44 0.54 0 0 0 78 80
f0_633 f1h_417 f1w_488 0.07 -0.07 1 0 0 0 80 79
f0_633 f1h_417 f2_13 -0.41 0.41 0.76 0 0 0 80 79
f0_633 f1w_11 f1w_106 -0.12 0.12 0.81 0 0 0 79 80
f0_633 f1w_11 f2_31 0.22 -0.22 0.45 0 0 0 79 80
f0_633 f1w_11 f2_543 0.07 -0.07 0.76 0 0 0 79 79
f0_633 f1w_11 f2_756 0 0 0.9 0 0 0 79 80
f0_633 f1w_106 f2_351 0.2 -0.2 0.92 0 0 0 80 78
f0_633 f1w_111 f1w_470 0.11 -0.11 0.16 0 0 0 80 79
f0_633 f1w_248 f1w_470 -0.14 0.14 -0.06 0 0 0 79 79
f0_633 f1w_248 f2_13 -0.03 0.03 0.53 0 0 0 79 79
f0_633 f1w_248 f2_305 -0.14 0.14 0.62 0 0 0 79 79
f0_633 f1w_248 f2_351 0.06 -0.06 0.93 0 0 0 79 78
f0_633 f1w_365 f1w_437 -0.74 0.74 0.9 0 0 0 79 80
f0_633 f1w_365 f1w_470 0.25 -0.25 0.11 0 0 0 79 79
f0_633 f1w_365 f2_31 -0.12 0.12 0.77 0 0 0 79 80
f0_633 f1w_365 f2_371 0.14 -0.14 0.98 0 0 0 79 79
f0_633 f1w_410 f1w_470 0.01 -0.01 0.43 0 0 0 78 79
f0_633 f1w_437 f1w_488 0.37 -0.37 0.65 0 0 0 80 79
f0_633 f1w_470 f2_373 0.57 -0.57 0.52 0 0 0 79 79
f0_633 f1w_470 f2_374 0.52 -0.52 0.13 0 0 0 79 79
f0_633 f1w_470 f2_543 0.16 -0.16 0.3 0 0 0 79 79
f0_633 f1w_488 f2_31 -0.52 0.52 0.34 0 0 0 79 80
