id parent1 parent2 LLRparent1 LLRparent2 LLRpair OHparent1 OHparent2 MEpair SNPd.id.parent1 SNPd.id.parent2
f1h_1 f0_136 f0_143 2.75 -2.75 73.31 0 0 0 3399 3414
f1h_2 f0_13 f0_29 -2.79 2.79 70.78 0 0 0 3371 3396
f1h_3 f0_10 f0_140 4.07 -4.07 72.6 0 0 0 3381 3411
f1h_4 f0_7 f0_35 -4.91 4.91 68.56 0 0 0 3341 3377
f1h_5 f0_138 f0_200 -3.9 3.9 72.42 0 0 0 3391 3370
f1h_6 f0_93 f0_97 -2.34 2.34 75.92 0 0 0 3373 3371
f1h_7 f0_162 f0_176 -2.62 2.62 68.6 0 0 0 3377 3328
f1h_9 f0_3 f0_36 0.9 -0.9 69.9 0 0 0 3373 3407
f1h_10 f0_72 f0_165 -7.47 7.47 66.82 0 0 0 3385 3374
f1h_11 f0_14 f0_34 -1.36 1.36 75.65 0 0 0 3366 3421
f1h_15 f0_62 f0_141 4.01 -4.01 72.81 0 0 0 3399 3365
f1h_16 f0_27 f0_107 2.13 -2.13 76.69 0 0 0 3379 3346
f1h_17 f0_76 f0_176 0.14 -0.14 67.49 0 0 0 3338 3326
f1h_18 f0_1 f0_6 -11.68 11.68 66.37 0 0 0 3382 3407
f1h_19 f0_68 f0_153 -1.8 1.8 68.74 0 0 0 3427 3408
f1h_20 f0_12 f0_155 8.4 -8.4 69.65 0 0 0 3404 3410
f1h_22 f0_38 f0_190 -4.17 4.17 72.52 0 0 0 3386 3376
f1h_23 f0_15 f0_37 -0.52 0.52 80.19 0 0 0 3404 3388
f1h_24 f0_28 f0_89 -1.73 1.73 71.81 0 0 0 3395 3370
f1h_25 f0_68 f0_137 2.58 -2.58 74.01 0 0 0 3390 3404
f1h_26 f0_6 f0_171 4.46 -4.46 71.35 0 0 0 3406 3405
f1h_29 f0_144 f0_186 2.98 -2.98 74.06 0 0 0 3394 3386
f1h_30 f0_80 f0_126 3.69 -3.69 72.96 0 0 0 3380 3440
f1h_32 f0_16 f0_86 0.21 -0.21 76.26 0 0 0 3448 3406
f1h_33 f0_41 f0_135 -0.4 0.4 81.59 0 0 0 3427 3399
f1h_35 f0_48 f0_163 0.89 -0.89 76.39 0 0 0 3359 3388
f1h_37 f0_11 f0_137 -0.34 0.34 74.44 0 0 0 3415 3422
f1h_38 f0_105 f0_149 6.77 -6.77 69.44 0 0 0 3345 3324
f1h_39 f0_152 f0_192 -4.01 4.01 71.16 0 0 0 3394 3400
f1h_41 f0_24 f0_192 3.49 -3.49 77.04 0 0 0 3402 3415
f1h_43 f0_120 f0_148 6.3 -6.3 73.48 0 0 0 3383 3392
f1h_46 f0_40 f0_175 -6 6 73.46 0 0 0 3396 3371
f1h_47 f0_175 f0_200 3.49 -3.49 72.63 0 0 0 3363 3365
f1h_48 f0_38 f0_71 -5.78 5.78 73.59 0 0 0 3393 3406
f1h_50 f0_78 f0_113 11.7 -11.7 67.75 0 0 0 3393 3386
f1h_51 f0_14 f0_62 -15.89 15.89 68.62 0 0 0 3398 3412
f1h_52 f0_14 f0_167 1.68 -1.68 73.06 0 0 0 3379 3351
f1h_53 f0_95 f0_100 5.11 -5.11 70.84 0 0 0 3423 3405
f1h_54 f0_49 f0_54 -2.22 2.22 69.18 0 0 0 3345 3302
f1h_55 f0_56 f0_75 4.69 -4.69 74.43 0 0 0 3403 3393
f1h_56 f0_47 f0_57 -4.58 4.58 73.67 0 0 0 3381 3390
f1h_57 f0_8 f0_166 1.68 -1.68 72.88 0 0 0 3350 3381
f1h_58 f0_9 f0_73 5.99 -5.99 69.91 0 0 0 3400 3364
f1h_59 f0_99 f0_112 8.22 -8.22 73.04 0 0 0 3389 3396
f1h_60 f0_133 f0_162 -1.78 1.78 72.88 0 0 0 3345 3364
f1h_62 f0_163 f0_190 -0.97 0.97 77.24 0 0 0 3379 3368
f1h_63 f0_40 f0_87 1.14 -1.14 77.85 0 0 0 3387 3433
f1h_65 f0_99 f0_167 -5.54 5.54 74.03 0 0 0 3418 3384
f1h_67 f0_109 f0_168 -5.04 5.04 68.68 0 0 0 3361 3418
f1h_68 f0_42 f0_148 0.41 -0.41 73.47 0 0 0 3396 3397
f1h_69 f0_69 f0_139 -6.78 6.78 74.15 0 0 0 3408 3397
f1h_70 f0_121 f0_183 -2.47 2.47 72.03 0 0 0 3385 3385
f1h_71 f0_24 f0_178 -3.66 3.66 71.72 0 0 0 3356 3375
f1h_72 f0_102 f0_119 0.77 -0.77 68.11 0 0 0 3356 3381
f1h_73 f0_65 f0_99 5.31 -5.31 69.25 0 0 0 3385 3418
f1h_74 f0_46 f0_111 -5.77 5.77 71.85 0 0 0 3384 3390
f1h_75 f0_71 f0_98 1.23 -1.23 71.24 0 0 0 3414 3387
f1h_76 f0_82 f0_171 5.92 -5.92 72.14 0 0 0 3346 3365
f1h_78 f0_113 f0_188 -0.1 0.1 74.75 0 0 0 3364 3353
f1h_79 f0_42 f0_164 2.07 -2.07 72.83 0 0 0 3416 3419
f1h_80 f0_66 f0_198 -5.09 5.09 72.8 0 0 0 3387 3359
f1h_81 f0_12 f0_28 2.77 -2.77 76.86 0 0 0 3354 3359
f1h_82 f0_46 f0_88 -0.22 0.22 77.02 0 0 0 3389 3395
f1h_83 f0_151 f0_185 2.79 -2.79 76.52 0 0 0 3403 3388
f1h_84 f0_184 f0_193 -6.19 6.19 69.25 0 0 0 3411 3381
f1h_86 f0_7 f0_61 4.32 -4.32 72.12 0 0 0 3366 3360
f1h_87 f0_103 f0_118 4.82 -4.82 70.13 0 0 0 3400 3387
f1h_88 f0_107 f0_108 -5.18 5.18 71.71 0 0 0 3363 3361
f1h_90 f0_30 f0_84 8.52 -8.52 72.86 0 0 0 3364 3348
f1h_91 f0_73 f0_126 -1.16 1.16 73.44 0 0 0 3363 3421
f1h_92 f0_156 f0_170 -6.43 6.43 69.14 0 0 0 3366 3336
f1h_93 f0_62 f0_107 -2.27 2.27 70.37 0 0 0 3382 3361
f1h_94 f0_160 f0_193 -2.4 2.4 74.01 0 0 0 3361 3377
f1h_95 f0_59 f0_155 -5.03 5.03 74.66 0 0 0 3353 3367
f1h_96 f0_27 f0_124 -4.16 4.16 75.86 0 0 0 3411 3418
f1h_98 f0_2 f0_102 -0.59 0.59 76.91 0 0 0 3411 3391
f1h_100 f0_14 f0_85 -2.8 2.8 72.96 0 0 0 3399 3389
f1h_101 f0_120 f0_137 3.52 -3.52 73.52 0 0 0 3399 3408
f1h_102 f0_35 f0_150 2.94 -2.94 72.91 0 0 0 3445 3444
f1h_103 f0_21 f0_135 -9.12 9.12 69.69 0 0 0 3378 3421
f1h_104 f0_51 f0_118 3.28 -3.28 74.45 0 0 0 3374 3402
f1h_106 f0_98 f0_106 -2.6 2.6 73.18 0 0 0 3415 3429
f1h_107 f0_160 f0_181 -9.33 9.33 71.13 0 0 0 3395 3417
f1h_108 f0_68 f0_136 -5.38 5.38 66.19 0 0 0 3390 3355
f1h_109 f0_5 f0_178 -0.48 0.48 73.85 0 0 0 3403 3405
f1h_110 f0_8 f0_179 -8.12 8.12 74.35 0 0 0 3372 3375
f1h_111 f0_68 f0_157 -3.3 3.3 73.99 0 0 0 3399 3394
f1h_112 f0_8 f0_137 3.33 -3.33 74.17 0 0 0 3338 3377
f1h_113 f0_93 f0_126 1.38 -1.38 75.49 0 0 0 3395 3428
f1h_114 f0_116 f0_172 -4.39 4.39 75.78 0 0 0 3334 3355
f1h_115 f0_13 f0_90 -3.81 3.81 66.99 0 0 0 3349 3358
f1h_116 f0_59 f0_71 -5.1 5.1 72.33 0 0 0 3384 3417
f1h_118 f0_43 f0_93 -0.01 0.01 77.57 0 0 0 3394 3397
f1h_121 f0_46 f0_108 1.14 -1.14 74.41 0 0 0 3363 3367
f1h_122 f0_25 f0_141 10.97 -10.97 66.23 0 0 0 3364 3393
f1h_124 f0_37 f0_137 8.06 -8.06 69.77 0 0 0 3367 3391
f1h_125 f0_139 f0_152 1.3 -1.3 71.3 0 0 0 3371 3362
f1h_126 f0_43 f0_83 -1.71 1.71 68.79 0 0 0 3361 3327
f1h_127 f0_49 f0_104 -5 5 72.05 0 0 0 3391 3375
f1h_129 f0_2 f0_129 -7.67 7.67 69.41 0 0 0 3409 3409
f1h_130 f0_22 f0_159 -6.21 6.21 72.17 0 0 0 3330 3380
f1h_131 f0_24 f0_114 -6.45 6.45 68.72 0 0 0 3407 3425
f1h_132 f0_119 f0_181 1.28 -1.28 77.68 0 0 0 3407 3404
f1h_133 f0_103 f0_192 2.67 -2.67 80.85 0 0 0 3385 3384
f1h_134 f0_81 f0_85 -1.63 1.63 74.05 0 0 0 3355 3359
f1h_135 f0_100 f0_200 -4.65 4.65 70.72 0 0 0 3361 3375
f1h_136 f0_38 f0_73 -0.91 0.91 73.47 0 0 0 3395 3364
f1h_137 f0_171 f0_183 3.83 -3.83 69.03 0 0 0 3381 3369
f1h_138 f0_1 f0_141 -6.34 6.34 70.57 0 0 0 3380 3374
f1h_139 f0_11 f0_69 4.71 -4.71 74.32 0 0 0 3397 3394
f1h_140 f0_125 f0_172 -10.61 10.61 74.08 0 0 0 3423 3392
f1h_141 f0_18 f0_75 -0.99 0.99 75.53 0 0 0 3344 3368
f1h_142 f0_6 f0_47 -6.3 6.3 73.17 0 0 0 3406 3371
f1h_144 f0_29 f0_122 -2.12 2.12 72.85 0 0 0 3371 3336
f1h_145 f0_39 f0_184 4.87 -4.87 70.05 0 0 0 3360 3389
f1h_146 f0_34 f0_64 0.62 -0.62 74.85 0 0 0 3419 3423
f1h_147 f0_4 f0_163 -6.27 6.27 67.46 0 0 0 3360 3394
f1h_148 f0_24 f0_190 3.2 -3.2 68.34 0 0 0 3408 3408
f1h_149 f0_7 f0_89 -0.88 0.88 67.89 0 0 0 3373 3375
f1h_150 f0_28 f0_50 -1.59 1.59 75.21 0 0 0 3399 3403
f1h_151 f0_16 f0_133 2.25 -2.25 72.56 0 0 0 3396 3365
f1h_153 f0_48 f0_80 -3.85 3.85 75.29 0 0 0 3382 3357
f1h_156 f0_20 f0_48 5.97 -5.97 69.86 0 0 0 3351 3356
f1h_157 f0_39 f0_163 4.62 -4.62 75.38 0 0 0 3411 3426
f1h_158 f0_9 f0_121 2.91 -2.91 73.59 0 0 0 3396 3381
f1h_159 f0_64 f0_185 -1.37 1.37 76.22 0 0 0 3399 3365
f1h_161 f0_13 f0_72 6.57 -6.57 68.36 0 0 0 3337 3356
f1h_162 f0_24 f0_56 -3.86 3.86 73.46 0 0 0 3372 3389
f1h_165 f0_74 f0_85 -3.84 3.84 69.15 0 0 0 3345 3341
f1h_166 f0_69 f0_144 5.76 -5.76 72.92 0 0 0 3416 3400
f1h_167 f0_133 f0_136 -1.02 1.02 69.7 0 0 0 3330 3340
f1h_169 f0_59 f0_190 -1.64 1.64 77.12 0 0 0 3407 3400
f1h_170 f0_92 f0_199 -3.75 3.75 74.49 0 0 0 3369 3351
f1h_171 f0_13 f0_147 1.63 -1.63 71.93 0 0 0 3349 3359
f1h_172 f0_94 f0_113 8.24 -8.24 68.71 0 0 0 3393 3382
f1h_173 f0_81 f0_134 -7.09 7.09 75.72 0 0 0 3313 3315
f1h_174 f0_35 f0_107 -1.65 1.65 73.51 0 0 0 3371 3330
f1h_175 f0_15 f0_65 -2.1 2.1 74.21 0 0 0 3384 3395
f1h_176 f0_48 f0_167 4.91 -4.91 71.82 0 0 0 3384 3368
f1h_177 f0_57 f0_133 6.77 -6.77 71.26 0 0 0 3384 3384
f1h_178 f0_32 f0_147 -3.35 3.35 72.7 0 0 0 3401 3392
f1h_179 f0_85 f0_105 4.87 -4.87 72.2 0 0 0 3338 3366
f1h_180 f0_8 f0_25 -3.34 3.34 69.89 0 0 0 3364 3342
f1h_182 f0_43 f0_112 0.6 -0.6 76.02 0 0 0 3358 3384
f1h_183 f0_65 f0_100 3.96 -3.96 67.83 0 0 0 3375 3360
f1h_184 f0_31 f0_110 0.43 -0.43 73.24 0 0 0 3354 3365
f1h_186 f0_90 f0_154 -9.24 9.24 71.08 0 0 0 3386 3376
f1h_187 f0_114 f0_168 4.19 -4.19 73.97 0 0 0 3389 3396
f1h_189 f0_61 f0_62 -2.68 2.68 73.04 0 0 0 3364 3367
f1h_190 f0_82 f0_94 -4.39 4.39 72.57 0 0 0 3356 3387
f1h_191 f0_75 f0_200 -8.3 8.3 67.74 0 0 0 3381 3382
f1h_192 f0_97 f0_196 -2.2 2.2 74.77 0 0 0 3365 3374
f1h_193 f0_156 f0_164 3.6 -3.6 74.17 0 0 0 3364 3396
f1h_194 f0_110 f0_115 -0.55 0.55 77.21 0 0 0 3378 3414
f1h_195 f0_172 f0_177 5.39 -5.39 70.2 0 0 0 3392 3378
f1h_196 f0_49 f0_178 -10.65 10.65 65.37 0 0 0 3396 3408
f1h_198 f0_119 f0_126 5.19 -5.19 70.71 0 0 0 3387 3422
f1h_199 f0_43 f0_176 -1.35 1.35 76.14 0 0 0 3403 3363
f1h_200 f0_66 f0_99 -5.39 5.39 74.96 0 0 0 3398 3387
f1h_201 f0_151 f0_153 3.29 -3.29 73.62 0 0 0 3355 3342
f1h_202 f0_105 f0_178 0.93 -0.93 70.88 0 0 0 3386 3392
f1h_203 f0_105 f0_113 -2.16 2.16 71.04 0 0 0 3390 3372
f1h_205 f0_101 f0_119 -7.87 7.87 68.67 0 0 0 3400 3409
f1h_206 f0_37 f0_185 -4.53 4.53 67.44 0 0 0 3378 3395
f1h_208 f0_134 f0_191 3.97 -3.97 72 0 0 0 3327 3365
f1h_209 f0_62 f0_139 3.79 -3.79 67.98 0 0 0 3392 3386
f1h_211 f0_66 f0_143 -4 4 73.11 0 0 0 3411 3372
f1h_212 f0_25 f0_29 8.54 -8.54 69.07 0 0 0 3342 3402
f1h_213 f0_116 f0_152 -3.92 3.92 71.6 0 0 0 3355 3377
f1h_214 f0_7 f0_186 -4.81 4.81 71.84 0 0 0 3414 3406
f1h_215 f0_14 f0_124 -3.35 3.35 74.73 0 0 0 3384 3394
f1h_216 f0_55 f0_133 3.63 -3.63 68.72 0 0 0 3361 3351
f1h_217 f0_14 f0_142 -2.48 2.48 73.59 0 0 0 3376 3353
f1h_219 f0_25 f0_172 3.02 -3.02 70.96 0 0 0 3364 3396
f1h_220 f0_6 f0_183 0.49 -0.49 76.31 0 0 0 3407 3377
f1h_221 f0_131 f0_154 7.96 -7.96 70.83 0 0 0 3382 3366
f1h_222 f0_75 f0_156 -4.26 4.26 73.46 0 0 0 3360 3342
f1h_223 f0_89 f0_140 0.41 -0.41 74.16 0 0 0 3352 3375
f1h_224 f0_36 f0_200 8.62 -8.62 70.71 0 0 0 3395 3374
f1h_225 f0_50 f0_60 -0.22 0.22 74.47 0 0 0 3403 3384
f1h_226 f0_145 f0_191 1.32 -1.32 73.08 0 0 0 3383 3397
f1h_227 f0_19 f0_79 1.64 -1.64 76.64 0 0 0 3401 3388
f1h_228 f0_58 f0_181 -1.12 1.12 75.66 0 0 0 3383 3396
f1h_229 f0_59 f0_183 3.61 -3.61 76.66 0 0 0 3425 3418
f1h_230 f0_100 f0_138 3.19 -3.19 71.25 0 0 0 3357 3380
f1h_231 f0_3 f0_80 3.94 -3.94 71.8 0 0 0 3356 3358
f1h_232 f0_88 f0_96 -5.35 5.35 72.42 0 0 0 3364 3374
f1h_233 f0_36 f0_135 1.48 -1.48 76.05 0 0 0 3418 3403
f1h_234 f0_28 f0_85 -1.87 1.87 72.38 0 0 0 3416 3382
f1h_235 f0_29 f0_45 1.43 -1.43 71.78 0 0 0 3384 3391
f1h_236 f0_6 f0_59 1.72 -1.72 74.61 0 0 0 3415 3398
f1h_237 f0_75 f0_155 6.83 -6.83 68.91 0 0 0 3373 3386
f1h_239 f0_43 f0_82 -2.12 2.12 72.22 0 0 0 3377 3375
f1h_240 f0_10 f0_60 1.17 -1.17 75.16 0 0 0 3371 3399
f1h_241 f0_55 f0_137 2.41 -2.41 75 0 0 0 3374 3398
f1h_244 f0_39 f0_130 3.11 -3.11 68.32 0 0 0 3386 3377
f1h_246 f0_71 f0_158 0.24 -0.24 69.86 0 0 0 3403 3399
f1h_247 f0_115 f0_154 -3.8 3.8 74.61 0 0 0 3415 3369
f1h_248 f0_116 f0_122 -2.39 2.39 74.12 0 0 0 3365 3363
f1h_249 f0_140 f0_167 0.87 -0.87 68.13 0 0 0 3393 3351
f1h_250 f0_32 f0_184 -6.24 6.24 68.5 0 0 0 3369 3419
f1h_251 f0_53 f0_123 5.15 -5.15 70.31 0 0 0 3354 3371
f1h_252 f0_128 f0_150 -1.82 1.82 76.2 0 0 0 3402 3404
f1h_253 f0_80 f0_83 -1.38 1.38 72.7 0 0 0 3356 3348
f1h_254 f0_140 f0_145 -2.97 2.97 75.72 0 0 0 3374 3350
f1h_255 f0_44 f0_111 -5.85 5.85 71.43 0 0 0 3384 3383
f1h_256 f0_149 f0_171 6.67 -6.67 69.25 0 0 0 3352 3372
f1h_257 f0_59 f0_176 1.07 -1.07 72.49 0 0 0 3383 3352
f1h_258 f0_87 f0_91 -1.33 1.33 76.83 0 0 0 3417 3402
f1h_259 f0_110 f0_193 -0.18 0.18 72.47 0 0 0 3353 3359
f1h_260 f0_126 f0_138 -1.55 1.55 74.86 0 0 0 3385 3343
f1h_262 f0_110 f0_147 0.05 -0.05 75.39 0 0 0 3357 3356
f1h_263 f0_44 f0_64 -0.15 0.15 76.76 0 0 0 3401 3429
f1h_264 f0_151 f0_195 8.33 -8.33 71.35 0 0 0 3400 3382
f1h_265 f0_127 f0_157 3.98 -3.98 73.38 0 0 0 3411 3394
f1h_266 f0_36 f0_137 1.07 -1.07 74.31 0 0 0 3382 3392
f1h_268 f0_21 f0_92 0.06 -0.06 74.72 0 0 0 3358 3401
f1h_271 f0_53 f0_98 0.7 -0.7 75.27 0 0 0 3361 3371
f1h_272 f0_136 f0_140 -2.33 2.33 70.51 0 0 0 3348 3365
f1h_274 f0_88 f0_184 1.34 -1.34 74.17 0 0 0 3390 3431
f1h_275 f0_98 f0_121 3.68 -3.68 72.66 0 0 0 3378 3378
f1h_277 f0_167 f0_197 1.91 -1.91 73.31 0 0 0 3339 3396
f1h_279 f0_22 f0_157 -6.92 6.92 70.09 0 0 0 3322 3396
f1h_280 f0_21 f0_66 6.85 -6.85 69.7 0 0 0 3370 3419
f1h_281 f0_23 f0_69 -3.86 3.86 75.24 0 0 0 3348 3372
f1h_282 f0_40 f0_131 -0.84 0.84 72.39 0 0 0 3376 3402
f1h_283 f0_94 f0_172 -3.06 3.06 73.41 0 0 0 3385 3380
f1h_284 f0_24 f0_150 -9.35 9.35 69.29 0 0 0 3378 3408
f1h_285 f0_63 f0_150 -3.39 3.39 74.35 0 0 0 3410 3401
f1h_286 f0_3 f0_55 2.83 -2.83 71.37 0 0 0 3367 3362
f1h_289 f0_41 f0_150 6.81 -6.81 76.97 0 0 0 3418 3401
f1h_290 f0_132 f0_137 -4.26 4.26 74.18 0 0 0 3363 3401
f1h_291 f0_79 f0_127 -0.82 0.82 77.53 0 0 0 3426 3448
f1h_292 f0_54 f0_74 3.19 -3.19 71.61 0 0 0 3326 3355
f1h_293 f0_41 f0_186 3.94 -3.94 76.41 0 0 0 3433 3390
f1h_294 f0_126 f0_197 1.68 -1.68 76.87 0 0 0 3446 3427
f1h_295 f0_45 f0_95 -0.73 0.73 76.28 0 0 0 3393 3377
f1h_296 f0_110 f0_168 6.2 -6.2 71.51 0 0 0 3361 3391
f1h_298 f0_55 f0_104 -1.25 1.25 71.82 0 0 0 3353 3353
f1h_299 f0_23 f0_85 5.32 -5.32 75.47 0 0 0 3358 3356
f1h_300 f0_180 f0_188 1.23 -1.23 81.14 0 0 0 3377 3377
f1h_301 f0_124 f0_134 -1.03 1.03 76.07 0 0 0 3408 3353
f1h_302 f0_97 f0_136 -0.74 0.74 71.98 0 0 0 3394 3385
f1h_303 f0_35 f0_170 -2.9 2.9 70.85 0 0 0 3386 3322
f1h_304 f0_52 f0_157 2.53 -2.53 71.57 0 0 0 3377 3396
f1h_305 f0_7 f0_8 6.14 -6.14 71.08 0 0 0 3347 3327
f1h_306 f0_68 f0_116 4.02 -4.02 73.04 0 0 0 3414 3371
f1h_307 f0_130 f0_150 -3.15 3.15 70.62 0 0 0 3344 3368
f1h_308 f0_51 f0_171 -0.6 0.6 74.4 0 0 0 3324 3343
f1h_310 f0_110 f0_122 5.94 -5.94 72.22 0 0 0 3323 3306
f1h_311 f0_50 f0_193 1.95 -1.95 77.81 0 0 0 3398 3396
f1h_312 f0_75 f0_155 0.33 -0.33 73.67 0 0 0 3365 3361
f1h_313 f0_195 f0_196 -0.3 0.3 73.44 0 0 0 3398 3389
f1h_314 f0_89 f0_179 4.42 -4.42 74.24 0 0 0 3375 3355
f1h_316 f0_3 f0_63 0.26 -0.26 74.18 0 0 0 3357 3385
f1h_317 f0_138 f0_184 -1.06 1.06 73.85 0 0 0 3385 3409
f1h_318 f0_9 f0_142 -3.47 3.47 70.98 0 0 0 3375 3372
f1h_319 f0_23 f0_40 -0.43 0.43 76 0 0 0 3394 3403
f1h_320 f0_148 f0_182 -0.11 0.11 78.6 0 0 0 3356 3344
f1h_321 f0_69 f0_106 1.21 -1.21 76.09 0 0 0 3386 3394
f1h_322 f0_11 f0_62 5.25 -5.25 74.42 0 0 0 3409 3395
f1h_323 f0_55 f0_99 -5.89 5.89 71.21 0 0 0 3347 3385
f1h_324 f0_114 f0_144 5.55 -5.55 69.77 0 0 0 3416 3408
f1h_326 f0_114 f0_155 -1.41 1.41 73.91 0 0 0 3412 3394
f1h_327 f0_13 f0_47 -1.49 1.49 69.55 0 0 0 3390 3402
f1h_328 f0_56 f0_191 -4.61 4.61 73.52 0 0 0 3434 3402
f1h_330 f0_30 f0_89 -1.52 1.52 73.57 0 0 0 3396 3371
f1h_331 f0_111 f0_166 8.25 -8.25 69.09 0 0 0 3355 3372
f1h_333 f0_92 f0_188 -8.83 8.83 68.41 0 0 0 3379 3360
f1h_334 f0_14 f0_104 4.07 -4.07 73.73 0 0 0 3351 3324
f1h_335 f0_31 f0_188 -2.84 2.84 73.93 0 0 0 3389 3401
f1h_336 f0_66 f0_146 -1.36 1.36 76.51 0 0 0 3412 3370
f1h_337 f0_32 f0_97 2.39 -2.39 75.19 0 0 0 3376 3363
f1h_338 f0_119 f0_180 -1.27 1.27 75.41 0 0 0 3383 3375
f1h_339 f0_54 f0_192 14.16 -14.16 65.23 0 0 0 3327 3391
f1h_340 f0_33 f0_37 -7.08 7.08 71.35 0 0 0 3367 3360
f1h_341 f0_80 f0_138 1.35 -1.35 71.3 0 0 0 3339 3366
f1h_342 f0_92 f0_195 6.44 -6.44 73.51 0 0 0 3394 3380
f1h_343 f0_59 f0_132 0.2 -0.2 75.99 0 0 0 3358 3343
f1h_344 f0_101 f0_197 1.89 -1.89 72.83 0 0 0 3380 3412
f1h_346 f0_71 f0_200 -7.3 7.3 72.72 0 0 0 3384 3361
f1h_347 f0_20 f0_32 -3.4 3.4 74.5 0 0 0 3363 3383
f1h_349 f0_13 f0_30 6.43 -6.43 69.21 0 0 0 3364 3396
f1h_350 f0_134 f0_187 0.62 -0.62 72.59 0 0 0 3372 3396
f1h_351 f0_18 f0_167 -13.8 13.8 69.99 0 0 0 3358 3355
f1h_352 f0_45 f0_195 4.69 -4.69 76.56 0 0 0 3419 3427
f1h_354 f0_172 f0_194 -9.83 9.83 70.58 0 0 0 3348 3330
f1h_355 f0_50 f0_102 1.31 -1.31 74.42 0 0 0 3400 3373
f1h_356 f0_70 f0_195 6.46 -6.46 73.86 0 0 0 3391 3393
f1h_357 f0_36 f0_188 1.46 -1.46 70.9 0 0 0 3382 3359
f1h_358 f0_33 f0_119 -8.4 8.4 70.99 0 0 0 3397 3383
f1h_359 f0_16 f0_93 0.81 -0.81 73.59 0 0 0 3414 3370
f1h_360 f0_48 f0_84 2.71 -2.71 77.14 0 0 0 3395 3381
f1h_362 f0_93 f0_126 4.55 -4.55 78.45 0 0 0 3391 3427
f1h_363 f0_26 f0_161 5.18 -5.18 71.08 0 0 0 3397 3378
f1h_364 f0_22 f0_72 -2.4 2.4 71.62 0 0 0 3341 3395
f1h_365 f0_51 f0_81 1.94 -1.94 74.03 0 0 0 3363 3337
f1h_366 f0_26 f0_191 8.65 -8.65 67.21 0 0 0 3351 3365
f1h_367 f0_20 f0_94 -0.77 0.77 74.17 0 0 0 3352 3371
f1h_368 f0_81 f0_91 -9.21 9.21 69.97 0 0 0 3319 3361
f1h_369 f0_77 f0_191 -8.19 8.19 68.54 0 0 0 3395 3393
f1h_370 f0_30 f0_82 1.12 -1.12 76.75 0 0 0 3400 3375
f1h_373 f0_85 f0_194 -2.62 2.62 71.74 0 0 0 3365 3354
f1h_374 f0_119 f0_144 -5.03 5.03 71.17 0 0 0 3368 3373
f1h_376 f0_67 f0_97 -0.89 0.89 75.72 0 0 0 3383 3384
f1h_377 f0_41 f0_167 -4.97 4.97 72.48 0 0 0 3428 3369
f1h_378 f0_98 f0_155 10.21 -10.21 68.01 0 0 0 3369 3375
f1h_379 f0_109 f0_168 -6.42 6.42 72.21 0 0 0 3361 3403
f1h_380 f0_20 f0_47 0.27 -0.27 75.51 0 0 0 3348 3351
f1h_381 f0_106 f0_153 2.27 -2.27 77.5 0 0 0 3393 3386
f1h_382 f0_111 f0_199 6.01 -6.01 65.18 0 0 0 3362 3355
f1h_383 f0_87 f0_147 -11.01 11.01 72.64 0 0 0 3439 3410
f1h_384 f0_22 f0_146 9.11 -9.11 67.49 0 0 0 3330 3358
f1h_385 f0_13 f0_120 -3.67 3.67 68.85 0 0 0 3342 3361
f1h_388 f0_65 f0_120 5.94 -5.94 73.8 0 0 0 3387 3398
f1h_390 f0_127 f0_187 -3.31 3.31 71.65 0 0 0 3403 3381
f1h_391 f0_38 f0_83 -0.65 0.65 74.34 0 0 0 3381 3336
f1h_392 f0_79 f0_145 -8.83 8.83 69.15 0 0 0 3398 3376
f1h_393 f0_21 f0_157 -6.57 6.57 76.12 0 0 0 3379 3418
f1h_394 f0_69 f0_178 -4.56 4.56 70.08 0 0 0 3374 3381
f1h_396 f0_82 f0_150 -2.72 2.72 73.23 0 0 0 3353 3389
f1h_397 f0_67 f0_194 -5.51 5.51 67.95 0 0 0 3406 3365
f1h_399 f0_44 f0_88 -5.03 5.03 72.88 0 0 0 3378 3385
f1h_400 f0_123 f0_128 9.46 -9.46 70.78 0 0 0 3410 3436
f1h_401 f0_78 f0_83 6.31 -6.31 71.66 0 0 0 3369 3341
f1h_404 f0_14 f0_69 6.14 -6.14 72.57 0 0 0 3377 3388
f1h_405 f0_64 f0_87 0.46 -0.46 74.73 0 0 0 3424 3413
f1h_407 f0_35 f0_64 3.33 -3.33 76.56 0 0 0 3430 3453
f1h_408 f0_56 f0_148 0.9 -0.9 73.58 0 0 0 3424 3394
f1h_409 f0_25 f0_27 1.73 -1.73 74.48 0 0 0 3337 3399
f1h_410 f0_7 f0_129 12.06 -12.06 68.21 0 0 0 3364 3376
f1h_411 f0_7 f0_157 5.2 -5.2 70.21 0 0 0 3368 3382
f1h_412 f0_121 f0_141 -2.45 2.45 75.32 0 0 0 3347 3352
f1h_413 f0_9 f0_28 0.78 -0.78 73.54 0 0 0 3403 3407
f1h_414 f0_49 f0_116 1.98 -1.98 74.18 0 0 0 3415 3389
f1h_415 f0_98 f0_198 3.9 -3.9 71.77 0 0 0 3375 3398
f1h_416 f0_26 f0_175 0.48 -0.48 75.38 0 0 0 3382 3389
f1h_418 f0_3 f0_67 3.58 -3.58 73.93 0 0 0 3374 3405
f1h_419 f0_51 f0_162 2.34 -2.34 74.52 0 0 0 3371 3394
f1h_421 f0_66 f0_139 -5.46 5.46 73.62 0 0 0 3456 3416
f1h_422 f0_26 f0_199 0.8 -0.8 73.98 0 0 0 3371 3368
f1h_423 f0_56 f0_129 -4.75 4.75 72.22 0 0 0 3386 3381
f1h_424 f0_17 f0_45 -2.79 2.79 75.12 0 0 0 3393 3393
f1h_425 f0_149 f0_176 -0.21 0.21 74.31 0 0 0 3318 3295
f1h_426 f0_169 f0_178 4.65 -4.65 70.72 0 0 0 3369 3394
f1h_427 f0_101 f0_120 11.34 -11.34 70.4 0 0 0 3389 3393
f1h_428 f0_185 f0_186 -0.73 0.73 70.83 0 0 0 3396 3381
f1h_429 f0_46 f0_128 6.36 -6.36 73.57 0 0 0 3350 3380
f1h_430 f0_83 f0_85 -4.87 4.87 76.5 0 0 0 3381 3401
f1h_433 f0_102 f0_159 0.58 -0.58 71.7 0 0 0 3362 3365
f1h_434 f0_35 f0_130 7.89 -7.89 66.3 0 0 0 3401 3394
f1h_435 f0_85 f0_171 -1.6 1.6 71.52 0 0 0 3334 3359
f1h_436 f0_157 f0_181 3.97 -3.97 75.01 0 0 0 3405 3400
f1h_437 f0_47 f0_159 4.48 -4.48 72.76 0 0 0 3387 3392
f1h_438 f0_113 f0_197 -3.01 3.01 69.59 0 0 0 3390 3418
f1h_439 f0_1 f0_200 4.95 -4.95 68.29 0 0 0 3397 3386
f1h_440 f0_122 f0_196 0.32 -0.32 71.64 0 0 0 3326 3348
f1h_441 f0_14 f0_35 -16.76 16.76 68.54 0 0 0 3407 3406
f1h_444 f0_30 f0_160 -5.76 5.76 74.46 0 0 0 3369 3360
f1h_446 f0_30 f0_173 -5.88 5.88 75.88 0 0 0 3373 3372
f1h_448 f0_5 f0_61 2.5 -2.5 76.62 0 0 0 3390 3381
f1h_449 f0_158 f0_177 2.81 -2.81 75.05 0 0 0 3402 3352
f1h_450 f0_38 f0_103 2.96 -2.96 72.16 0 0 0 3399 3396
f1h_451 f0_24 f0_86 1.86 -1.86 72.47 0 0 0 3401 3391
f1h_452 f0_53 f0_118 3.26 -3.26 72.7 0 0 0 3379 3412
f1h_453 f0_34 f0_145 -1.46 1.46 76.57 0 0 0 3441 3403
f1h_454 f0_18 f0_44 -4.98 4.98 71.77 0 0 0 3384 3397
f1h_455 f0_130 f0_150 -4.54 4.54 74.19 0 0 0 3375 3396
f1h_456 f0_157 f0_185 5.11 -5.11 74.61 0 0 0 3405 3384
f1h_457 f0_124 f0_140 4.71 -4.71 74.1 0 0 0 3430 3417
f1h_458 f0_34 f0_74 -0.3 0.3 73.44 0 0 0 3395 3341
f1h_459 f0_123 f0_163 1.35 -1.35 73.85 0 0 0 3410 3425
f1h_460 f0_128 f0_182 -3.75 3.75 75.11 0 0 0 3400 3351
f1h_462 f0_182 f0_193 1.77 -1.77 69.92 0 0 0 3355 3386
f1h_463 f0_85 f0_189 3.06 -3.06 74.94 0 0 0 3354 3388
f1h_464 f0_78 f0_167 -4.21 4.21 72.17 0 0 0 3365 3362
f1h_465 f0_37 f0_65 -4.34 4.34 71.95 0 0 0 3366 3369
f1h_466 f0_178 f0_187 0.34 -0.34 69.57 0 0 0 3393 3393
f1h_467 f0_85 f0_132 3.27 -3.27 71.26 0 0 0 3337 3333
f1h_468 f0_35 f0_161 3.21 -3.21 66.75 0 0 0 3403 3376
f1h_469 f0_120 f0_133 2.38 -2.38 71.32 0 0 0 3386 3357
f1h_470 f0_86 f0_192 2.5 -2.5 76.43 0 0 0 3368 3376
f1h_472 f0_83 f0_152 -7.12 7.12 68.95 0 0 0 3313 3363
f1h_473 f0_26 f0_92 11.66 -11.66 63.08 0 0 0 3363 3396
f1h_474 f0_31 f0_59 0.8 -0.8 77.08 0 0 0 3394 3394
f1h_475 f0_42 f0_82 -3.07 3.07 76.02 0 0 0 3410 3379
f1h_476 f0_89 f0_158 1.95 -1.95 73.3 0 0 0 3394 3417
f1h_477 f0_33 f0_42 -1.69 1.69 78.23 0 0 0 3405 3407
f1h_478 f0_63 f0_157 -1.92 1.92 71.5 0 0 0 3392 3380
f1h_480 f0_76 f0_194 3.15 -3.15 73.25 0 0 0 3366 3369
f1h_481 f0_82 f0_150 1.51 -1.51 71.69 0 0 0 3364 3399
f1h_482 f0_89 f0_184 -3.8 3.8 68.58 0 0 0 3352 3399
f1h_483 f0_45 f0_66 5.8 -5.8 74.37 0 0 0 3389 3403
f1h_484 f0_76 f0_172 -0.76 0.76 72.3 0 0 0 3323 3361
f1h_485 f0_122 f0_150 4.92 -4.92 71.21 0 0 0 3382 3434
f1h_486 f0_138 f0_141 -5.69 5.69 71.61 0 0 0 3384 3366
f1h_487 f0_135 f0_170 3.78 -3.78 69.57 0 0 0 3407 3345
f1h_488 f0_21 f0_33 1.87 -1.87 76.31 0 0 0 3350 3358
f1h_489 f0_22 f0_52 6.3 -6.3 69.33 0 0 0 3344 3397
f1h_490 f0_13 f0_146 0.72 -0.72 72.16 0 0 0 3351 3344
f1h_492 f0_170 f0_197 5.66 -5.66 72.54 0 0 0 3312 3370
f1h_493 f0_72 f0_105 -3.37 3.37 70.8 0 0 0 3398 3395
f1h_494 f0_35 f0_48 1.66 -1.66 71.92 0 0 0 3404 3401
f1h_495 f0_34 f0_107 5.54 -5.54 67.83 0 0 0 3422 3380
f1h_496 f0_78 f0_148 -2.44 2.44 76.6 0 0 0 3384 3380
f1h_498 f0_148 f0_198 -3.41 3.41 71.86 0 0 0 3404 3422
f1h_499 f0_12 f0_14 7.23 -7.23 73.96 0 0 0 3392 3379
f1w_3 f0_700 f0_850 -0.12 0.12 69.4 0 0 0 3393 3367
f1w_8 f0_295 f0_823 0.79 -0.79 72.39 0 0 0 3384 3387
f1w_9 f0_806 f0_997 -0.91 0.91 75.95 0 0 0 3398 3358
f1w_10 f0_712 f0_966 2.4 -2.4 72.41 0 0 0 3370 3368
f1w_14 f0_525 f0_612 1.46 -1.46 71.83 0 0 0 3355 3359
f1w_16 f0_268 f0_726 -10.41 10.41 66.83 0 0 0 3410 3376
f1w_18 f0_252 f0_314 -3.33 3.33 73.22 0 0 0 3400 3339
f1w_21 f0_607 f0_612 -2.93 2.93 74.47 0 0 0 3358 3373
f1w_24 f0_480 f0_957 -2.75 2.75 73.36 0 0 0 3424 3380
f1w_26 f0_483 f0_624 -6.7 6.7 77.94 0 0 0 3385 3378
f1w_30 f0_354 f0_849 1.08 -1.08 73.94 0 0 0 3382 3349
f1w_32 f0_757 f0_911 -2.19 2.19 75.32 0 0 0 3350 3359
f1w_34 f0_293 f0_860 -6.48 6.48 73.08 0 0 0 3401 3382
f1w_35 f0_657 f0_766 2.86 -2.86 75 0 0 0 3368 3343
f1w_39 f0_225 f0_425 2.57 -2.57 73 0 0 0 3374 3412
f1w_41 f0_477 f0_988 -5.17 5.17 69.73 0 0 0 3384 3383
f1w_43 f0_308 f0_371 -0.23 0.23 69.48 0 0 0 3306 3311
f1w_45 f0_778 f0_994 5.76 -5.76 73.79 0 0 0 3282 3361
f1w_47 f0_484 f0_702 -1.21 1.21 69.09 0 0 0 3372 3346
f1w_48 f0_491 f0_831 -0.09 0.09 72 0 0 0 3366 3355
f1w_51 f0_542 f0_897 -4.04 4.04 73.75 0 0 0 3374 3359
f1w_55 f0_890 f0_941 4.73 -4.73 71.74 0 0 0 3359 3377
f1w_56 f0_224 f0_529 -5.18 5.18 67.72 0 0 0 3409 3343
f1w_59 f0_590 f0_591 4.16 -4.16 71.07 0 0 0 3349 3396
f1w_61 f0_281 f0_602 -0.93 0.93 73.06 0 0 0 3416 3363
f1w_64 f0_504 f0_929 0.76 -0.76 72.96 0 0 0 3356 3344
f1w_71 f0_459 f0_991 1.53 -1.53 72.71 0 0 0 3374 3370
f1w_72 f0_428 f0_776 -0.76 0.76 76.11 0 0 0 3367 3361
f1w_73 f0_219 f0_535 -6.56 6.56 72.72 0 0 0 3407 3392
f1w_74 f0_244 f0_756 -3.6 3.6 74.81 0 0 0 3400 3404
f1w_76 f0_773 f0_886 -1.9 1.9 72.55 0 0 0 3357 3369
f1w_77 f0_362 f0_780 -2.95 2.95 72.3 0 0 0 3372 3380
f1w_78 f0_611 f0_870 -7.76 7.76 70.98 0 0 0 3359 3412
f1w_79 f0_569 f0_830 -0.29 0.29 74.89 0 0 0 3392 3376
f1w_84 f0_583 f0_992 0.71 -0.71 73.7 0 0 0 3360 3363
f1w_85 f0_211 f0_992 0.88 -0.88 72.42 0 0 0 3358 3363
f1w_86 f0_831 f0_903 -4.08 4.08 71.86 0 0 0 3353 3367
f1w_87 f0_661 f0_898 -5.33 5.33 69.58 0 0 0 3379 3399
f1w_88 f0_293 f0_579 -6.36 6.36 75.66 0 0 0 3377 3381
f1w_89 f0_442 f0_631 -0.48 0.48 71.63 0 0 0 3347 3361
f1w_90 f0_491 f0_644 0.44 -0.44 77.31 0 0 0 3369 3385
f1w_91 f0_362 f0_391 -0.61 0.61 75.37 0 0 0 3379 3401
f1w_92 f0_347 f0_818 -5.15 5.15 68.96 0 0 0 3396 3385
f1w_97 f0_322 f0_329 -1.05 1.05 71.45 0 0 0 3361 3382
f1w_102 f0_432 f0_820 -3.77 3.77 74.47 0 0 0 3401 3404
f1w_103 f0_650 f0_832 1.47 -1.47 78.52 0 0 0 3392 3389
f1w_105 f0_558 f0_632 -4.73 4.73 72.84 0 0 0 3400 3429
f1w_106 f0_655 f0_714 1.53 -1.53 72.49 0 0 0 3362 3375
f1w_108 f0_413 f0_476 2.08 -2.08 76.14 0 0 0 3396 3377
f1w_112 f0_296 f0_970 -2.32 2.32 70.35 0 0 0 3330 3335
f1w_113 f0_622 f0_845 -0.55 0.55 74.87 0 0 0 3367 3352
f1w_117 f0_411 f0_795 4.57 -4.57 76.36 0 0 0 3356 3339
f1w_119 f0_935 f0_973 10.68 -10.68 65.29 0 0 0 3400 3384
f1w_121 f0_938 f0_999 -6.27 6.27 71.19 0 0 0 3369 3350
f1w_124 f0_213 f0_877 2.29 -2.29 74.77 0 0 0 3426 3405
f1w_127 f0_643 f0_666 4.68 -4.68 74.85 0 0 0 3410 3413
f1w_131 f0_224 f0_574 0.05 -0.05 75.47 0 0 0 3408 3339
f1w_135 f0_678 f0_999 1.55 -1.55 71.41 0 0 0 3385 3391
f1w_136 f0_247 f0_794 3.19 -3.19 66.01 0 0 0 3387 3390
f1w_139 f0_544 f0_907 5.66 -5.66 68.16 0 0 0 3379 3363
f1w_140 f0_352 f0_621 1.38 -1.38 72.9 0 0 0 3361 3371
f1w_141 f0_421 f0_683 0.69 -0.69 78.63 0 0 0 3384 3398
f1w_146 f0_376 f0_766 5.71 -5.71 71.95 0 0 0 3375 3361
f1w_147 f0_677 f0_705 -3.97 3.97 70.64 0 0 0 3379 3380
f1w_149 f0_631 f0_695 0.79 -0.79 77.29 0 0 0 3383 3371
f1w_150 f0_898 f0_924 2.78 -2.78 69.86 0 0 0 3411 3410
f1w_151 f0_264 f0_717 -2.78 2.78 71.61 0 0 0 3373 3374
f1w_152 f0_713 f0_947 3.72 -3.72 72.92 0 0 0 3374 3406
f1w_153 f0_804 f0_818 2.67 -2.67 77.28 0 0 0 3404 3357
f1w_155 f0_694 f0_953 1.1 -1.1 74.93 0 0 0 3424 3416
f1w_156 f0_293 f0_495 -1.48 1.48 75.09 0 0 0 3377 3355
f1w_157 f0_227 f0_725 6.23 -6.23 67.88 0 0 0 3357 3398
f1w_160 f0_442 f0_580 0.75 -0.75 77.1 0 0 0 3348 3374
f1w_164 f0_904 f0_997 -4.13 4.13 74.72 0 0 0 3349 3352
f1w_165 f0_312 f0_806 -7.19 7.19 73.72 0 0 0 3412 3425
f1w_166 f0_374 f0_770 0.46 -0.46 70.32 0 0 0 3377 3334
f1w_167 f0_334 f0_799 -4.09 4.09 72.59 0 0 0 3398 3378
f1w_168 f0_773 f0_897 5.4 -5.4 69.45 0 0 0 3411 3388
f1w_170 f0_515 f0_884 1.61 -1.61 73.05 0 0 0 3386 3373
f1w_174 f0_383 f0_556 -2.79 2.79 67.76 0 0 0 3369 3387
f1w_177 f0_445 f0_591 4.76 -4.76 77.35 0 0 0 3406 3417
f1w_180 f0_232 f0_748 0.66 -0.66 76.45 0 0 0 3362 3361
f1w_183 f0_490 f0_600 -7.43 7.43 66.97 0 0 0 3408 3350
f1w_186 f0_472 f0_928 5.15 -5.15 73.46 0 0 0 3375 3367
f1w_187 f0_283 f0_503 -9.74 9.74 72.75 0 0 0 3372 3398
f1w_190 f0_373 f0_622 3.98 -3.98 73.3 0 0 0 3362 3391
f1w_191 f0_231 f0_452 2.37 -2.37 73.61 0 0 0 3378 3396
f1w_193 f0_312 f0_964 -2.59 2.59 72.7 0 0 0 3363 3329
f1w_198 f0_471 f0_925 4.27 -4.27 74.43 0 0 0 3375 3365
f1w_199 f0_528 f0_740 -3.29 3.29 73.26 0 0 0 3404 3384
f1w_200 f0_477 f0_483 9.36 -9.36 70.3 0 0 0 3399 3362
f1w_201 f0_982 f0_986 1.93 -1.93 72.49 0 0 0 3389 3396
f1w_202 f0_715 f0_780 2.16 -2.16 72.71 0 0 0 3389 3399
f1w_206 f0_304 f0_453 0.32 -0.32 72.55 0 0 0 3389 3442
f1w_209 f0_686 f0_793 1.72 -1.72 72.44 0 0 0 3399 3385
f1w_211 f0_540 f0_983 -1.43 1.43 74.35 0 0 0 3401 3388
f1w_213 f0_476 f0_694 -0.59 0.59 77.77 0 0 0 3374 3411
f1w_217 f0_263 f0_851 -5.63 5.63 73.65 0 0 0 3408 3424
f1w_218 f0_256 f0_894 -0.76 0.76 76.03 0 0 0 3393 3402
f1w_220 f0_302 f0_640 -0.23 0.23 74.72 0 0 0 3468 3411
f1w_222 f0_237 f0_528 -7.13 7.13 67.65 0 0 0 3319 3367
f1w_223 f0_365 f0_506 0.59 -0.59 72.99 0 0 0 3379 3393
f1w_224 f0_741 f0_801 -3.15 3.15 70.29 0 0 0 3355 3370
f1w_225 f0_820 f0_845 -6.19 6.19 69.77 0 0 0 3377 3363
f1w_229 f0_605 f0_680 2.88 -2.88 68.4 0 0 0 3333 3325
f1w_230 f0_708 f0_737 -1.73 1.73 74.9 0 0 0 3413 3399
f1w_232 f0_246 f0_925 4.21 -4.21 80.06 0 0 0 3356 3380
f1w_233 f0_757 f0_822 6.43 -6.43 71.38 0 0 0 3367 3392
f1w_234 f0_467 f0_561 3.37 -3.37 72.21 0 0 0 3381 3364
f1w_241 f0_758 f0_856 -5.11 5.11 76.54 0 0 0 3374 3361
f1w_247 f0_678 f0_966 -2.27 2.27 76.11 0 0 0 3356 3372
f1w_248 f0_675 f0_994 -3.15 3.15 75.01 0 0 0 3364 3377
f1w_249 f0_471 f0_924 -3.38 3.38 72.53 0 0 0 3407 3415
f1w_251 f0_487 f0_799 8.21 -8.21 70.15 0 0 0 3378 3386
f1w_252 f0_537 f0_705 5.61 -5.61 67.3 0 0 0 3378 3372
f1w_257 f0_434 f0_915 -5.49 5.49 71.68 0 0 0 3361 3343
f1w_259 f0_206 f0_631 1.98 -1.98 70.7 0 0 0 3394 3384
f1w_260 f0_398 f0_925 0.37 -0.37 75.73 0 0 0 3391 3415
f1w_261 f0_585 f0_881 -0.3 0.3 74.19 0 0 0 3395 3401
f1w_262 f0_319 f0_473 7.47 -7.47 67.78 0 0 0 3395 3369
f1w_264 f0_454 f0_470 2.07 -2.07 76.11 0 0 0 3373 3397
f1w_265 f0_317 f0_966 6.76 -6.76 72.49 0 0 0 3406 3366
f1w_266 f0_241 f0_503 8.46 -8.46 68.66 0 0 0 3375 3373
f1w_270 f0_420 f0_883 -3.85 3.85 67.04 0 0 0 3329 3345
f1w_271 f0_606 f0_992 -0.73 0.73 73.67 0 0 0 3413 3378
f1w_272 f0_372 f0_435 -1.5 1.5 71.52 0 0 0 3414 3402
f1w_273 f0_790 f0_983 4.66 -4.66 77.19 0 0 0 3371 3362
f1w_275 f0_653 f0_709 2.24 -2.24 68.98 0 0 0 3413 3397
f1w_276 f0_556 f0_595 3.12 -3.12 70.8 0 0 0 3392 3421
f1w_277 f0_289 f0_700 -0.47 0.47 68.58 0 0 0 3371 3366
f1w_278 f0_243 f0_432 7.93 -7.93 71.3 0 0 0 3421 3378
f1w_281 f0_244 f0_394 2.28 -2.28 70.2 0 0 0 3392 3341
f1w_283 f0_201 f0_674 -0.09 0.09 77.37 0 0 0 3388 3384
f1w_284 f0_299 f0_976 -2.74 2.74 75.28 0 0 0 3359 3389
f1w_287 f0_412 f0_808 2.17 -2.17 75.79 0 0 0 3424 3397
f1w_288 f0_432 f0_978 1.95 -1.95 74.41 0 0 0 3342 3364
f1w_289 f0_294 f0_947 0.13 -0.13 75.64 0 0 0 3410 3426
f1w_290 f0_582 f0_813 -2.93 2.93 72.21 0 0 0 3365 3366
f1w_291 f0_649 f0_719 -0.23 0.23 75.62 0 0 0 3353 3410
f1w_293 f0_554 f0_912 1.64 -1.64 73.07 0 0 0 3386 3366
f1w_294 f0_536 f0_999 6.32 -6.32 66.56 0 0 0 3368 3376
f1w_296 f0_617 f0_682 -3.29 3.29 71.55 0 0 0 3392 3376
f1w_298 f0_238 f0_617 -6.36 6.36 74.12 0 0 0 3398 3397
f1w_300 f0_409 f0_614 -7.65 7.65 70.76 0 0 0 3381 3368
f1w_301 f0_509 f0_712 -2.99 2.99 75.5 0 0 0 3418 3410
f1w_302 f0_901 f0_910 6.58 -6.58 68.24 0 0 0 3387 3331
f1w_304 f0_683 f0_732 -3.85 3.85 70.59 0 0 0 3363 3360
f1w_306 f0_585 f0_897 2 -2 72.37 0 0 0 3364 3338
f1w_309 f0_329 f0_411 -1.26 1.26 78.24 0 0 0 3419 3383
f1w_311 f0_530 f0_978 -11.28 11.28 69 0 0 0 3426 3405
f1w_312 f0_383 f0_655 -3.49 3.49 73.54 0 0 0 3362 3350
f1w_313 f0_823 f0_957 -2.51 2.51 73.32 0 0 0 3362 3360
f1w_316 f0_433 f0_629 0.94 -0.94 76.17 0 0 0 3415 3411
f1w_319 f0_537 f0_793 3.77 -3.77 71.48 0 0 0 3366 3371
f1w_320 f0_594 f0_694 2.53 -2.53 70.96 0 0 0 3368 3426
f1w_321 f0_542 f0_945 2.26 -2.26 72.76 0 0 0 3364 3372
f1w_322 f0_414 f0_579 2.93 -2.93 71.22 0 0 0 3338 3369
f1w_323 f0_690 f0_976 6.79 -6.79 70.91 0 0 0 3394 3368
f1w_326 f0_419 f0_676 3.24 -3.24 68.63 0 0 0 3381 3415
f1w_329 f0_564 f0_694 -5.8 5.8 76.93 0 0 0 3367 3427
f1w_331 f0_669 f0_690 -9.85 9.85 70.05 0 0 0 3374 3429
f1w_333 f0_228 f0_319 -1.66 1.66 73.26 0 0 0 3372 3398
f1w_335 f0_627 f0_937 -5.4 5.4 70.4 0 0 0 3369 3375
f1w_343 f0_873 f0_968 -1.17 1.17 75.88 0 0 0 3399 3381
f1w_345 f0_543 f0_901 -0.25 0.25 72.94 0 0 0 3392 3385
f1w_348 f0_283 f0_998 7.22 -7.22 71.16 0 0 0 3330 3362
f1w_351 f0_234 f0_628 0 0 70.4 0 0 0 3345 3390
f1w_353 f0_481 f0_802 5.24 -5.24 70.62 0 0 0 3371 3405
f1w_357 f0_353 f0_867 -0.87 0.87 72.27 0 0 0 3404 3423
f1w_360 f0_430 f0_522 7.71 -7.71 73.12 0 0 0 3374 3365
f1w_364 f0_410 f0_950 -2.23 2.23 73.89 0 0 0 3378 3326
f1w_369 f0_502 f0_560 11.53 -11.53 67.4 0 0 0 3380 3365
f1w_370 f0_910 f0_981 -3.81 3.81 69.04 0 0 0 3323 3392
f1w_371 f0_730 f0_838 0.81 -0.81 73.52 0 0 0 3378 3396
f1w_372 f0_237 f0_376 -1.3 1.3 73.47 0 0 0 3328 3379
f1w_373 f0_219 f0_879 0.63 -0.63 70.85 0 0 0 3386 3379
f1w_374 f0_258 f0_876 -2.24 2.24 72.83 0 0 0 3361 3371
f1w_375 f0_612 f0_769 -9.55 9.55 71.96 0 0 0 3395 3359
f1w_376 f0_502 f0_807 -15.76 15.76 67.11 0 0 0 3393 3374
f1w_377 f0_347 f0_360 -4.51 4.51 75.08 0 0 0 3372 3387
f1w_378 f0_397 f0_675 -2.67 2.67 69.32 0 0 0 3416 3417
f1w_379 f0_444 f0_977 -1.79 1.79 77.01 0 0 0 3433 3405
f1w_381 f0_239 f0_248 7.65 -7.65 70.43 0 0 0 3339 3337
f1w_386 f0_278 f0_876 -2.74 2.74 70.08 0 0 0 3393 3391
f1w_389 f0_664 f0_958 -9.46 9.46 73.15 0 0 0 3390 3400
f1w_390 f0_857 f0_895 -5.6 5.6 72.95 0 0 0 3404 3395
f1w_393 f0_274 f0_295 1.5 -1.5 72.1 0 0 0 3388 3380
f1w_399 f0_596 f0_879 -2.55 2.55 73.16 0 0 0 3372 3412
f1w_400 f0_429 f0_470 -4.84 4.84 71.24 0 0 0 3375 3389
f1w_401 f0_312 f0_507 -2.74 2.74 69.07 0 0 0 3396 3380
f1w_406 f0_334 f0_658 -6.58 6.58 69.02 0 0 0 3397 3360
f1w_407 f0_463 f0_865 4.34 -4.34 71.87 0 0 0 3377 3360
f1w_410 f0_543 f0_598 -4.69 4.69 69.75 0 0 0 3402 3391
f1w_411 f0_213 f0_395 -2.4 2.4 74.02 0 0 0 3384 3377
f1w_413 f0_807 f0_893 0.53 -0.53 76.83 0 0 0 3415 3433
f1w_414 f0_454 f0_620 1.8 -1.8 75.85 0 0 0 3364 3379
f1w_415 f0_562 f0_564 -3.44 3.44 75.32 0 0 0 3377 3352
f1w_416 f0_221 f0_488 0.43 -0.43 76.98 0 0 0 3378 3391
f1w_417 f0_360 f0_479 2.76 -2.76 73.19 0 0 0 3388 3405
f1w_420 f0_298 f0_745 2.43 -2.43 76.93 0 0 0 3363 3351
f1w_422 f0_378 f0_519 0.5 -0.5 73.22 0 0 0 3377 3363
f1w_423 f0_214 f0_413 7.03 -7.03 68.57 0 0 0 3352 3373
f1w_425 f0_686 f0_786 -4.46 4.46 72.85 0 0 0 3397 3390
f1w_426 f0_228 f0_802 2.15 -2.15 71.21 0 0 0 3377 3421
f1w_427 f0_409 f0_831 2.74 -2.74 73.42 0 0 0 3407 3378
f1w_433 f0_239 f0_556 -3.29 3.29 72.14 0 0 0 3339 3373
f1w_436 f0_674 f0_774 -1.74 1.74 76.38 0 0 0 3370 3390
f1w_438 f0_228 f0_822 7.11 -7.11 73.5 0 0 0 3390 3415
f1w_441 f0_240 f0_519 -6.96 6.96 72.9 0 0 0 3350 3367
f1w_442 f0_326 f0_705 7.5 -7.5 72.04 0 0 0 3376 3357
f1w_449 f0_680 f0_803 3.69 -3.69 75.25 0 0 0 3370 3388
f1w_450 f0_686 f0_898 2.4 -2.4 71.18 0 0 0 3422 3395
f1w_451 f0_504 f0_910 -5.6 5.6 72.55 0 0 0 3405 3374
f1w_452 f0_359 f0_398 -3.6 3.6 72.94 0 0 0 3361 3368
f1w_453 f0_254 f0_907 3.34 -3.34 78.96 0 0 0 3446 3414
f1w_457 f0_692 f0_822 8.14 -8.14 74.31 0 0 0 3381 3430
f1w_458 f0_222 f0_640 -7.97 7.97 67.11 0 0 0 3372 3351
f1w_459 f0_860 f0_953 -3.88 3.88 73.05 0 0 0 3376 3386
f1w_462 f0_627 f0_986 -2.14 2.14 76.44 0 0 0 3399 3396
f1w_463 f0_582 f0_669 3.31 -3.31 75.49 0 0 0 3396 3365
f1w_464 f0_322 f0_808 10.27 -10.27 68.71 0 0 0 3333 3345
f1w_465 f0_246 f0_628 -3.92 3.92 71.14 0 0 0 3400 3401
f1w_466 f0_893 f0_932 7.52 -7.52 71.21 0 0 0 3397 3384
f1w_467 f0_341 f0_684 -4.35 4.35 74.34 0 0 0 3376 3388
f1w_472 f0_285 f0_981 0.05 -0.05 78.38 0 0 0 3376 3407
f1w_473 f0_260 f0_464 6.28 -6.28 70.77 0 0 0 3379 3429
f1w_474 f0_582 f0_806 2.22 -2.22 79.19 0 0 0 3407 3410
f1w_476 f0_572 f0_829 -4.53 4.53 73.74 0 0 0 3356 3379
f1w_479 f0_218 f0_231 -6.83 6.83 68.05 0 0 0 3397 3382
f1w_483 f0_412 f0_476 9.13 -9.13 69.64 0 0 0 3380 3330
f1w_484 f0_409 f0_977 -3.98 3.98 72.12 0 0 0 3381 3380
f1w_485 f0_466 f0_538 -1.27 1.27 71.14 0 0 0 3315 3357
f1w_486 f0_533 f0_946 -5.91 5.91 67.43 0 0 0 3378 3353
f1w_489 f0_282 f0_707 -5.44 5.44 70.08 0 0 0 3359 3357
f1w_491 f0_433 f0_847 -7.79 7.79 74.13 0 0 0 3397 3372
f1w_493 f0_371 f0_790 5.88 -5.88 73.6 0 0 0 3369 3405
f1w_496 f0_571 f0_595 -0.38 0.38 73.36 0 0 0 3376 3416
f1w_499 f0_825 f0_947 5.73 -5.73 71.14 0 0 0 3328 3372
f2_2 f1h_83 f1w_18 7.98 -7.98 68.73 0 0 0 3371 3358
f2_4 f1h_189 f1h_275 -2.4 2.4 75.89 0 0 0 3393 3406
f2_7 f1h_360 f1w_451 -7.92 7.92 71.19 0 0 0 3339 3370
f2_9 f1h_330 f1w_404 -4.26 4.26 71.35 0 0 0 3355 3361
f2_11 f1w_278 f1w_462 -6.82 6.82 68.53 0 0 0 3368 3369
f2_14 f1h_189 f1w_1 6.48 -6.48 70.29 0 0 0 3373 3384
f2_15 f1h_232 f1h_237 -1.11 1.11 70.54 0 0 0 3376 3389
f2_16 f1h_254 f1w_465 1.76 -1.76 74.05 0 0 0 3373 3419
f2_19 f1w_155 f1w_489 0.55 -0.55 75.58 0 0 0 3398 3368
f2_20 f1w_411 f1w_482 0.84 -0.84 73 0 0 0 3343 3353
f2_21 f1h_157 f1h_225 -5.31 5.31 72 0 0 0 3418 3397
f2_22 f1h_258 f1w_398 -0.92 0.92 73.78 0 0 0 3404 3416
f2_23 f1h_303 f1w_271 0.69 -0.69 75.31 0 0 0 3391 3402
f2_26 f1h_161 f1w_332 -5.42 5.42 73.62 0 0 0 3320 3353
f2_28 f1h_115 f1w_355 11.2 -11.2 68.63 0 0 0 3368 3406
f2_29 f1h_409 f1w_190 -2.24 2.24 72.82 0 0 0 3374 3372
f2_31 f1h_157 f1h_338 0.12 -0.12 76.01 0 0 0 3404 3385
f2_33 f1w_45 f1w_441 5.52 -5.52 73.18 0 0 0 3354 3383
f2_38 f1w_332 f1w_492 -0.33 0.33 69.15 0 0 0 3382 3396
f2_43 f1h_330 f1w_21 1.37 -1.37 71.56 0 0 0 3391 3383
f2_45 f1h_201 f1w_157 4.36 -4.36 71.5 0 0 0 3330 3372
f2_48 f1h_142 f1w_87 -3.69 3.69 73.67 0 0 0 3372 3379
f2_51 f1h_263 f1h_303 2.6 -2.6 74.41 0 0 0 3398 3387
f2_55 f1h_148 f1w_353 1.34 -1.34 75.25 0 0 0 3395 3369
f2_57 f1w_23 f1w_448 1.24 -1.24 77.02 0 0 0 3357 3365
f2_58 f1h_215 f1w_500 -4.07 4.07 73.73 0 0 0 3375 3377
f2_60 f1w_128 f1w_438 3.35 -3.35 77.16 0 0 0 3382 3380
f2_67 f1h_446 f1w_73 -2.1 2.1 80.01 0 0 0 3348 3370
f2_71 f1h_169 f1h_205 -2.53 2.53 74.5 0 0 0 3434 3420
f2_72 f1h_232 f1h_350 -7.82 7.82 70.88 0 0 0 3359 3385
f2_75 f1w_128 f1w_364 -2.76 2.76 71.3 0 0 0 3407 3383
f2_76 f1h_328 f1w_342 -12.28 12.28 71.96 0 0 0 3431 3370
f2_78 f1w_60 f1w_283 4 -4 73.63 0 0 0 3357 3382
f2_79 f1h_327 f1w_493 4.12 -4.12 72.37 0 0 0 3429 3402
f2_80 f1h_338 f1w_102 -8.71 8.71 66.41 0 0 0 3393 3421
f2_87 f1w_94 f1w_439 -3.91 3.91 75.23 0 0 0 3326 3362
f2_88 f1h_200 f1h_444 1.09 -1.09 75.36 0 0 0 3371 3363
f2_90 f1h_19 f1w_178 9.51 -9.51 70.13 0 0 0 3417 3404
f2_92 f1w_324 f1w_392 -0.18 0.18 74.75 0 0 0 3375 3346
f2_93 f1h_228 f1h_352 7.17 -7.17 74.87 0 0 0 3372 3396
f2_95 f1h_63 f1h_115 4.14 -4.14 72.49 0 0 0 3397 3378
f2_99 f1h_127 f1w_399 8.7 -8.7 68.47 0 0 0 3393 3424
f2_101 f1h_178 f1w_357 -1.49 1.49 75.36 0 0 0 3366 3386
f2_102 f1h_121 f1h_268 3.31 -3.31 73.38 0 0 0 3400 3404
f2_103 f1h_294 f1w_355 -1.38 1.38 72.53 0 0 0 3390 3381
f2_106 f1h_165 f1w_293 2.3 -2.3 72.45 0 0 0 3350 3346
f2_107 f1h_127 f1h_158 10.89 -10.89 70.87 0 0 0 3402 3418
f2_109 f1h_227 f1w_51 -1.13 1.13 80.34 0 0 0 3393 3395
f2_112 f1h_476 f1w_156 -8.3 8.3 69.14 0 0 0 3442 3421
f2_113 f1h_357 f1w_345 0.74 -0.74 76.54 0 0 0 3386 3402
f2_115 f1h_487 f1w_183 -3.62 3.62 71.52 0 0 0 3348 3348
f2_116 f1h_426 f1w_275 1.36 -1.36 73.95 0 0 0 3402 3395
f2_117 f1h_323 f1w_211 -1.26 1.26 71.01 0 0 0 3382 3394
f2_118 f1h_422 f1h_434 1.7 -1.7 72.29 0 0 0 3345 3374
f2_119 f1h_198 f1w_208 2.79 -2.79 73.43 0 0 0 3391 3348
f2_121 f1h_3 f1h_95 -0.6 0.6 77.53 0 0 0 3381 3349
f2_122 f1h_109 f1h_448 1.19 -1.19 97.78 0 0 0 3404 3392
f2_123 f1h_452 f1w_259 -0.54 0.54 71.36 0 0 0 3412 3382
f2_128 f1h_365 f1w_272 -4.57 4.57 72.59 0 0 0 3379 3411
f2_132 f1h_73 f1h_351 2.52 -2.52 74.08 0 0 0 3372 3343
f2_134 f1h_321 f1w_61 13.63 -13.63 69.79 0 0 0 3378 3376
f2_137 f1w_162 f1w_271 -2.22 2.22 76.18 0 0 0 3391 3422
f2_139 f1w_183 f1w_265 3.42 -3.42 74.76 0 0 0 3413 3388
f2_140 f1w_10 f1w_377 -5.7 5.7 74.32 0 0 0 3405 3436
f2_143 f1h_176 f1h_466 -3.84 3.84 72.89 0 0 0 3374 3385
f2_145 f1h_221 f1w_211 2.19 -2.19 71.38 0 0 0 3349 3362
f2_147 f1h_342 f1w_63 -2.88 2.88 75.08 0 0 0 3365 3377
f2_149 f1h_294 f1w_357 10.23 -10.23 72.29 0 0 0 3411 3393
f2_150 f1h_250 f1h_384 2.79 -2.79 70.03 0 0 0 3393 3406
f2_152 f1w_251 f1w_298 -11.28 11.28 66 0 0 0 3404 3394
f2_153 f1h_268 f1h_306 -0.33 0.33 78.22 0 0 0 3395 3408
f2_154 f1h_462 f1w_492 2.83 -2.83 70.3 0 0 0 3340 3382
f2_155 f1w_35 f1w_304 -11.19 11.19 73.61 0 0 0 3384 3387
f2_156 f1h_122 f1w_187 0.25 -0.25 75.09 0 0 0 3395 3402
f2_157 f1h_180 f1h_310 6.08 -6.08 64.88 0 0 0 3367 3320
f2_160 f1h_46 f1h_83 2.59 -2.59 72.44 0 0 0 3369 3364
f2_161 f1w_206 f1w_399 3.07 -3.07 70.85 0 0 0 3391 3415
f2_162 f1h_237 f1w_438 -4.06 4.06 71.69 0 0 0 3365 3384
f2_165 f1h_56 f1w_110 8.56 -8.56 72.31 0 0 0 3376 3350
f2_166 f1h_338 f1h_450 -0.98 0.98 74.1 0 0 0 3406 3408
f2_168 f1h_146 f1h_436 5.12 -5.12 72.63 0 0 0 3389 3393
f2_169 f1h_10 f1w_312 -5.6 5.6 72.54 0 0 0 3376 3370
f2_173 f1h_381 f1w_372 0.05 -0.05 77 0 0 0 3380 3366
f2_174 f1h_29 f1h_338 -0.92 0.92 74.27 0 0 0 3365 3349
f2_176 f1h_340 f1h_485 -0.24 0.24 73.51 0 0 0 3360 3392
f2_177 f1h_352 f1h_383 -1.65 1.65 72.69 0 0 0 3434 3412
f2_179 f1w_102 f1w_399 1.34 -1.34 71.73 0 0 0 3408 3399
f2_180 f1h_16 f1h_331 0.66 -0.66 72.49 0 0 0 3354 3347
f2_182 f1w_109 f1w_264 -1.09 1.09 73.32 0 0 0 3386 3381
f2_183 f1h_344 f1h_469 3.44 -3.44 73.94 0 0 0 3386 3378
f2_186 f1h_213 f1h_244 -2.99 2.99 72.04 0 0 0 3393 3397
f2_188 f1h_16 f1h_78 -1.71 1.71 70.87 0 0 0 3356 3362
f2_190 f1w_111 f1w_425 0.26 -0.26 77.87 0 0 0 3387 3357
f2_192 f1w_82 f1w_404 1.72 -1.72 75.36 0 0 0 3415 3372
f2_194 f1h_303 f1h_429 -5.98 5.98 69.11 0 0 0 3375 3366
f2_195 f1h_81 f1h_232 -1.39 1.39 78.23 0 0 0 3365 3392
f2_196 f1h_126 f1w_41 -0.91 0.91 64.41 0 0 0 3338 3365
f2_197 f1h_319 f1h_435 -5.88 5.88 73.65 0 0 0 3436 3394
f2_199 f1h_132 f1w_226 0.32 -0.32 78.72 0 0 0 3453 3410
f2_202 f1h_106 f1h_472 -9.62 9.62 71.27 0 0 0 3436 3371
f2_205 f1h_450 f1w_394 0.98 -0.98 70.47 0 0 0 3372 3339
f2_206 f1w_231 f1w_257 2.73 -2.73 72.73 0 0 0 3369 3358
f2_207 f1h_172 f1h_225 -6.45 6.45 70.41 0 0 0 3381 3373
f2_208 f1h_279 f1w_74 -2.1 2.1 71.72 0 0 0 3347 3353
f2_209 f1w_105 f1w_106 2.05 -2.05 76.88 0 0 0 3426 3387
f2_211 f1w_149 f1w_263 6.51 -6.51 73.73 0 0 0 3410 3428
f2_212 f1w_321 f1w_398 -2.36 2.36 73.62 0 0 0 3382 3414
f2_213 f1h_256 f1w_470 -1.61 1.61 74.41 0 0 0 3376 3400
f2_215 f1h_124 f1h_138 -1.76 1.76 76.78 0 0 0 3393 3410
f2_216 f1h_258 f1w_108 -4.03 4.03 74.56 0 0 0 3392 3390
f2_219 f1w_153 f1w_415 -5.46 5.46 72.48 0 0 0 3394 3386
f2_220 f1h_157 f1h_322 3.51 -3.51 72.11 0 0 0 3424 3409
f2_221 f1h_240 f1w_238 2.2 -2.2 73.85 0 0 0 3392 3393
f2_222 f1h_83 f1h_148 -0.07 0.07 78.36 0 0 0 3378 3403
f2_223 f1h_339 f1w_477 -3.36 3.36 72.59 0 0 0 3360 3342
f2_225 f1h_300 f1w_372 -6.35 6.35 74.99 0 0 0 3398 3382
f2_226 f1h_41 f1w_448 -5.43 5.43 71.04 0 0 0 3416 3402
f2_227 f1h_321 f1h_397 -2.07 2.07 75.09 0 0 0 3360 3379
f2_228 f1h_253 f1h_369 -5.13 5.13 72.31 0 0 0 3375 3376
f2_229 f1h_43 f1h_254 2.16 -2.16 73.11 0 0 0 3372 3342
f2_230 f1h_496 f1w_433 -5.26 5.26 76.97 0 0 0 3379 3359
f2_232 f1h_217 f1w_411 -8.95 8.95 68.1 0 0 0 3402 3431
f2_233 f1h_84 f1w_343 -4.57 4.57 69.59 0 0 0 3376 3392
f2_234 f1h_26 f1w_368 7.86 -7.86 67.96 0 0 0 3374 3386
f2_235 f1w_277 f1w_376 -3.36 3.36 70.64 0 0 0 3389 3398
f2_236 f1h_54 f1w_1 -1.37 1.37 69.45 0 0 0 3380 3401
f2_243 f1h_125 f1w_291 3.83 -3.83 72.46 0 0 0 3353 3372
f2_246 f1w_206 f1w_471 -5.27 5.27 70.31 0 0 0 3384 3405
f2_248 f1h_252 f1h_394 -9.05 9.05 68.87 0 0 0 3390 3378
f2_249 f1h_464 f1w_365 1.47 -1.47 74.32 0 0 0 3361 3371
f2_250 f1w_191 f1w_327 -5.21 5.21 73.37 0 0 0 3389 3327
f2_254 f1w_233 f1w_347 2.14 -2.14 73.53 0 0 0 3364 3354
f2_256 f1h_344 f1w_289 -4.74 4.74 74.25 0 0 0 3373 3396
f2_257 f1h_250 f1h_320 5.13 -5.13 73.47 0 0 0 3366 3345
f2_259 f1h_321 f1w_416 -3.25 3.25 71.14 0 0 0 3400 3404
f2_260 f1h_127 f1h_196 0.27 -0.27 95.13 0 0 0 3388 3404
f2_262 f1w_306 f1w_464 7.04 -7.04 65.49 0 0 0 3330 3326
f2_263 f1h_47 f1w_294 3.83 -3.83 74.46 0 0 0 3367 3398
f2_265 f1h_95 f1w_394 -13.31 13.31 67.06 0 0 0 3337 3323
f2_266 f1w_119 f1w_299 -2.1 2.1 72.08 0 0 0 3395 3365
f2_268 f1h_33 f1h_306 -1.32 1.32 76 0 0 0 3390 3393
f2_269 f1h_339 f1w_208 -2.17 2.17 70.57 0 0 0 3419 3387
f2_271 f1h_307 f1h_404 4.9 -4.9 72.63 0 0 0 3356 3381
f2_272 f1h_5 f1w_205 1.43 -1.43 77.54 0 0 0 3389 3387
f2_273 f1h_230 f1w_36 3.09 -3.09 73.6 0 0 0 3345 3347
f2_275 f1h_394 f1w_369 0.45 -0.45 74.05 0 0 0 3359 3348
f2_276 f1h_133 f1w_259 7.08 -7.08 74.25 0 0 0 3372 3387
f2_278 f1w_10 f1w_167 0.9 -0.9 71.8 0 0 0 3382 3392
f2_288 f1h_107 f1w_51 6.37 -6.37 79.26 0 0 0 3419 3403
f2_289 f1h_84 f1h_390 -4.27 4.27 76.58 0 0 0 3382 3380
f2_291 f1h_81 f1w_34 -0.84 0.84 73.76 0 0 0 3387 3410
f2_295 f1h_132 f1w_149 -0.36 0.36 70.24 0 0 0 3418 3406
f2_296 f1h_285 f1w_397 -3.12 3.12 70.6 0 0 0 3374 3342
f2_298 f1h_162 f1w_423 0.58 -0.58 72.45 0 0 0 3394 3374
f2_299 f1w_128 f1w_143 -3.84 3.84 73.34 0 0 0 3371 3369
f2_301 f1h_146 f1w_427 6.41 -6.41 72.33 0 0 0 3366 3378
f2_302 f1w_88 f1w_146 -2.96 2.96 77.64 0 0 0 3391 3393
f2_305 f1h_342 f1w_488 1.28 -1.28 74.2 0 0 0 3366 3353
f2_308 f1h_457 f1w_449 -7.23 7.23 72.16 0 0 0 3419 3399
f2_309 f1h_436 f1w_269 -5.34 5.34 73.94 0 0 0 3402 3395
f2_310 f1h_311 f1w_72 -5.54 5.54 78.78 0 0 0 3366 3359
f2_312 f1h_176 f1w_313 -7.05 7.05 72.28 0 0 0 3377 3358
f2_313 f1h_416 f1w_498 -0.43 0.43 70.11 0 0 0 3373 3340
f2_315 f1h_262 f1w_477 -2.42 2.42 73.98 0 0 0 3358 3362
f2_316 f1h_312 f1w_301 -5.8 5.8 74.4 0 0 0 3381 3415
f2_322 f1w_187 f1w_296 -6.37 6.37 78.85 0 0 0 3397 3383
f2_325 f1h_317 f1h_455 4.24 -4.24 77.31 0 0 0 3387 3394
f2_327 f1h_302 f1w_64 1.32 -1.32 73.02 0 0 0 3381 3333
f2_332 f1w_248 f1w_286 -3.03 3.03 73.53 0 0 0 3387 3400
f2_335 f1h_451 f1w_83 -2.3 2.3 73.67 0 0 0 3426 3385
f2_336 f1h_203 f1w_231 -4.7 4.7 70.55 0 0 0 3388 3366
f2_344 f1h_254 f1h_429 -1.14 1.14 69.76 0 0 0 3357 3351
f2_347 f1h_413 f1w_263 -3.05 3.05 71.76 0 0 0 3413 3423
f2_348 f1w_38 f1w_394 0.53 -0.53 68.85 0 0 0 3371 3364
f2_351 f1h_165 f1h_401 2.35 -2.35 72.28 0 0 0 3346 3361
f2_353 f1h_365 f1w_43 -1.21 1.21 69.75 0 0 0 3381 3323
f2_355 f1h_331 f1h_377 0.7 -0.7 78.66 0 0 0 3399 3433
f2_357 f1h_438 f1w_31 5.2 -5.2 71.34 0 0 0 3390 3380
f2_360 f1w_191 f1w_290 -6.07 6.07 67.09 0 0 0 3353 3348
f2_362 f1h_179 f1h_219 -0.6 0.6 75.78 0 0 0 3381 3398
f2_367 f1h_293 f1h_335 -6.46 6.46 78.66 0 0 0 3397 3415
f2_368 f1h_474 f1w_434 2.08 -2.08 73.72 0 0 0 3431 3417
f2_369 f1h_294 f1w_18 4.32 -4.32 74.62 0 0 0 3431 3396
f2_372 f1h_480 f1h_484 1.56 -1.56 92.87 0 0 0 3374 3334
f2_373 f1w_413 f1w_445 6.59 -6.59 71.51 0 0 0 3416 3352
f2_375 f1h_294 f1w_127 -2.34 2.34 77.46 0 0 0 3396 3377
f2_379 f1h_98 f1h_449 5.71 -5.71 73.4 0 0 0 3395 3377
f2_380 f1h_262 f1h_304 3.75 -3.75 71.04 0 0 0 3362 3387
f2_381 f1w_122 f1w_214 2.73 -2.73 75.15 0 0 0 3381 3383
f2_382 f1h_394 f1w_388 -1.09 1.09 76.6 0 0 0 3390 3423
f2_383 f1h_216 f1w_30 -0.38 0.38 76.78 0 0 0 3368 3357
f2_388 f1h_446 f1h_454 -0.59 0.59 73.05 0 0 0 3350 3372
f2_392 f1h_308 f1h_401 -4.33 4.33 75.29 0 0 0 3327 3362
f2_393 f1w_351 f1w_459 6.06 -6.06 68.5 0 0 0 3344 3323
f2_394 f1h_340 f1w_27 4.61 -4.61 76.89 0 0 0 3377 3377
f2_395 f1h_158 f1h_271 -0.89 0.89 75.73 0 0 0 3399 3376
f2_396 f1h_73 f1w_484 -4.89 4.89 72.8 0 0 0 3430 3413
f2_397 f1h_458 f1w_126 7.93 -7.93 64.86 0 0 0 3343 3358
f2_400 f1h_106 f1h_113 -3.7 3.7 73.22 0 0 0 3424 3391
f2_402 f1h_35 f1h_138 -3.11 3.11 76.67 0 0 0 3378 3385
f2_405 f1h_322 f1w_252 -2.27 2.27 74.95 0 0 0 3411 3399
f2_406 f1w_302 f1w_379 -1.84 1.84 75.26 0 0 0 3394 3421
f2_407 f1w_278 f1w_388 -6.53 6.53 72.58 0 0 0 3398 3408
f2_408 f1h_293 f1w_9 3.48 -3.48 74.47 0 0 0 3402 3400
f2_409 f1h_95 f1w_340 5.77 -5.77 70.72 0 0 0 3386 3389
f2_411 f1h_2 f1w_404 -4.96 4.96 68.46 0 0 0 3373 3374
f2_415 f1h_161 f1h_478 -2.51 2.51 73.79 0 0 0 3338 3359
f2_416 f1h_227 f1h_408 2.29 -2.29 76.61 0 0 0 3390 3420
f2_420 f1w_53 f1w_211 0.08 -0.08 71.65 0 0 0 3353 3387
f2_421 f1h_435 f1w_277 4.88 -4.88 71.36 0 0 0 3360 3375
f2_424 f1h_192 f1w_214 5.17 -5.17 70.49 0 0 0 3372 3378
f2_425 f1h_16 f1w_18 -1.13 1.13 72.36 0 0 0 3349 3366
f2_428 f1h_489 f1w_85 5.17 -5.17 72.93 0 0 0 3408 3398
f2_430 f1h_473 f1w_468 8.61 -8.61 73.55 0 0 0 3364 3392
f2_431 f1h_284 f1h_430 -5.1 5.1 72.88 0 0 0 3358 3390
f2_432 f1h_161 f1w_57 4.97 -4.97 73.58 0 0 0 3348 3374
f2_436 f1h_378 f1h_464 -3.66 3.66 77.54 0 0 0 3404 3393
f2_437 f1h_175 f1h_374 1.5 -1.5 68.39 0 0 0 3361 3370
f2_438 f1h_344 f1w_174 7.37 -7.37 69.83 0 0 0 3392 3373
f2_439 f1w_13 f1w_102 -3.04 3.04 73.33 0 0 0 3370 3394
f2_441 f1w_297 f1w_441 -3.18 3.18 74.26 0 0 0 3381 3414
f2_443 f1w_58 f1w_475 -5.11 5.11 72.63 0 0 0 3395 3388
f2_444 f1h_22 f1w_308 -2.92 2.92 77.12 0 0 0 3375 3403
f2_446 f1h_480 f1w_332 -8.58 8.58 66.85 0 0 0 3404 3379
f2_447 f1h_285 f1w_365 -6.65 6.65 74.73 0 0 0 3379 3382
f2_454 f1w_79 f1w_375 3.29 -3.29 72.06 0 0 0 3342 3360
f2_455 f1w_54 f1w_491 1.01 -1.01 74.54 0 0 0 3387 3369
f2_456 f1h_234 f1w_442 3.54 -3.54 73.53 0 0 0 3415 3390
f2_458 f1h_452 f1w_272 -0.44 0.44 70.07 0 0 0 3409 3414
f2_459 f1h_10 f1w_39 -1.45 1.45 74.65 0 0 0 3362 3379
f2_462 f1h_153 f1h_412 0.28 -0.28 78.66 0 0 0 3375 3373
f2_463 f1w_403 f1w_414 -3.63 3.63 72.38 0 0 0 3353 3377
f2_466 f1h_87 f1w_408 1.88 -1.88 76.62 0 0 0 3386 3355
f2_467 f1h_382 f1h_460 -7.49 7.49 72.12 0 0 0 3387 3393
f2_472 f1h_405 f1h_409 7.77 -7.77 71.49 0 0 0 3363 3359
f2_473 f1h_20 f1h_427 7.22 -7.22 71.04 0 0 0 3400 3395
f2_475 f1h_256 f1w_122 2.52 -2.52 74.03 0 0 0 3368 3364
f2_476 f1w_190 f1w_267 -4.27 4.27 76.2 0 0 0 3345 3351
f2_477 f1h_56 f1w_141 5.66 -5.66 69.73 0 0 0 3379 3376
f2_479 f1w_124 f1w_292 5.17 -5.17 71.84 0 0 0 3396 3343
f2_480 f1h_286 f1w_286 0.71 -0.71 76.89 0 0 0 3404 3388
f2_482 f1h_25 f1h_324 -14.4 14.4 66.35 0 0 0 3353 3379
f2_484 f1h_346 f1w_272 -0.2 0.2 74.53 0 0 0 3334 3397
f2_485 f1w_140 f1w_323 4.33 -4.33 78.89 0 0 0 3384 3364
f2_486 f1h_342 f1w_498 -6.66 6.66 71.28 0 0 0 3382 3361
f2_487 f1h_391 f1w_122 -0.62 0.62 73.15 0 0 0 3376 3383
f2_488 f1w_463 f1w_486 -9.39 9.39 66.79 0 0 0 3400 3371
f2_489 f1w_218 f1w_338 -0.29 0.29 79.55 0 0 0 3378 3384
f2_490 f1h_131 f1h_175 -0.06 0.06 70.34 0 0 0 3441 3399
f2_491 f1h_365 f1w_191 -2.77 2.77 72.76 0 0 0 3373 3367
f2_492 f1w_275 f1w_468 -6.88 6.88 69.52 0 0 0 3378 3415
f2_493 f1w_28 f1w_320 1.01 -1.01 74.41 0 0 0 3391 3403
f2_494 f1w_74 f1w_336 -2.05 2.05 70.33 0 0 0 3393 3360
f2_496 f1h_356 f1w_71 -4.27 4.27 71.13 0 0 0 3420 3413
f2_497 f1w_85 f1w_164 0.19 -0.19 74.68 0 0 0 3386 3384
f2_500 f1w_319 f1w_371 7.5 -7.5 73.13 0 0 0 3359 3386
f2_502 f1h_202 f1w_333 3.8 -3.8 69.28 0 0 0 3394 3389
f2_503 f1w_288 f1w_453 -0.02 0.02 70.15 0 0 0 3345 3410
f2_505 f1h_490 f1w_388 -10.82 10.82 67.24 0 0 0 3363 3401
f2_507 f1h_355 f1w_74 -1.27 1.27 74.41 0 0 0 3390 3404
f2_508 f1h_436 f1w_243 -6.54 6.54 72.81 0 0 0 3376 3349
f2_509 f1h_73 f1w_413 -4.65 4.65 72.77 0 0 0 3385 3406
f2_510 f1h_147 f1h_231 1.82 -1.82 74.14 0 0 0 3428 3425
f2_513 f1h_139 f1w_266 8.79 -8.79 71.73 0 0 0 3373 3358
f2_514 f1h_391 f1h_392 -2.71 2.71 73.1 0 0 0 3375 3379
f2_515 f1h_258 f1w_119 5.87 -5.87 68.12 0 0 0 3376 3384
f2_524 f1h_59 f1w_163 3.03 -3.03 77.7 0 0 0 3407 3415
f2_525 f1h_277 f1w_52 2.03 -2.03 69.69 0 0 0 3376 3379
f2_529 f1h_264 f1w_75 5.34 -5.34 72.19 0 0 0 3367 3358
f2_530 f1w_151 f1w_159 -3.92 3.92 67.69 0 0 0 3375 3394
f2_531 f1h_7 f1h_444 2.45 -2.45 75.46 0 0 0 3348 3339
f2_532 f1h_222 f1h_333 0.72 -0.72 68.76 0 0 0 3381 3382
f2_533 f1h_254 f1w_109 -4.66 4.66 69.84 0 0 0 3340 3361
f2_534 f1w_27 f1w_55 1.17 -1.17 77.5 0 0 0 3380 3385
f2_538 f1w_14 f1w_365 4.24 -4.24 72.56 0 0 0 3330 3348
f2_542 f1w_395 f1w_475 2.16 -2.16 75.09 0 0 0 3391 3390
f2_544 f1h_199 f1w_224 -7.35 7.35 71.6 0 0 0 3403 3375
f2_549 f1h_102 f1h_455 -7.24 7.24 90.49 0 0 0 3413 3364
f2_554 f1h_401 f1h_455 0.4 -0.4 73.5 0 0 0 3353 3362
f2_556 f1h_258 f1w_373 4.78 -4.78 78.23 0 0 0 3372 3370
f2_561 f1h_93 f1w_452 -0.24 0.24 69.14 0 0 0 3365 3379
f2_562 f1h_239 f1h_339 4.11 -4.11 73.21 0 0 0 3373 3372
f2_564 f1w_281 f1w_403 -2.53 2.53 71.09 0 0 0 3361 3347
f2_566 f1h_30 f1w_154 -1.63 1.63 69.17 0 0 0 3378 3371
f2_567 f1w_129 f1w_414 -2.11 2.11 80.05 0 0 0 3444 3401
f2_568 f1h_339 f1h_416 0.88 -0.88 69.78 0 0 0 3375 3384
f2_569 f1h_82 f1h_405 -0.67 0.67 72.19 0 0 0 3420 3392
f2_570 f1w_311 f1w_360 1.61 -1.61 78.61 0 0 0 3466 3433
f2_573 f1w_202 f1w_411 -3.5 3.5 73.97 0 0 0 3420 3406
f2_575 f1w_262 f1w_427 2.52 -2.52 69.66 0 0 0 3402 3409
f2_576 f1h_192 f1h_240 0.28 -0.28 72.39 0 0 0 3359 3390
f2_583 f1h_328 f1w_427 -1.59 1.59 73.53 0 0 0 3417 3406
f2_584 f1h_80 f1h_284 7.04 -7.04 72.8 0 0 0 3357 3389
f2_588 f1w_246 f1w_248 1.35 -1.35 77.89 0 0 0 3380 3377
f2_589 f1h_265 f1h_459 0.55 -0.55 74 0 0 0 3370 3386
f2_593 f1h_1 f1w_298 6.45 -6.45 69.12 0 0 0 3378 3363
f2_594 f1h_302 f1w_473 -3.7 3.7 74.29 0 0 0 3393 3387
f2_597 f1h_127 f1w_342 0.53 -0.53 75.5 0 0 0 3382 3351
f2_599 f1w_152 f1w_493 -1.74 1.74 75.94 0 0 0 3411 3408
f2_600 f1h_71 f1h_88 -2.04 2.04 78.03 0 0 0 3340 3351
f2_601 f1h_208 f1w_76 -3.57 3.57 72.45 0 0 0 3376 3352
f2_602 f1h_39 f1w_297 3 -3 72.34 0 0 0 3373 3346
f2_605 f1h_156 f1h_410 0.66 -0.66 72.11 0 0 0 3383 3386
f2_606 f1w_111 f1w_351 -6.24 6.24 70.33 0 0 0 3423 3392
f2_608 f1h_370 f1h_426 5.59 -5.59 69.39 0 0 0 3416 3413
f2_609 f1h_106 f1h_352 0.28 -0.28 83.37 0 0 0 3440 3439
f2_612 f1h_214 f1w_467 -7.2 7.2 72.33 0 0 0 3422 3385
f2_613 f1h_390 f1w_43 -9.23 9.23 67.38 0 0 0 3380 3347
f2_617 f1h_145 f1w_390 9.7 -9.7 67.87 0 0 0 3316 3351
f2_619 f1h_198 f1w_58 0.09 -0.09 76.62 0 0 0 3400 3405
f2_620 f1h_162 f1h_248 -0.93 0.93 76.77 0 0 0 3387 3402
f2_623 f1h_476 f1w_441 11.49 -11.49 69.19 0 0 0 3386 3378
f2_631 f1h_333 f1w_390 -0.07 0.07 77.15 0 0 0 3398 3408
f2_632 f1h_427 f1w_72 9.12 -9.12 72.06 0 0 0 3386 3384
f2_634 f1w_223 f1w_379 4.73 -4.73 73.6 0 0 0 3368 3380
f2_640 f1h_157 f1w_349 -0.26 0.26 72.83 0 0 0 3361 3322
f2_642 f1h_341 f1h_346 1.96 -1.96 71.73 0 0 0 3354 3373
f2_643 f1h_92 f1w_263 5.6 -5.6 68.78 0 0 0 3398 3401
f2_644 f1h_126 f1w_262 -2.3 2.3 75.24 0 0 0 3339 3370
f2_645 f1w_72 f1w_450 -4.37 4.37 73.12 0 0 0 3354 3389
f2_651 f1h_436 f1w_458 11.27 -11.27 70.43 0 0 0 3376 3333
f2_655 f1h_480 f1w_203 0.3 -0.3 78.04 0 0 0 3402 3373
f2_656 f1h_279 f1w_30 0.4 -0.4 71.91 0 0 0 3416 3389
f2_658 f1h_209 f1h_465 4.85 -4.85 69.33 0 0 0 3404 3401
f2_659 f1w_109 f1w_424 0.58 -0.58 77.22 0 0 0 3413 3434
f2_662 f1h_41 f1h_140 -1.35 1.35 74.52 0 0 0 3391 3389
f2_663 f1h_47 f1h_476 1.56 -1.56 72.78 0 0 0 3348 3382
f2_664 f1h_418 f1w_381 -4.74 4.74 72.55 0 0 0 3362 3327
f2_665 f1h_118 f1w_54 -0.09 0.09 73.6 0 0 0 3433 3411
f2_666 f1w_151 f1w_450 5.64 -5.64 74.86 0 0 0 3378 3399
f2_667 f1h_98 f1h_368 3.68 -3.68 75.12 0 0 0 3434 3388
f2_668 f1w_420 f1w_441 -2.32 2.32 73.85 0 0 0 3337 3361
f2_669 f1h_258 f1w_221 -0.38 0.38 75.37 0 0 0 3370 3396
f2_675 f1h_147 f1w_434 -2.75 2.75 73.5 0 0 0 3372 3405
f2_678 f1h_308 f1h_410 -3.62 3.62 72.45 0 0 0 3320 3357
f2_679 f1h_127 f1h_355 -0.29 0.29 75.6 0 0 0 3404 3405
f2_680 f1h_179 f1h_380 -2.47 2.47 73.6 0 0 0 3328 3319
f2_681 f1h_404 f1w_422 4.73 -4.73 69.11 0 0 0 3384 3407
f2_685 f1h_400 f1h_405 8.1 -8.1 69.57 0 0 0 3405 3382
f2_686 f1h_107 f1w_347 3.09 -3.09 73.43 0 0 0 3407 3389
f2_687 f1h_19 f1w_296 0.49 -0.49 73.43 0 0 0 3397 3390
f2_689 f1h_190 f1w_284 -0.43 0.43 74.4 0 0 0 3370 3372
f2_691 f1h_251 f1h_419 0.9 -0.9 75.43 0 0 0 3387 3422
f2_694 f1h_93 f1w_279 6.84 -6.84 66.31 0 0 0 3349 3299
f2_695 f1h_167 f1w_213 5.17 -5.17 74.09 0 0 0 3359 3411
f2_697 f1h_190 f1w_319 6.36 -6.36 68 0 0 0 3357 3338
f2_699 f1w_39 f1w_368 11.67 -11.67 71.9 0 0 0 3416 3420
f2_707 f1h_451 f1w_24 -2.26 2.26 73.28 0 0 0 3433 3427
f2_709 f1h_205 f1w_133 -0.68 0.68 70.96 0 0 0 3391 3408
f2_711 f1h_496 f1w_368 3.05 -3.05 74.82 0 0 0 3388 3394
f2_712 f1h_373 f1w_199 6.57 -6.57 71.23 0 0 0 3358 3351
f2_715 f1h_171 f1h_460 1.32 -1.32 71.09 0 0 0 3332 3352
f2_719 f1h_262 f1h_450 -0.48 0.48 76.2 0 0 0 3365 3387
f2_720 f1h_178 f1w_252 -4 4 71.51 0 0 0 3413 3390
f2_721 f1h_141 f1h_230 2.15 -2.15 72.36 0 0 0 3357 3370
f2_724 f1h_360 f1w_174 -9.01 9.01 72.11 0 0 0 3405 3397
f2_726 f1h_414 f1w_222 -2.18 2.18 72.95 0 0 0 3389 3340
f2_727 f1h_159 f1w_90 8.1 -8.1 70.02 0 0 0 3368 3378
f2_729 f1h_425 f1w_75 5.96 -5.96 72.3 0 0 0 3313 3347
f2_730 f1h_145 f1h_230 2.42 -2.42 67.31 0 0 0 3355 3362
f2_732 f1w_65 f1w_449 -2.91 2.91 75.86 0 0 0 3415 3426
f2_733 f1w_267 f1w_440 1.61 -1.61 76.18 0 0 0 3402 3419
f2_735 f1h_455 f1w_465 -1.54 1.54 74.79 0 0 0 3395 3412
f2_736 f1h_489 f1w_89 -3.93 3.93 72.76 0 0 0 3398 3365
f2_737 f1h_46 f1w_349 -1.32 1.32 74.59 0 0 0 3399 3377
f2_739 f1h_217 f1w_160 1.42 -1.42 76.82 0 0 0 3358 3383
f2_744 f1h_256 f1w_263 0.23 -0.23 71.99 0 0 0 3376 3411
f2_745 f1h_166 f1w_55 -1.28 1.28 74.29 0 0 0 3400 3366
f2_748 f1h_257 f1w_54 6.24 -6.24 69.73 0 0 0 3390 3372
f2_754 f1w_365 f1w_424 5.53 -5.53 71.45 0 0 0 3359 3377
f2_757 f1h_60 f1h_170 3.84 -3.84 69.5 0 0 0 3378 3365
f2_758 f1h_230 f1h_339 5.19 -5.19 73.33 0 0 0 3408 3422
f2_759 f1w_296 f1w_371 1.31 -1.31 74.76 0 0 0 3399 3404
f2_760 f1h_228 f1h_473 4.79 -4.79 71.86 0 0 0 3409 3388
f2_762 f1w_70 f1w_230 4.18 -4.18 79.5 0 0 0 3402 3403
f2_764 f1w_41 f1w_224 1.43 -1.43 74.65 0 0 0 3363 3370
f2_766 f1h_414 f1w_92 -1.2 1.2 75.22 0 0 0 3425 3408
f2_767 f1h_321 f1w_356 -6.69 6.69 70.92 0 0 0 3410 3374
f2_769 f1h_35 f1h_234 -9.31 9.31 72.84 0 0 0 3389 3439
f2_770 f1h_51 f1w_297 -5.17 5.17 71.25 0 0 0 3411 3360
f2_771 f1h_240 f1w_399 4.58 -4.58 70.32 0 0 0 3401 3425
f2_772 f1h_388 f1w_111 1.6 -1.6 70.32 0 0 0 3336 3355
f2_773 f1w_202 f1w_261 6.52 -6.52 69.43 0 0 0 3382 3341
f2_774 f1h_80 f1h_482 4.36 -4.36 67.51 0 0 0 3356 3364
f2_778 f1h_104 f1w_283 -0.75 0.75 73.61 0 0 0 3370 3364
f2_781 f1h_475 f1w_105 0.87 -0.87 74.43 0 0 0 3412 3417
f2_782 f1w_199 f1w_428 1.7 -1.7 76.18 0 0 0 3408 3387
f2_784 f1w_424 f1w_444 -0.64 0.64 76.82 0 0 0 3438 3414
f2_785 f1h_90 f1h_323 7.08 -7.08 71.75 0 0 0 3358 3374
f2_786 f1h_187 f1w_393 -4.51 4.51 75.11 0 0 0 3376 3377
f2_787 f1h_291 f1w_101 2.89 -2.89 77.76 0 0 0 3430 3416
f2_789 f1h_308 f1h_451 -5.69 5.69 70.77 0 0 0 3338 3376
f2_791 f1h_60 f1h_401 -7.05 7.05 70.15 0 0 0 3390 3389
f2_797 f1w_72 f1w_232 4.77 -4.77 75.41 0 0 0 3385 3381
f2_798 f1w_160 f1w_353 0.57 -0.57 73.2 0 0 0 3375 3396
f2_799 f1h_124 f1h_399 0.89 -0.89 73.21 0 0 0 3381 3382
f2_800 f1w_74 f1w_456 10.05 -10.05 69.68 0 0 0 3402 3413
f2_803 f1h_141 f1h_158 3.35 -3.35 75.7 0 0 0 3344 3384
f2_804 f1h_450 f1w_252 0 0 73.43 0 0 0 3400 3388
f2_806 f1h_146 f1h_354 0.04 -0.04 75.62 0 0 0 3359 3347
f2_808 f1w_26 f1w_112 -9.96 9.96 72 0 0 0 3438 3391
f2_809 f1h_306 f1w_21 0.38 -0.38 78.12 0 0 0 3390 3355
f2_810 f1h_365 f1w_343 2.71 -2.71 69.62 0 0 0 3369 3369
f2_811 f1h_328 f1h_451 4.17 -4.17 77.82 0 0 0 3421 3404
f2_812 f1h_362 f1w_53 -6.43 6.43 73.07 0 0 0 3391 3356
f2_816 f1h_136 f1h_460 -0.63 0.63 76.95 0 0 0 3370 3362
f2_817 f1h_290 f1w_218 4.21 -4.21 73.93 0 0 0 3383 3397
f2_820 f1h_298 f1h_305 -1.96 1.96 70.05 0 0 0 3399 3382
f2_821 f1h_381 f1w_218 6.28 -6.28 75.6 0 0 0 3396 3411
f2_823 f1w_229 f1w_381 3.72 -3.72 70.66 0 0 0 3330 3349
f2_824 f1h_136 f1w_159 -2.43 2.43 73.99 0 0 0 3391 3398
f2_826 f1h_208 f1w_369 1.32 -1.32 73.21 0 0 0 3377 3365
f2_831 f1h_464 f1w_72 0.8 -0.8 73.17 0 0 0 3356 3357
f2_833 f1h_20 f1h_102 3.38 -3.38 76.87 0 0 0 3387 3423
f2_835 f1h_4 f1w_299 -6.29 6.29 74.23 0 0 0 3380 3396
f2_837 f1h_167 f1w_126 4.66 -4.66 74.27 0 0 0 3338 3368
f2_840 f1h_11 f1h_206 -0.26 0.26 77.75 0 0 0 3371 3379
f2_842 f1w_41 f1w_491 -3.2 3.2 70.2 0 0 0 3361 3363
f2_843 f1h_157 f1h_260 -2.71 2.71 69.41 0 0 0 3399 3333
f2_848 f1w_134 f1w_475 11.39 -11.39 70.4 0 0 0 3363 3367
f2_849 f1w_8 f1w_468 6.71 -6.71 72.04 0 0 0 3385 3391
f2_853 f1h_369 f1w_27 6.86 -6.86 75.55 0 0 0 3420 3391
f2_854 f1h_378 f1w_89 -6.08 6.08 71.74 0 0 0 3333 3332
f2_855 f1h_405 f1w_1 6.63 -6.63 70.45 0 0 0 3398 3399
f2_857 f1h_126 f1w_226 1.99 -1.99 74.2 0 0 0 3362 3361
f2_859 f1h_328 f1w_353 -7.22 7.22 69.79 0 0 0 3413 3369
f2_861 f1h_41 f1h_316 0.5 -0.5 74.88 0 0 0 3386 3351
f2_864 f1h_296 f1h_407 -6.79 6.79 72.37 0 0 0 3394 3437
f2_867 f1h_133 f1h_136 0.47 -0.47 74.4 0 0 0 3391 3410
f2_870 f1h_17 f1h_145 4.69 -4.69 68.78 0 0 0 3365 3347
f2_872 f1h_318 f1w_127 8.25 -8.25 70.23 0 0 0 3422 3431
f2_874 f1h_1 f1w_162 5.62 -5.62 71.97 0 0 0 3391 3365
f2_876 f1h_148 f1w_114 4.9 -4.9 76.75 0 0 0 3428 3412
f2_877 f1h_285 f1w_302 -7.95 7.95 70.16 0 0 0 3372 3369
f2_880 f1h_344 f1w_151 -9.45 9.45 68.96 0 0 0 3371 3366
f2_885 f1w_304 f1w_311 -4.52 4.52 72.95 0 0 0 3359 3404
f2_888 f1h_50 f1w_284 -2.59 2.59 72.94 0 0 0 3382 3384
f2_889 f1h_312 f1w_415 5.01 -5.01 76.2 0 0 0 3355 3364
f2_890 f1w_312 f1w_420 -7.26 7.26 72.41 0 0 0 3366 3357
f2_894 f1h_102 f1h_149 -0.2 0.2 76.47 0 0 0 3427 3382
f2_897 f1w_35 f1w_193 -3.13 3.13 72.73 0 0 0 3348 3347
f2_900 f1h_183 f1w_106 -2.79 2.79 70.18 0 0 0 3368 3364
f2_901 f1w_488 f1w_491 -3.33 3.33 70.81 0 0 0 3367 3376
f2_902 f1h_24 f1h_244 -6.13 6.13 75.6 0 0 0 3385 3402
f2_905 f1h_60 f1w_358 1.9 -1.9 76.7 0 0 0 3398 3391
f2_908 f1h_217 f1w_164 1.72 -1.72 73.25 0 0 0 3357 3352
f2_910 f1h_114 f1w_19 2.54 -2.54 72.21 0 0 0 3360 3406
f2_912 f1h_3 f1h_101 5.26 -5.26 69.51 0 0 0 3408 3407
f2_914 f1h_18 f1h_108 -0.22 0.22 75.92 0 0 0 3395 3367
f2_919 f1h_83 f1w_146 -5.57 5.57 68.4 0 0 0 3394 3384
f2_920 f1h_419 f1h_435 -2.27 2.27 75.33 0 0 0 3398 3382
f2_921 f1h_171 f1h_196 -3.75 3.75 68.85 0 0 0 3348 3385
f2_923 f1h_141 f1w_27 -2.66 2.66 70.99 0 0 0 3335 3340
f2_925 f1h_303 f1w_427 2.1 -2.1 75.15 0 0 0 3384 3418
f2_927 f1h_284 f1w_336 -0.45 0.45 69.58 0 0 0 3382 3348
f2_928 f1h_92 f1w_364 0.89 -0.89 74.07 0 0 0 3372 3353
f2_929 f1h_214 f1h_285 -0.55 0.55 74.19 0 0 0 3441 3403
f2_932 f1h_29 f1w_333 -4.88 4.88 72.37 0 0 0 3409 3407
f2_935 f1h_439 f1w_488 1.22 -1.22 77.56 0 0 0 3358 3344
f2_936 f1h_322 f1h_462 -0.02 0.02 72.49 0 0 0 3381 3376
f2_937 f1h_230 f1h_475 1.13 -1.13 73.13 0 0 0 3352 3377
f2_938 f1h_17 f1h_232 -0.89 0.89 75.4 0 0 0 3337 3352
f2_940 f1h_235 f1w_213 0.56 -0.56 75.98 0 0 0 3374 3387
f2_946 f1h_221 f1w_363 -7.25 7.25 70.08 0 0 0 3340 3372
f2_947 f1h_429 f1w_457 7.32 -7.32 70.91 0 0 0 3351 3413
f2_948 f1h_41 f1h_113 -0.72 0.72 75.71 0 0 0 3418 3393
f2_950 f1h_213 f1w_418 0.76 -0.76 77.99 0 0 0 3388 3384
f2_952 f1h_186 f1w_492 -5.38 5.38 69.09 0 0 0 3359 3402
f2_953 f1h_485 f1w_265 2.12 -2.12 73.19 0 0 0 3409 3363
f2_954 f1h_365 f1w_162 -0.45 0.45 74.09 0 0 0 3379 3367
f2_956 f1h_262 f1w_247 -6.27 6.27 65.31 0 0 0 3330 3341
f2_957 f1h_460 f1w_9 -1.04 1.04 72.44 0 0 0 3383 3412
f2_963 f1h_473 f1w_247 7.33 -7.33 74.49 0 0 0 3358 3346
f2_964 f1h_341 f1w_398 -2.05 2.05 76.04 0 0 0 3340 3396
f2_967 f1h_141 f1w_3 0.51 -0.51 79 0 0 0 3359 3393
f2_972 f1w_41 f1w_360 10.28 -10.28 69.84 0 0 0 3376 3394
f2_975 f1w_60 f1w_321 3.73 -3.73 72.91 0 0 0 3368 3397
f2_978 f1w_4 f1w_63 -3.47 3.47 70.61 0 0 0 3361 3371
f2_979 f1h_189 f1w_310 -4.76 4.76 73.97 0 0 0 3342 3363
f2_980 f1h_412 f1w_135 2.27 -2.27 72.85 0 0 0 3332 3361
f2_982 f1h_404 f1w_360 -0.9 0.9 78.08 0 0 0 3370 3373
f2_983 f1h_350 f1w_151 -4.67 4.67 70.47 0 0 0 3408 3390
f2_985 f1w_463 f1w_488 6.42 -6.42 76.95 0 0 0 3423 3403
f2_988 f1w_94 f1w_355 1.92 -1.92 75.22 0 0 0 3350 3385
f2_990 f1h_368 f1h_415 3.89 -3.89 75.94 0 0 0 3338 3357
f2_994 f1w_124 f1w_302 -5.98 5.98 71.18 0 0 0 3417 3376
f2_997 f1h_106 f1h_220 -2.02 2.02 69.23 0 0 0 3406 3373
f2_999 f1w_214 f1w_452 9.91 -9.91 70.59 0 0 0 3388 3389
