id parent1 parent2 LLRparent1 LLRparent2 LLRpair OHparent1 OHparent2 MEpair SNPd.id.parent1 SNPd.id.parent2
f0_14 f1h_112 f1h_389 0.71 -0.71 1.14 0 0 3 466 464
f0_45 f1h_439 f1h_478 -0.57 0.57 0.48 0 0 3 454 466
f0_145 f1h_300 f1h_326 -2.17 2.17 2.62 0 0 2 459 469
f0_213 f1w_206 f1w_326 0.71 -0.71 1.66 0 0 3 453 456
f1h_1 f0_3 f0_169 1.74 -1.74 8.05 0 0 0 465 479
f1h_2 f0_94 f0_185 2.51 -2.51 6.97 0 0 0 474 461
f1h_3 f0_56 f0_170 2.76 -2.76 8.32 0 0 0 487 482
f1h_4 f0_138 f0_190 0.64 -0.64 10.37 0 0 0 464 451
f1h_5 f0_87 f0_196 2.11 -2.11 8.74 0 0 0 493 491
f1h_6 f0_7 f0_188 -1 1 9.09 0 0 0 463 469
f1h_8 f0_6 f0_190 1.08 -1.08 9.18 0 0 0 449 456
f1h_9 f0_33 f0_76 -3.77 3.77 6.56 0 0 0 472 455
f1h_10 f0_142 f0_182 1.09 -1.09 10.87 0 0 0 482 472
f1h_12 f0_50 f0_152 1.2 -1.2 9.73 0 0 0 473 479
f1h_13 f0_76 f0_81 0 0 9.22 0 0 0 456 464
f1h_14 f0_99 f0_160 -0.19 0.19 9.9 0 0 0 466 463
f1h_15 f0_87 f0_155 1.56 -1.56 8.58 0 0 0 453 438
f1h_16 f0_19 f0_86 -0.65 0.65 8.37 0 0 0 472 468
f1h_17 f0_82 f0_107 0.6 -0.6 9 0 0 0 476 455
f1h_22 f0_2 f0_11 1.24 -1.24 7.08 0 0 0 462 471
f1h_23 f0_112 f0_161 -0.53 0.53 8.52 0 0 0 451 446
f1h_24 f0_105 f0_148 1.48 -1.48 8.33 0 0 0 457 454
f1h_24 f0_148 f2_476 0.66 -0.66 -0.1 0 0 3 454 452
f1h_25 f0_57 f0_155 1.15 -1.15 8.42 0 0 0 470 465
f1h_26 f0_77 f0_184 -0.41 0.41 8.56 0 0 0 463 479
f1h_27 f0_81 f0_111 -0.25 0.25 7.48 0 0 0 460 448
f1h_28 f0_27 f0_194 0.48 -0.48 8.42 0 0 0 448 479
f1h_29 f0_101 f0_158 -0.1 0.1 7.97 0 0 0 460 457
f1h_30 f0_65 f0_80 1.41 -1.41 8.05 0 0 0 475 471
f1h_32 f0_11 f0_47 0.85 -0.85 10.08 0 0 0 475 467
f1h_33 f0_146 f0_158 0.83 -0.83 8.42 0 0 0 458 452
f1h_35 f0_24 f0_115 -1.87 1.87 8.55 0 0 0 459 475
f1h_37 f0_42 f0_174 0.29 -0.29 10.08 0 0 0 473 479
f1h_38 f0_160 f0_168 -1.12 1.12 8.18 0 0 0 460 438
f1h_39 f0_33 f0_118 -1.86 1.86 6.87 0 0 0 474 461
f1h_40 f0_61 f0_139 -1.81 1.81 8.57 0 0 0 471 483
f1h_41 f0_139 f0_142 -0.55 0.55 8.9 0 0 0 483 484
f1h_42 f0_11 f0_111 -2.08 2.08 7.75 0 0 0 471 448
f1h_44 f0_168 f0_170 2.35 -2.35 8.33 0 0 0 462 484
f1h_45 f0_9 f0_166 3.87 -3.87 7.43 0 0 0 471 490
f1h_47 f0_30 f0_80 -1.42 1.42 7.95 0 0 0 445 454
f1h_48 f0_154 f0_171 -1.18 1.18 8.66 0 0 0 459 480
f1h_49 f0_152 f0_176 2.86 -2.86 9.35 0 0 0 472 469
f1h_50 f0_120 f0_156 2.15 -2.15 7.66 0 0 0 489 470
f1h_51 f0_79 f0_147 -0.57 0.57 8.34 0 0 0 475 455
f1h_52 f0_44 f0_170 0.77 -0.77 8.11 0 0 0 462 498
f1h_53 f0_98 f0_143 1.15 -1.15 8.56 0 0 0 458 464
f1h_54 f0_62 f0_177 -1.88 1.88 7.3 0 0 0 480 467
f1h_55 f0_138 f0_179 -1.37 1.37 7.84 0 0 0 477 446
f1h_56 f0_143 f0_183 1.26 -1.26 9.2 0 0 0 468 480
f1h_57 f0_35 f0_46 -1.89 1.89 6.31 0 0 0 462 473
f1h_58 f0_124 f0_200 -1.27 1.27 8.9 0 0 0 465 464
f1h_59 f0_87 f0_188 3.56 -3.56 6.8 0 0 0 482 478
f1h_60 f0_98 f0_118 -1.78 1.78 9.24 0 0 0 459 454
f1h_62 f0_65 f0_114 -2.89 2.89 6.72 0 0 0 465 473
f1h_64 f0_148 f0_183 2.93 -2.93 8.4 0 0 0 449 473
f1h_65 f0_28 f0_197 -2.28 2.28 5.76 0 0 0 467 443
f1h_66 f0_58 f0_138 2.18 -2.18 6.97 0 0 0 465 469
f1h_68 f0_25 f0_195 3.25 -3.25 8.3 0 0 0 443 460
f1h_69 f0_136 f0_175 0.1 -0.1 9.16 0 0 0 449 455
f1h_70 f0_22 f0_63 1.61 -1.61 6.93 0 0 0 448 463
f1h_72 f0_61 f0_153 -0.24 0.24 10.57 0 0 0 489 464
f1h_73 f0_2 f0_37 -3.09 3.09 7.13 0 0 0 470 484
f1h_74 f0_49 f0_149 -2.09 2.09 7.54 0 0 0 458 469
f1h_75 f0_20 f0_55 -0.85 0.85 7.71 0 0 0 472 472
f1h_76 f0_118 f0_187 -0.15 0.15 8.51 0 0 0 458 441
f1h_77 f0_89 f0_138 0.49 -0.49 10.7 0 0 0 476 480
f1h_78 f0_30 f0_78 -0.26 0.26 8.87 0 0 0 464 480
f1h_79 f0_37 f0_65 -0.79 0.79 9.64 0 0 0 464 461
f1h_81 f0_55 f0_130 4.88 -4.88 6.23 0 0 0 459 475
f1h_82 f0_117 f0_130 -0.98 0.98 8.89 0 0 0 451 474
f1h_83 f0_20 f0_160 0.78 -0.78 7.36 0 0 0 463 467
f1h_84 f0_41 f0_141 -2.11 2.11 6.82 0 0 0 444 446
f1h_85 f0_81 f0_97 1.08 -1.08 8.9 0 0 0 456 441
f1h_86 f0_111 f0_131 1.12 -1.12 9.12 0 0 0 480 479
f1h_87 f0_13 f0_178 1.69 -1.69 7.53 0 0 0 476 442
f1h_88 f0_61 f0_184 -1.5 1.5 9.08 0 0 0 476 468
f1h_89 f0_26 f0_83 -1.51 1.51 10.84 0 0 0 472 459
f1h_90 f0_101 f0_170 1.68 -1.68 8.65 0 0 0 458 480
f1h_91 f0_52 f0_134 -0.9 0.9 9.42 0 0 0 469 471
f1h_92 f0_9 f0_94 2.46 -2.46 8.11 0 0 0 464 464
f1h_93 f0_28 f0_160 -0.6 0.6 7.22 0 0 0 452 447
f1h_94 f0_58 f0_82 -1.37 1.37 8.81 0 0 0 476 479
f1h_96 f0_127 f0_182 0.1 -0.1 10.53 0 0 0 458 456
f1h_97 f0_80 f0_82 5.24 -5.24 7.9 0 0 0 456 489
f1h_98 f0_59 f0_160 1.02 -1.02 7.13 0 0 0 475 453
f1h_99 f0_11 f0_200 -2.68 2.68 6.96 0 0 0 469 446
f1h_100 f0_91 f0_144 -1.04 1.04 8.31 0 0 0 457 480
f1h_102 f0_57 f0_74 3.19 -3.19 6.95 0 0 0 474 455
f1h_104 f0_34 f0_200 -2.3 2.3 6.97 0 0 0 475 450
f1h_105 f0_17 f0_161 2.51 -2.51 6.62 0 0 0 445 461
f1h_106 f0_35 f0_60 0.37 -0.37 9.04 0 0 0 467 485
f1h_107 f0_9 f0_96 0.11 -0.11 7.89 0 0 0 445 440
f1h_108 f0_13 f0_107 2.5 -2.5 9.48 0 0 0 474 464
f1h_111 f0_89 f0_122 -2.23 2.23 7.96 0 0 0 441 444
f1h_112 f0_14 f0_163 0.44 -0.44 11.48 0 0 0 466 445
f1h_113 f0_40 f0_198 -1.08 1.08 7.92 0 0 0 456 444
f1h_114 f0_29 f0_150 1.32 -1.32 9.07 0 0 0 486 467
f1h_116 f0_107 f0_198 -1.34 1.34 7.79 0 0 0 452 442
f1h_118 f0_41 f0_102 -1.55 1.55 6.04 0 0 0 456 447
f1h_119 f0_59 f0_113 -0.55 0.55 8.96 0 0 0 480 478
f1h_120 f0_11 f0_108 -2.62 2.62 6.1 0 0 0 469 457
f1h_123 f0_172 f0_191 0.87 -0.87 8.71 0 0 0 466 452
f1h_124 f0_34 f0_46 0.34 -0.34 9.28 0 0 0 465 468
f1h_124 f0_46 f2_315 -0.07 0.07 2.65 0 0 2 468 467
f1h_125 f0_5 f0_28 -1.37 1.37 7.58 0 0 0 466 442
f1h_126 f0_123 f0_179 -0.92 0.92 7.52 0 0 0 457 444
f1h_127 f0_28 f0_143 -1.4 1.4 9.03 0 0 0 455 465
f1h_128 f0_19 f0_29 -0.16 0.16 9.85 0 0 0 476 494
f1h_130 f0_106 f0_192 0.05 -0.05 10.02 0 0 0 463 481
f1h_131 f0_66 f0_169 -0.24 0.24 7.77 0 0 0 443 464
f1h_132 f0_88 f0_118 -0.86 0.86 9.54 0 0 0 478 469
f1h_133 f0_66 f0_106 0.83 -0.83 8.11 0 0 0 452 456
f1h_134 f0_39 f0_48 -0.65 0.65 7.57 0 0 0 479 482
f1h_135 f0_47 f0_49 0.93 -0.93 8.11 0 0 0 455 460
f1h_136 f0_24 f0_73 -0.13 0.13 8.24 0 0 0 474 469
f1h_137 f0_56 f0_162 -0.53 0.53 8.73 0 0 0 477 465
f1h_138 f0_76 f0_117 0.66 -0.66 8.72 0 0 0 461 446
f1h_139 f0_22 f0_156 -1.54 1.54 7.44 0 0 0 452 451
f1h_140 f0_87 f0_157 -1.2 1.2 8.49 0 0 0 480 474
f1h_141 f0_187 f0_190 0.61 -0.61 8.39 0 0 0 440 452
f1h_142 f0_17 f0_140 -2.85 2.85 7.16 0 0 0 465 467
f1h_143 f0_116 f0_199 -0.2 0.2 9.19 0 0 0 446 462
f1h_147 f0_61 f0_188 -0.5 0.5 8.39 0 0 0 477 468
f1h_148 f0_9 f0_33 1.32 -1.32 9.04 0 0 0 466 482
f1h_149 f0_38 f0_114 0.52 -0.52 8.08 0 0 0 457 461
f1h_150 f0_24 f0_70 0.67 -0.67 7.36 0 0 0 447 442
f1h_151 f0_150 f0_197 0.43 -0.43 7.43 0 0 0 446 418
f1h_153 f0_142 f0_145 -1.33 1.33 7.65 0 0 0 477 463
f1h_154 f0_118 f0_143 1.36 -1.36 8.16 0 0 0 469 478
f1h_155 f0_109 f0_110 -0.38 0.38 9.99 0 0 0 463 474
f1h_156 f0_28 f0_133 -0.81 0.81 6.46 0 0 0 454 467
f1h_157 f0_150 f0_181 -1.17 1.17 9.08 0 0 0 486 461
f1h_158 f0_101 f0_121 1.2 -1.2 9.41 0 0 0 477 505
f1h_159 f0_96 f0_105 1.44 -1.44 8.43 0 0 0 463 453
f1h_160 f0_112 f0_139 -3.39 3.39 5.4 0 0 0 473 473
f1h_161 f0_129 f0_198 -0.03 0.03 9.41 0 0 0 462 467
f1h_163 f0_73 f0_198 0.7 -0.7 7.34 0 0 0 465 474
f1h_164 f0_67 f0_72 -0.17 0.17 9.59 0 0 0 473 475
f1h_166 f0_25 f0_183 -0.61 0.61 9.65 0 0 0 466 472
f1h_167 f0_64 f0_76 1.77 -1.77 6.58 0 0 0 464 469
f1h_168 f0_60 f0_88 1.44 -1.44 8.17 0 0 0 467 480
f1h_171 f0_31 f0_194 -2.14 2.14 8.02 0 0 0 454 440
f1h_175 f0_46 f0_199 -2.08 2.08 8.1 0 0 0 472 455
f1h_177 f0_11 f0_32 -1.62 1.62 9.21 0 0 0 482 471
f1h_177 f2_117 f2_549 0.3 -0.3 1.79 0 0 3 468 469
f1h_178 f0_115 f0_196 1.2 -1.2 9.24 0 0 0 463 473
f1h_179 f0_73 f0_156 0.24 -0.24 9.46 0 0 0 467 458
f1h_180 f0_131 f0_170 1 -1 7.99 0 0 0 453 486
f1h_181 f0_2 f0_56 -1.33 1.33 9.39 0 0 0 470 484
f1h_182 f0_68 f0_73 -1.74 1.74 7.6 0 0 0 477 467
f1h_183 f0_42 f0_78 1.15 -1.15 8.38 0 0 0 449 463
f1h_184 f0_9 f0_199 -1.03 1.03 9.09 0 0 0 458 443
f1h_185 f0_46 f0_116 0.8 -0.8 9.12 0 0 0 480 463
f1h_186 f0_2 f0_188 -0.68 0.68 6.07 0 0 0 468 476
f1h_188 f0_46 f0_142 -1.3 1.3 9.57 0 0 0 470 484
f1h_189 f0_131 f0_184 2.86 -2.86 8.22 0 0 0 467 463
f1h_190 f0_115 f0_184 -1.22 1.22 9.77 0 0 0 475 471
f1h_194 f0_139 f0_165 0.29 -0.29 9.06 0 0 0 480 454
f1h_195 f0_22 f0_197 2.35 -2.35 7.2 0 0 0 459 437
f1h_196 f0_64 f0_170 1.88 -1.88 8.85 0 0 0 476 497
f1h_197 f0_33 f0_65 0.88 -0.88 8.13 0 0 0 472 472
f1h_198 f0_42 f0_68 -0.93 0.93 7.85 0 0 0 448 447
f1h_199 f0_42 f0_155 0.21 -0.21 10.09 0 0 0 460 454
f1h_200 f0_61 f0_149 -1.79 1.79 8.93 0 0 0 484 474
f1h_201 f0_63 f0_70 0.23 -0.23 8.3 0 0 0 462 447
f1h_202 f0_12 f0_194 2.05 -2.05 9.44 0 0 0 460 467
f1h_203 f0_27 f0_97 0.18 -0.18 9.52 0 0 0 440 464
f1h_205 f0_8 f0_78 1.65 -1.65 7.16 0 0 0 450 446
f1h_206 f0_10 f0_100 2.75 -2.75 7.81 0 0 0 462 451
f1h_207 f0_41 f0_117 2.44 -2.44 7.7 0 0 0 477 461
f1h_208 f0_36 f0_91 -2.02 2.02 9.83 0 0 0 477 456
f1h_209 f0_9 f0_25 1.77 -1.77 7.96 0 0 0 464 441
f1h_210 f0_73 f0_144 1.56 -1.56 11.58 0 0 0 444 477
f1h_212 f0_173 f0_198 0.79 -0.79 8.15 0 0 0 479 473
f1h_213 f0_87 f0_168 2.82 -2.82 8.78 0 0 0 490 464
f1h_215 f0_43 f0_92 0.92 -0.92 9.02 0 0 0 486 470
f1h_216 f0_160 f0_167 1.74 -1.74 7.81 0 0 0 444 447
f1h_217 f0_144 f0_167 -1.71 1.71 8.65 0 0 0 491 483
f1h_218 f0_32 f0_126 -2.61 2.61 6.77 0 0 0 459 463
f1h_219 f0_19 f0_36 -1.24 1.24 8.82 0 0 0 459 451
f1h_220 f0_161 f0_167 -0.43 0.43 8.98 0 0 0 460 471
f1h_221 f0_186 f0_188 1.84 -1.84 8.34 0 0 0 459 476
f1h_222 f0_20 f0_87 0.66 -0.66 9.6 0 0 0 469 484
f1h_223 f0_79 f0_108 -5.86 5.86 6.06 0 0 0 473 451
f1h_224 f0_9 f0_156 -0.43 0.43 9.56 0 0 0 463 449
f1h_226 f0_34 f0_153 3.58 -3.58 7.99 0 0 0 478 466
f1h_227 f0_136 f0_195 -0.42 0.42 8.83 0 0 0 440 439
f1h_230 f0_27 f0_183 -0.96 0.96 9 0 0 0 462 482
f1h_231 f0_21 f0_101 0.28 -0.28 9.09 0 0 0 461 470
f1h_232 f0_84 f0_189 1.03 -1.03 8.42 0 0 0 450 470
f1h_235 f0_112 f0_164 -1.41 1.41 9.5 0 0 0 463 495
f1h_236 f0_74 f0_92 1.95 -1.95 7.04 0 0 0 440 456
f1h_237 f0_128 f0_153 0.3 -0.3 7.71 0 0 0 442 444
f1h_238 f0_94 f0_200 -0.05 0.05 7.48 0 0 0 457 440
f1h_239 f0_2 f0_19 -2.21 2.21 7.88 0 0 0 460 464
f1h_240 f0_70 f0_170 0.6 -0.6 8.26 0 0 0 443 476
f1h_241 f0_50 f0_116 -1.71 1.71 6.7 0 0 0 442 449
f1h_242 f0_79 f0_84 -0.11 0.11 8.39 0 0 0 461 460
f1h_243 f0_159 f0_190 -0.45 0.45 10.21 0 0 0 485 471
f1h_244 f0_29 f0_177 -1.47 1.47 9.33 0 0 0 474 465
f1h_245 f0_43 f0_195 1.19 -1.19 9.59 0 0 0 488 479
f1h_246 f0_63 f0_196 3.99 -3.99 7.18 0 0 0 464 487
f1h_247 f0_1 f0_63 2.31 -2.31 6.93 0 0 0 465 479
f1h_248 f0_10 f0_130 0.73 -0.73 8.68 0 0 0 465 465
f1h_250 f0_3 f0_104 1.34 -1.34 8.81 0 0 0 465 464
f1h_251 f0_35 f0_72 -1.31 1.31 7.59 0 0 0 444 454
f1h_252 f0_175 f0_196 2.33 -2.33 6.46 0 0 0 448 466
f1h_253 f0_48 f0_173 1.08 -1.08 8.45 0 0 0 472 466
f1h_254 f0_123 f0_132 -0.2 0.2 8.81 0 0 0 480 480
f1h_255 f0_37 f0_147 0.05 -0.05 8.83 0 0 0 496 476
f1h_256 f0_166 f0_180 -1.55 1.55 8.76 0 0 0 471 441
f1h_258 f0_154 f0_156 -1.56 1.56 9.05 0 0 0 469 453
f1h_260 f0_70 f0_93 1.61 -1.61 7.73 0 0 0 438 459
f1h_261 f0_20 f0_199 0.58 -0.58 7.29 0 0 0 452 459
f1h_262 f0_114 f0_120 -0.17 0.17 9.58 0 0 0 485 473
f1h_263 f0_27 f0_147 -0.86 0.86 8.78 0 0 0 446 455
f1h_264 f0_76 f0_120 -1.89 1.89 7.64 0 0 0 448 475
f1h_265 f0_12 f0_119 -0.66 0.66 8.09 0 0 0 466 457
f1h_266 f0_107 f0_151 -5.18 5.18 7.92 0 0 0 456 452
f1h_267 f0_90 f0_176 0.57 -0.57 8.55 0 0 0 437 471
f1h_268 f0_48 f0_103 -0.1 0.1 8.39 0 0 0 465 472
f1h_269 f0_60 f0_199 2.17 -2.17 6.96 0 0 0 457 440
f1h_270 f0_20 f0_68 -0.41 0.41 7.49 0 0 0 475 483
f1h_271 f0_4 f0_152 -1.69 1.69 7.59 0 0 0 450 475
f1h_272 f0_19 f0_175 -0.32 0.32 9.88 0 0 0 478 479
f1h_273 f0_62 f0_91 -0.06 0.06 9.14 0 0 0 480 465
f1h_274 f0_68 f0_196 0.39 -0.39 9.7 0 0 0 478 487
f1h_275 f0_46 f0_162 1.25 -1.25 7.78 0 0 0 483 485
f1h_276 f0_42 f0_140 1.44 -1.44 7.63 0 0 0 471 463
f1h_277 f0_150 f0_171 1.01 -1.01 8.29 0 0 0 486 469
f1h_278 f0_190 f0_197 0.41 -0.41 8.67 0 0 0 457 443
f1h_279 f0_31 f0_90 -0.92 0.92 8.33 0 0 0 481 443
f1h_280 f0_123 f0_156 -0.29 0.29 8.39 0 0 0 469 452
f1h_281 f0_1 f0_53 0.94 -0.94 9.24 0 0 0 460 449
f1h_282 f0_10 f0_30 0.4 -0.4 8.61 0 0 0 478 454
f1h_283 f0_186 f0_193 -1.22 1.22 10.29 0 0 0 455 468
f1h_285 f0_48 f0_187 -1.63 1.63 8.82 0 0 0 475 452
f1h_288 f0_112 f0_123 2 -2 7.07 0 0 0 472 485
f1h_289 f0_69 f0_200 -2.64 2.64 6.6 0 0 0 454 455
f1h_292 f0_103 f0_126 4.14 -4.14 7.51 0 0 0 486 479
f1h_293 f0_85 f0_190 -0.41 0.41 9.41 0 0 0 462 470
f1h_294 f0_88 f0_91 -1.36 1.36 7.99 0 0 0 468 433
f1h_295 f0_88 f0_195 -0.26 0.26 7.78 0 0 0 480 469
f1h_296 f0_141 f0_151 3.46 -3.46 7.63 0 0 0 486 469
f1h_297 f0_5 f0_152 0.17 -0.17 9.5 0 0 0 471 473
f1h_298 f0_20 f0_151 -1.23 1.23 7.41 0 0 0 457 461
f1h_299 f0_156 f0_160 -0.43 0.43 9.04 0 0 0 477 481
f1h_300 f0_17 f0_145 2.15 -2.15 8.62 0 0 0 461 459
f1h_301 f0_23 f0_87 -1.2 1.2 8.95 0 0 0 432 456
f1h_302 f0_80 f0_151 -0.11 0.11 9.26 0 0 0 463 463
f1h_303 f0_46 f0_186 0.47 -0.47 9.2 0 0 0 479 467
f1h_304 f0_66 f0_187 -1.29 1.29 7.48 0 0 0 442 455
f1h_305 f0_63 f0_148 -2.51 2.51 8.39 0 0 0 473 468
f1h_306 f0_67 f0_146 1.47 -1.47 8.64 0 0 0 464 477
f1h_308 f0_60 f0_152 2.85 -2.85 9.48 0 0 0 478 476
f1h_309 f0_25 f0_91 -2.21 2.21 8.18 0 0 0 455 458
f1h_310 f0_19 f0_69 0.89 -0.89 8.28 0 0 0 484 463
f1h_312 f0_102 f0_135 -1.94 1.94 6.59 0 0 0 451 460
f1h_313 f0_102 f0_125 -2.09 2.09 7.63 0 0 0 468 474
f1h_314 f0_20 f0_36 0.06 -0.06 7.7 0 0 0 454 465
f1h_315 f0_119 f0_141 0.89 -0.89 7.32 0 0 0 458 466
f1h_316 f0_138 f0_183 -2.09 2.09 7.4 0 0 0 478 474
f1h_317 f0_102 f0_195 0.61 -0.61 8.77 0 0 0 454 445
f1h_318 f0_121 f0_162 0.26 -0.26 10.37 0 0 0 488 470
f1h_319 f0_79 f0_162 2.66 -2.66 5.9 0 0 0 461 451
f1h_321 f0_23 f0_84 -0.61 0.61 9.29 0 0 0 462 456
f1h_322 f0_155 f0_183 0.68 -0.68 9.41 0 0 0 479 499
f1h_323 f0_44 f0_101 -0.32 0.32 8.72 0 0 0 469 482
f1h_324 f0_109 f0_199 0.59 -0.59 6.7 0 0 0 457 438
f1h_325 f0_40 f0_75 -0.49 0.49 9.11 0 0 0 460 462
f1h_326 f0_49 f0_145 0.21 -0.21 8.63 0 0 0 473 469
f1h_327 f0_130 f0_186 -2.38 2.38 9.32 0 0 0 464 433
f1h_329 f0_83 f0_197 -1.14 1.14 6.21 0 0 0 465 459
f1h_331 f0_27 f0_48 2.47 -2.47 6.72 0 0 0 459 475
f1h_332 f0_39 f0_183 2.77 -2.77 7.55 0 0 0 457 473
f1h_333 f0_30 f0_136 1.13 -1.13 8.54 0 0 0 444 445
f1h_334 f0_10 f0_137 1.94 -1.94 10.09 0 0 0 470 479
f1h_335 f0_66 f0_169 0.41 -0.41 8.19 0 0 0 469 490
f1h_336 f0_2 f0_177 0.24 -0.24 8.78 0 0 0 452 454
f1h_337 f0_7 f0_198 -3.38 3.38 7.24 0 0 0 465 461
f1h_338 f0_59 f0_83 0.2 -0.2 8.11 0 0 0 486 464
f1h_339 f0_16 f0_87 -0.05 0.05 8.77 0 0 0 462 464
f1h_341 f0_74 f0_162 2.73 -2.73 7.51 0 0 0 454 461
f1h_342 f0_65 f0_88 -2.34 2.34 8.79 0 0 0 465 473
f1h_343 f0_131 f0_182 2.7 -2.7 6.16 0 0 0 436 437
f1h_344 f0_80 f0_151 -1.34 1.34 8.12 0 0 0 467 462
f1h_345 f0_89 f0_144 -0.55 0.55 8.95 0 0 0 479 479
f1h_346 f0_94 f0_124 2.45 -2.45 6.94 0 0 0 467 483
f1h_347 f0_54 f0_105 -0.16 0.16 6.84 0 0 0 474 477
f1h_348 f0_32 f0_199 -0.19 0.19 9.23 0 0 0 466 462
f1h_350 f0_183 f0_190 -0.58 0.58 9.15 0 0 0 473 480
f1h_351 f0_73 f0_185 -0.42 0.42 9.4 0 0 0 462 458
f1h_352 f0_58 f0_87 -4.71 4.71 7.26 0 0 0 481 488
f1h_353 f0_81 f0_197 2.48 -2.48 7.26 0 0 0 456 442
f1h_355 f0_4 f0_133 1.88 -1.88 7.53 0 0 0 457 463
f1h_356 f0_50 f0_156 -0.18 0.18 9.15 0 0 0 462 459
f1h_357 f0_96 f0_100 2.45 -2.45 8.44 0 0 0 446 454
f1h_358 f0_122 f0_136 -2.29 2.29 6.59 0 0 0 475 461
f1h_360 f0_143 f0_187 -0.26 0.26 8.17 0 0 0 468 448
f1h_361 f0_137 f0_194 -3.47 3.47 7.18 0 0 0 469 476
f1h_362 f0_18 f0_42 -0.5 0.5 7.07 0 0 0 471 470
f1h_365 f0_117 f0_187 -2.13 2.13 8.14 0 0 0 448 472
f1h_366 f0_9 f0_155 1.32 -1.32 7.88 0 0 0 470 472
f1h_367 f0_7 f0_106 0.8 -0.8 7.97 0 0 0 445 441
f1h_368 f0_83 f0_97 0.94 -0.94 9.09 0 0 0 454 454
f1h_369 f0_102 f0_159 3.04 -3.04 4.97 0 0 0 453 478
f1h_370 f0_36 f0_73 1.81 -1.81 10.17 0 0 0 502 488
f1h_371 f0_26 f0_85 -1.45 1.45 8.62 0 0 0 482 469
f1h_373 f0_67 f0_92 0.18 -0.18 9.88 0 0 0 462 467
f1h_374 f0_50 f0_159 1.76 -1.76 7.96 0 0 0 446 469
f1h_376 f0_174 f0_200 1.11 -1.11 8.16 0 0 0 456 452
f1h_377 f0_102 f0_165 -1.36 1.36 6.63 0 0 0 467 481
f1h_378 f0_149 f0_173 0.38 -0.38 8.01 0 0 0 471 473
f1h_380 f0_96 f0_178 0.02 -0.02 9.85 0 0 0 473 457
f1h_381 f0_184 f0_190 0.71 -0.71 10.4 0 0 0 484 480
f1h_382 f0_26 f0_177 3.12 -3.12 7.75 0 0 0 470 458
f1h_383 f0_78 f0_128 -0.75 0.75 8.96 0 0 0 481 462
f1h_384 f0_112 f0_168 -1.84 1.84 9.39 0 0 0 470 462
f1h_385 f0_1 f0_58 1.99 -1.99 9.22 0 0 0 473 465
f1h_388 f0_29 f0_166 1.58 -1.58 7.51 0 0 0 467 463
f1h_389 f0_14 f0_155 -0.21 0.21 9.6 0 0 0 464 448
f1h_390 f0_16 f0_170 0.81 -0.81 8.84 0 0 0 479 493
f1h_391 f0_156 f0_198 -0.16 0.16 9.49 0 0 0 451 454
f1h_393 f0_122 f0_195 1.33 -1.33 9.61 0 0 0 462 470
f1h_394 f0_55 f0_200 -0.83 0.83 9.35 0 0 0 470 453
f1h_395 f0_154 f0_162 -0.69 0.69 9.19 0 0 0 474 458
f1h_396 f0_45 f0_121 1.63 -1.63 8.52 0 0 0 457 476
f1h_397 f0_91 f0_140 2.78 -2.78 7.5 0 0 0 447 467
f1h_400 f0_20 f0_37 0.7 -0.7 8.5 0 0 0 462 470
f1h_401 f0_100 f0_179 3.67 -3.67 6.93 0 0 0 445 444
f1h_402 f0_61 f0_119 1.63 -1.63 9.23 0 0 0 478 458
f1h_403 f0_45 f0_74 0.73 -0.73 8.46 0 0 0 462 460
f1h_404 f0_45 f0_135 0.34 -0.34 8.35 0 0 0 446 460
f1h_406 f0_82 f0_163 1.76 -1.76 9.9 0 0 0 453 454
f1h_407 f0_30 f0_36 -2.27 2.27 8.02 0 0 0 453 476
f1h_408 f0_87 f0_152 1.25 -1.25 7.65 0 0 0 465 470
f1h_409 f0_58 f0_118 1.03 -1.03 9.74 0 0 0 487 488
f1h_410 f0_102 f0_197 1.38 -1.38 9.26 0 0 0 462 445
f1h_411 f0_34 f0_141 1.98 -1.98 6.36 0 0 0 458 449
f1h_413 f0_23 f0_111 -0.35 0.35 8.12 0 0 0 454 458
f1h_414 f0_40 f0_113 -2.96 2.96 9.4 0 0 0 456 463
f1h_415 f0_54 f0_114 0.1 -0.1 8.57 0 0 0 469 454
f1h_416 f0_179 f0_186 -3.1 3.1 7.77 0 0 0 452 451
f1h_417 f0_34 f0_135 -0.09 0.09 10.24 0 0 0 457 454
f1h_418 f0_10 f0_88 0.09 -0.09 11.53 0 0 0 451 462
f1h_419 f0_66 f0_70 1.35 -1.35 8.84 0 0 0 452 430
f1h_420 f0_6 f0_72 -0.63 0.63 6.84 0 0 0 459 465
f1h_421 f0_53 f0_191 0.56 -0.56 8.86 0 0 0 453 467
f1h_423 f0_106 f0_145 0.38 -0.38 8.84 0 0 0 439 457
f1h_424 f0_93 f0_159 -2.32 2.32 6.77 0 0 0 464 476
f1h_425 f0_32 f0_51 1.09 -1.09 8.42 0 0 0 477 450
f1h_426 f0_135 f0_200 -0.42 0.42 8.52 0 0 0 454 449
f1h_427 f0_1 f0_184 2.06 -2.06 8.36 0 0 0 476 494
f1h_428 f0_15 f0_170 -0.08 0.08 10.19 0 0 0 449 466
f1h_429 f0_52 f0_197 -3.55 3.55 5.47 0 0 0 469 453
f1h_430 f0_7 f0_135 -4.69 4.69 7.78 0 0 0 463 468
f1h_432 f0_64 f0_122 1.71 -1.71 8.01 0 0 0 464 465
f1h_432 f2_262 f2_688 -3.42 3.42 2.88 0 0 2 479 473
f1h_433 f0_155 f0_196 -1.6 1.6 9.05 0 0 0 452 482
f1h_434 f0_40 f0_136 0.84 -0.84 8.56 0 0 0 472 456
f1h_434 f0_136 f2_429 3.58 -3.58 0.98 0 0 4 456 465
f1h_435 f0_168 f0_187 1.25 -1.25 8.77 0 0 0 457 461
f1h_436 f0_18 f0_157 1.53 -1.53 8.51 0 0 0 463 458
f1h_437 f0_61 f0_115 2 -2 7.78 0 0 0 474 479
f1h_438 f0_148 f0_183 3.7 -3.7 8.05 0 0 0 458 485
f1h_439 f0_45 f0_182 0.4 -0.4 7.98 0 0 0 454 448
f1h_440 f0_137 f0_149 0.01 -0.01 9 0 0 0 478 467
f1h_441 f0_108 f0_194 1.47 -1.47 7.71 0 0 0 455 476
f1h_442 f0_41 f0_167 0.47 -0.47 7.85 0 0 0 482 466
f1h_446 f0_78 f0_187 -0.73 0.73 7.27 0 0 0 466 447
f1h_447 f0_35 f0_199 1.17 -1.17 8.54 0 0 0 455 457
f1h_448 f0_159 f0_183 3.61 -3.61 6.23 0 0 0 480 481
f1h_449 f0_8 f0_176 -1.33 1.33 7.32 0 0 0 465 470
f1h_450 f0_71 f0_131 0.02 -0.02 7.91 0 0 0 454 448
f1h_451 f0_130 f0_136 -3.32 3.32 6.49 0 0 0 480 455
f1h_453 f0_18 f0_51 -1.26 1.26 7.88 0 0 0 481 465
f1h_455 f0_70 f0_101 -0.14 0.14 9.25 0 0 0 421 446
f1h_458 f0_29 f0_193 0.28 -0.28 8.78 0 0 0 473 461
f1h_459 f0_9 f0_31 -0.02 0.02 9.29 0 0 0 466 481
f1h_460 f0_92 f0_192 -2.17 2.17 8.1 0 0 0 465 471
f1h_462 f0_50 f0_56 -0.82 0.82 7.59 0 0 0 463 481
f1h_463 f0_9 f0_48 1.57 -1.57 8.78 0 0 0 467 477
f1h_464 f0_69 f0_164 -0.14 0.14 8.49 0 0 0 447 471
f1h_465 f0_54 f0_58 0.46 -0.46 8.24 0 0 0 459 475
f1h_466 f0_131 f0_195 2.79 -2.79 8.04 0 0 0 451 446
f1h_467 f0_3 f0_160 -0.76 0.76 11.44 0 0 0 459 456
f1h_468 f0_5 f0_169 -2.29 2.29 9.1 0 0 0 474 479
f1h_469 f0_63 f0_117 0.54 -0.54 8.81 0 0 0 465 448
f1h_470 f0_22 f0_187 -3.56 3.56 7.61 0 0 0 454 465
f1h_471 f0_96 f0_124 0.54 -0.54 10.55 0 0 0 478 479
f1h_472 f0_41 f0_54 -1.52 1.52 8.58 0 0 0 455 448
f1h_473 f0_118 f0_132 -1.07 1.07 8.87 0 0 0 480 484
f1h_477 f0_51 f0_196 0.88 -0.88 9.12 0 0 0 461 480
f1h_478 f0_45 f0_177 0.04 -0.04 8.16 0 0 0 466 455
f1h_479 f0_170 f0_195 -0.83 0.83 9.68 0 0 0 473 461
f1h_480 f0_78 f0_83 -3.56 3.56 6.88 0 0 0 473 448
f1h_482 f0_23 f0_89 -0.9 0.9 9.12 0 0 0 454 463
f1h_483 f0_19 f0_105 -0.42 0.42 7.63 0 0 0 454 441
f1h_484 f0_98 f0_142 -0.04 0.04 10.21 0 0 0 463 471
f1h_487 f0_17 f0_181 -1.28 1.28 6.18 0 0 0 439 438
f1h_489 f0_126 f0_170 2.66 -2.66 8.66 0 0 0 474 483
f1h_492 f0_8 f0_116 0.44 -0.44 9.82 0 0 0 467 463
f1h_493 f0_23 f0_132 -0.83 0.83 8.29 0 0 0 461 476
f1h_494 f0_88 f0_137 2.08 -2.08 8.31 0 0 0 494 492
f1h_495 f0_40 f0_176 0.57 -0.57 8.75 0 0 0 477 473
f1h_496 f0_71 f0_87 -4.71 4.71 8.39 0 0 0 489 490
f1h_497 f0_90 f0_103 -3.13 3.13 7.14 0 0 0 434 474
f1h_498 f0_80 f0_81 1.27 -1.27 7.92 0 0 0 451 450
f1h_499 f0_54 f0_80 1.25 -1.25 8.47 0 0 0 476 465
f1w_1 f0_850 f0_875 -1.97 1.97 6.97 0 0 0 461 452
f1w_3 f0_226 f0_230 -1.23 1.23 7.84 0 0 0 491 462
f1w_5 f0_442 f0_881 -1.38 1.38 7.73 0 0 0 492 453
f1w_6 f0_318 f0_560 4.06 -4.06 7.89 0 0 0 473 492
f1w_7 f0_246 f0_731 2.05 -2.05 9.65 0 0 0 457 452
f1w_8 f0_204 f0_244 -3.34 3.34 9.55 0 0 0 464 465
f1w_11 f0_242 f0_663 1.31 -1.31 8.05 0 0 0 484 458
f1w_15 f0_364 f0_413 -1.24 1.24 8.74 0 0 0 464 452
f1w_16 f0_625 f0_906 2.63 -2.63 8.44 0 0 0 465 475
f1w_17 f0_491 f0_908 -2.03 2.03 9.49 0 0 0 477 480
f1w_21 f0_294 f0_731 -0.81 0.81 10.23 0 0 0 477 460
f1w_24 f0_573 f0_970 0.37 -0.37 9.4 0 0 0 473 470
f1w_25 f0_754 f0_785 -0.79 0.79 9.19 0 0 0 457 463
f1w_26 f0_446 f0_499 0.63 -0.63 8.96 0 0 0 462 456
f1w_28 f0_774 f0_956 0.65 -0.65 10.29 0 0 0 478 457
f1w_29 f0_229 f0_917 -0.58 0.58 8.6 0 0 0 460 488
f1w_30 f0_713 f0_964 0.21 -0.21 9.22 0 0 0 466 481
f1w_32 f0_362 f0_511 -0.99 0.99 7.36 0 0 0 431 447
f1w_33 f0_381 f0_394 -1.11 1.11 10.25 0 0 0 473 451
f1w_35 f0_430 f0_559 -2.51 2.51 9.31 0 0 0 480 453
f1w_36 f0_387 f0_868 -2.01 2.01 8.3 0 0 0 449 456
f1w_38 f0_651 f0_655 -0.76 0.76 9.19 0 0 0 451 459
f1w_39 f0_429 f0_542 -0.28 0.28 8.69 0 0 0 475 456
f1w_40 f0_239 f0_465 0.95 -0.95 9.26 0 0 0 474 454
f1w_42 f0_353 f0_465 -1.15 1.15 8.37 0 0 0 474 457
f1w_44 f0_510 f0_692 -3.71 3.71 6.87 0 0 0 480 478
f1w_45 f0_797 f0_922 0.27 -0.27 7.84 0 0 0 461 467
f1w_47 f0_392 f0_558 1.36 -1.36 7.58 0 0 0 460 459
f1w_49 f0_219 f0_772 -0.59 0.59 9.5 0 0 0 487 473
f1w_51 f0_372 f0_481 0.49 -0.49 10.02 0 0 0 455 478
f1w_52 f0_330 f0_825 -1.34 1.34 8.71 0 0 0 452 461
f1w_53 f0_437 f0_527 0.6 -0.6 8.74 0 0 0 447 453
f1w_56 f0_238 f0_739 -1.82 1.82 8.43 0 0 0 489 452
f1w_59 f0_611 f0_652 2.69 -2.69 7.5 0 0 0 457 459
f1w_64 f0_239 f0_463 1.03 -1.03 9 0 0 0 475 469
f1w_65 f0_217 f0_302 -3.01 3.01 8.73 0 0 0 486 483
f1w_70 f0_306 f0_801 0.15 -0.15 8.93 0 0 0 450 460
f1w_71 f0_296 f0_561 -1.16 1.16 7.78 0 0 0 468 463
f1w_71 f0_296 f2_630 1.69 -1.69 0.37 0 0 3 468 434
f1w_73 f0_203 f0_707 0.96 -0.96 6.2 0 0 0 440 451
f1w_75 f0_204 f0_517 -0.14 0.14 9.59 0 0 0 449 457
f1w_77 f0_205 f0_523 0.82 -0.82 8.2 0 0 0 452 453
f1w_79 f0_233 f0_754 -3.55 3.55 7.31 0 0 0 459 455
f1w_82 f0_261 f0_314 4.63 -4.63 9.23 0 0 0 474 469
f1w_83 f0_318 f0_502 -3.66 3.66 7.4 0 0 0 462 471
f1w_86 f0_271 f0_968 -1.25 1.25 6.58 0 0 0 452 448
f1w_90 f0_230 f0_246 0.02 -0.02 9.56 0 0 0 435 460
f1w_92 f0_482 f0_922 0.8 -0.8 8.28 0 0 0 425 448
f1w_95 f0_227 f0_332 -2.7 2.7 7.16 0 0 0 453 463
f1w_97 f0_644 f0_994 -2.32 2.32 8.83 0 0 0 485 477
f1w_98 f0_481 f0_534 -1.07 1.07 9.65 0 0 0 481 461
f1w_99 f0_293 f0_357 0.19 -0.19 8.08 0 0 0 478 476
f1w_100 f2_417 f2_798 -0.32 0.32 0.43 0 0 3 467 451
f1w_101 f0_401 f0_876 -2.95 2.95 8.42 0 0 0 444 479
f1w_103 f0_505 f0_817 -0.12 0.12 9.86 0 0 0 467 474
f1w_105 f0_758 f0_876 4.97 -4.97 7.17 0 0 0 471 472
f1w_107 f0_528 f0_863 0.32 -0.32 8.59 0 0 0 461 474
f1w_109 f0_478 f0_764 2.92 -2.92 7.43 0 0 0 472 483
f1w_110 f0_318 f0_916 -0.02 0.02 8.23 0 0 0 452 425
f1w_111 f0_248 f0_354 0.32 -0.32 7.92 0 0 0 460 456
f1w_113 f0_251 f0_588 -0.14 0.14 9.42 0 0 0 481 465
f1w_115 f0_864 f0_989 0.75 -0.75 9.27 0 0 0 450 430
f1w_117 f0_400 f0_865 1.38 -1.38 11.03 0 0 0 473 455
f1w_121 f0_265 f0_479 -1.97 1.97 8.12 0 0 0 465 455
f1w_124 f0_414 f0_818 2.4 -2.4 7.17 0 0 0 462 472
f1w_126 f0_812 f0_919 -0.43 0.43 6.16 0 0 0 452 444
f1w_129 f0_252 f0_373 -2.98 2.98 6.75 0 0 0 432 466
f1w_130 f0_214 f0_810 1.61 -1.61 9.05 0 0 0 470 473
f1w_132 f0_220 f0_593 2.04 -2.04 7.99 0 0 0 465 474
f1w_135 f0_524 f0_581 -0.89 0.89 9.94 0 0 0 499 466
f1w_137 f0_456 f0_844 1.88 -1.88 8.11 0 0 0 448 476
f1w_139 f0_600 f0_899 2.84 -2.84 8.12 0 0 0 450 480
f1w_140 f0_599 f0_881 -1.61 1.61 8.04 0 0 0 481 461
f1w_141 f0_412 f0_762 -3.72 3.72 8.67 0 0 0 486 486
f1w_143 f0_591 f0_770 -0.03 0.03 8.89 0 0 0 467 479
f1w_144 f0_337 f0_535 0.64 -0.64 9.9 0 0 0 495 498
f1w_147 f0_492 f0_743 -1.05 1.05 8.26 0 0 0 450 467
f1w_148 f0_616 f0_882 0.45 -0.45 9.87 0 0 0 467 463
f1w_149 f0_271 f0_961 0.45 -0.45 9.54 0 0 0 446 453
f1w_150 f0_296 f0_630 2.3 -2.3 7.76 0 0 0 479 448
f1w_151 f0_226 f0_660 -0.63 0.63 7.3 0 0 0 486 470
f1w_152 f0_386 f0_834 -2.17 2.17 7.13 0 0 0 478 461
f1w_154 f0_251 f0_700 1.28 -1.28 10.91 0 0 0 466 471
f1w_155 f0_405 f0_514 -1.41 1.41 7.74 0 0 0 474 469
f1w_156 f0_355 f0_363 -0.48 0.48 8.29 0 0 0 452 459
f1w_159 f0_356 f0_581 -2.41 2.41 9.08 0 0 0 466 457
f1w_160 f0_397 f0_491 -0.79 0.79 10.65 0 0 0 468 474
f1w_161 f0_225 f0_916 -0.35 0.35 8.59 0 0 0 467 445
f1w_165 f0_507 f0_999 0.92 -0.92 9.06 0 0 0 442 441
f1w_168 f0_543 f0_715 -0.72 0.72 8.72 0 0 0 476 464
f1w_169 f0_626 f0_816 -0.39 0.39 9.12 0 0 0 494 472
f1w_173 f0_377 f0_511 -3.32 3.32 8.01 0 0 0 475 485
f1w_176 f0_311 f0_963 -0.21 0.21 7.87 0 0 0 470 462
f1w_177 f0_507 f0_916 0.11 -0.11 9.92 0 0 0 450 455
f1w_180 f0_480 f0_808 -0.02 0.02 10.69 0 0 0 467 443
f1w_181 f0_378 f0_427 3.27 -3.27 11.29 0 0 0 491 483
f1w_181 f2_545 f2_870 0.93 -0.93 3.38 0 0 3 513 477
f1w_181 f2_545 f2_970 0.94 -0.94 -0.31 0 0 4 513 487
f1w_182 f0_449 f0_845 0.48 -0.48 7.09 0 0 0 477 493
f1w_184 f0_232 f0_924 1.43 -1.43 5.89 0 0 0 453 461
f1w_186 f0_827 f0_944 2.13 -2.13 6.88 0 0 0 466 474
f1w_187 f0_531 f0_687 0.95 -0.95 8.17 0 0 0 456 468
f1w_188 f0_584 f0_762 1.36 -1.36 8.84 0 0 0 462 477
f1w_190 f0_940 f0_969 -0.59 0.59 8.17 0 0 0 484 460
f1w_195 f0_743 f0_843 -0.32 0.32 9.56 0 0 0 436 440
f1w_196 f0_380 f0_566 -2.27 2.27 6.65 0 0 0 482 472
f1w_197 f0_286 f0_539 1.65 -1.65 7.99 0 0 0 451 470
f1w_198 f0_695 f0_940 -1.66 1.66 9 0 0 0 466 473
f1w_199 f0_341 f0_843 1.04 -1.04 7.96 0 0 0 486 450
f1w_200 f0_708 f0_872 -1.93 1.93 8.72 0 0 0 472 477
f1w_201 f0_660 f0_820 -0.96 0.96 7.32 0 0 0 444 438
f1w_202 f0_268 f0_269 -2.08 2.08 8.25 0 0 0 458 462
f1w_203 f0_375 f0_511 2.49 -2.49 9.61 0 0 0 477 477
f1w_205 f0_786 f0_878 0.86 -0.86 6.61 0 0 0 443 473
f1w_206 f0_213 f0_388 -0.83 0.83 10.44 0 0 0 453 458
f1w_207 f0_399 f0_824 -0.27 0.27 8.14 0 0 0 470 464
f1w_208 f0_680 f0_780 -1.27 1.27 7.32 0 0 0 466 483
f1w_211 f0_557 f0_885 4.13 -4.13 8 0 0 0 454 452
f1w_212 f0_269 f0_633 2.48 -2.48 7.2 0 0 0 483 473
f1w_213 f0_616 f0_868 -1.82 1.82 6.62 0 0 0 457 450
f1w_214 f0_583 f0_669 -1.15 1.15 8.69 0 0 0 469 483
f1w_215 f0_286 f0_348 -0.33 0.33 9.1 0 0 0 453 463
f1w_216 f0_657 f0_838 -0.42 0.42 10.76 0 0 0 480 484
f1w_217 f0_500 f0_626 1.4 -1.4 8.18 0 0 0 460 495
f1w_219 f0_542 f0_853 -0.59 0.59 8.55 0 0 0 453 456
f1w_220 f0_600 f0_872 -0.7 0.7 8.19 0 0 0 443 463
f1w_223 f0_622 f0_969 0.4 -0.4 9.06 0 0 0 473 475
f1w_224 f0_287 f0_382 -0.77 0.77 7.93 0 0 0 452 465
f1w_225 f0_235 f0_863 0.16 -0.16 9.15 0 0 0 455 455
f1w_226 f0_686 f0_713 -3.77 3.77 7.18 0 0 0 451 459
f1w_226 f0_686 f2_490 -4.65 3.5 0.07 0 0 3 451 465
f1w_228 f0_628 f0_897 1.83 -1.83 8.99 0 0 0 431 455
f1w_231 f0_358 f0_714 0.42 -0.42 8.98 0 0 0 470 457
f1w_232 f0_243 f0_375 -0.17 0.17 10.01 0 0 0 439 459
f1w_234 f0_480 f0_520 -2.47 2.47 9.68 0 0 0 486 483
f1w_236 f0_832 f0_848 -0.93 0.93 6.9 0 0 0 487 467
f1w_237 f0_519 f0_906 -0.48 0.48 8.57 0 0 0 442 475
f1w_238 f0_492 f0_947 0.37 -0.37 8.45 0 0 0 444 448
f1w_240 f0_470 f0_980 -0.48 0.48 8.52 0 0 0 452 439
f1w_241 f0_762 f0_989 -1.43 1.43 9.41 0 0 0 483 447
f1w_243 f0_231 f0_538 0.49 -0.49 9.58 0 0 0 468 469
f1w_244 f0_206 f0_829 -0.54 0.54 10.19 0 0 0 467 458
f1w_245 f0_234 f0_575 -1.9 1.9 8.31 0 0 0 466 473
f1w_246 f0_946 f0_951 0.07 -0.07 8.56 0 0 0 488 482
f1w_247 f0_725 f0_891 0.45 -0.45 8.55 0 0 0 479 441
f1w_250 f0_371 f0_980 2.52 -2.52 8.54 0 0 0 471 463
f1w_252 f0_277 f0_769 0.73 -0.73 9.16 0 0 0 442 451
f1w_254 f0_205 f0_862 -0.99 0.99 8.89 0 0 0 464 455
f1w_255 f0_944 f0_950 -2.73 2.73 7.05 0 0 0 496 475
f1w_256 f0_393 f0_962 2.03 -2.03 7.47 0 0 0 452 458
f1w_257 f0_404 f0_867 1.62 -1.62 8.84 0 0 0 443 458
f1w_259 f0_210 f0_525 2.99 -2.99 8.7 0 0 0 452 471
f1w_263 f0_566 f0_787 1.04 -1.04 7.29 0 0 0 476 476
f1w_266 f0_287 f0_482 -1.43 1.43 10.55 0 0 0 451 445
f1w_267 f0_565 f0_884 -4.14 4.14 7.67 0 0 0 461 469
f1w_269 f0_369 f0_427 -1.39 1.39 6.92 0 0 0 466 460
f1w_270 f0_279 f0_616 -0.66 0.66 10.21 0 0 0 496 483
f1w_271 f0_600 f0_776 2.64 -2.64 7.62 0 0 0 452 466
f1w_272 f0_558 f0_676 -0.6 0.6 7.76 0 0 0 448 461
f1w_273 f0_657 f0_848 2.56 -2.56 8.17 0 0 0 468 466
f1w_274 f0_209 f0_611 -2.07 2.07 7.83 0 0 0 464 457
f1w_276 f0_477 f0_772 4.83 -4.83 8.7 0 0 0 464 459
f1w_277 f0_512 f0_718 -3.66 3.66 8.4 0 0 0 463 481
f1w_279 f0_341 f0_696 -0.14 0.14 7.94 0 0 0 472 469
f1w_280 f0_295 f0_944 -1.54 1.54 7.53 0 0 0 479 479
f1w_281 f0_609 f0_782 -0.11 0.11 6.45 0 0 0 443 437
f1w_282 f0_314 f0_879 -0.91 0.91 8.82 0 0 0 455 457
f1w_286 f0_243 f0_473 1.83 -1.83 9.2 0 0 0 450 477
f1w_287 f0_734 f0_1000 0.36 -0.36 8.23 0 0 0 439 446
f1w_288 f0_628 f0_701 -1.37 1.37 8.42 0 0 0 416 424
f1w_289 f0_660 f0_756 -4.32 4.32 7.92 0 0 0 465 449
f1w_290 f0_246 f0_784 0.47 -0.47 9.46 0 0 0 458 467
f1w_291 f0_553 f0_709 3.54 -3.54 8.91 0 0 0 442 468
f1w_292 f0_626 f0_801 1.41 -1.41 8.02 0 0 0 480 451
f1w_294 f0_708 f0_933 -2.99 2.99 9.28 0 0 0 472 480
f1w_295 f0_243 f0_848 1.59 -1.59 7.89 0 0 0 445 450
f1w_297 f0_557 f0_930 -2.2 2.2 7.21 0 0 0 454 439
f1w_299 f0_392 f0_495 -3.25 3.25 8.44 0 0 0 485 473
f1w_301 f0_626 f0_822 0.5 -0.5 8.65 0 0 0 487 451
f1w_303 f0_786 f0_873 2.31 -2.31 7.27 0 0 0 462 470
f1w_305 f0_510 f0_644 -1.89 1.89 9.06 0 0 0 478 481
f1w_308 f0_582 f0_731 0.64 -0.64 7.74 0 0 0 458 448
f1w_314 f0_559 f0_841 -0.12 0.12 8.33 0 0 0 462 489
f1w_316 f0_274 f0_771 -2.14 2.14 8.58 0 0 0 470 457
f1w_318 f0_644 f0_761 -0.08 0.08 10.76 0 0 0 480 446
f1w_320 f0_604 f0_910 -0.16 0.16 7.89 0 0 0 447 447
f1w_321 f0_364 f0_903 -2.44 2.44 9.26 0 0 0 467 470
f1w_323 f0_291 f0_444 3.38 -3.38 8.78 0 0 0 435 446
f1w_324 f0_695 f0_779 3.67 -3.67 7.73 0 0 0 459 468
f1w_325 f0_614 f0_779 -1.36 1.36 8.9 0 0 0 447 458
f1w_326 f0_213 f0_794 -1.93 1.93 8.35 0 0 0 456 454
f1w_327 f0_236 f0_911 0.4 -0.4 9.78 0 0 0 483 487
f1w_329 f0_345 f0_532 0.19 -0.19 8.59 0 0 0 477 467
f1w_331 f0_513 f0_640 1.02 -1.02 7.79 0 0 0 458 460
f1w_332 f0_598 f0_823 -1.19 1.19 8.82 0 0 0 462 454
f1w_333 f0_455 f0_952 -3.12 3.12 9.1 0 0 0 472 457
f1w_335 f0_518 f0_832 -1.28 1.28 8.6 0 0 0 434 461
f1w_336 f0_235 f0_299 -3.41 3.41 6.09 0 0 0 446 427
f1w_339 f0_642 f0_700 0.67 -0.67 8.31 0 0 0 455 453
f1w_340 f0_564 f0_887 -0.97 0.97 7.43 0 0 0 467 437
f1w_341 f0_385 f0_965 1 -1 7.86 0 0 0 462 442
f1w_342 f0_499 f0_594 -1.49 1.49 9.39 0 0 0 461 460
f1w_343 f0_459 f0_886 -0.17 0.17 10.19 0 0 0 465 450
f1w_345 f0_439 f0_805 -0.29 0.29 9.83 0 0 0 452 445
f1w_348 f0_312 f0_810 0.09 -0.09 8.94 0 0 0 456 456
f1w_348 f0_312 f2_114 0.48 -0.48 -0.37 0 0 3 456 441
f1w_350 f0_537 f0_922 -0.09 0.09 10.33 0 0 0 463 472
f1w_354 f0_696 f0_965 -0.62 0.62 9.25 0 0 0 493 465
f1w_355 f0_538 f0_840 1.82 -1.82 9.9 0 0 0 479 465
f1w_356 f0_295 f0_547 0.4 -0.4 9.16 0 0 0 466 475
f1w_358 f0_278 f0_601 1.3 -1.3 8.74 0 0 0 461 477
f1w_359 f0_208 f0_302 -1.57 1.57 7.6 0 0 0 454 470
f1w_360 f0_277 f0_278 2.76 -2.76 6.53 0 0 0 468 448
f1w_362 f0_439 f0_873 3.57 -3.57 8.55 0 0 0 471 477
f1w_363 f0_650 f0_692 -3.81 3.81 7.67 0 0 0 481 470
f1w_364 f0_290 f0_929 0.82 -0.82 8.98 0 0 0 462 470
f1w_367 f0_210 f0_262 -0.03 0.03 9.28 0 0 0 453 461
f1w_368 f0_426 f0_502 1.67 -1.67 9.64 0 0 0 464 471
f1w_370 f0_505 f0_842 0.75 -0.75 7.52 0 0 0 452 442
f1w_371 f0_645 f0_660 -0.5 0.5 9.51 0 0 0 486 478
f1w_372 f0_292 f0_977 0.07 -0.07 10.65 0 0 0 460 451
f1w_375 f0_422 f0_906 -0.02 0.02 8.28 0 0 0 463 469
f1w_379 f0_205 f0_532 -2.39 2.39 7.76 0 0 0 461 451
f1w_380 f0_371 f0_461 1.23 -1.23 8.1 0 0 0 478 445
f1w_384 f0_426 f0_913 0.77 -0.77 8.25 0 0 0 461 486
f1w_386 f0_210 f0_310 0.47 -0.47 10.15 0 0 0 457 450
f1w_390 f0_238 f0_528 -4.34 4.34 6.39 0 0 0 492 452
f1w_393 f0_419 f0_547 -0.16 0.16 9.61 0 0 0 453 481
f1w_395 f0_449 f0_986 0.79 -0.79 8.12 0 0 0 464 455
f1w_396 f0_772 f0_804 -0.39 0.39 9.77 0 0 0 467 482
f1w_398 f0_528 f0_685 -0.3 0.3 8.75 0 0 0 452 455
f1w_399 f0_666 f0_739 0.1 -0.1 10.57 0 0 0 472 461
f1w_401 f0_413 f0_800 -0.1 0.1 10.17 0 0 0 482 486
f1w_406 f0_248 f0_439 -1.7 1.7 9.87 0 0 0 490 480
f1w_407 f0_519 f0_620 3.92 -3.92 7.06 0 0 0 452 439
f1w_408 f0_537 f0_582 1.93 -1.93 7.84 0 0 0 448 472
f1w_409 f0_310 f0_687 1.51 -1.51 6.77 0 0 0 464 462
f1w_410 f0_663 f0_823 -0.14 0.14 8.75 0 0 0 452 458
f1w_414 f0_358 f0_666 3.82 -3.82 7.34 0 0 0 456 474
f1w_415 f0_581 f0_913 -1.01 1.01 8.75 0 0 0 470 478
f1w_416 f0_370 f0_641 2.61 -2.61 7.42 0 0 0 480 454
f1w_417 f0_518 f0_611 0.95 -0.95 8.46 0 0 0 431 451
f1w_418 f0_322 f0_646 -4.23 4.23 6.63 0 0 0 453 463
f1w_422 f0_670 f0_889 0.41 -0.41 6.98 0 0 0 453 445
f1w_424 f0_351 f0_966 -0.57 0.57 8.7 0 0 0 454 443
f1w_425 f0_281 f0_478 1.9 -1.9 7.46 0 0 0 460 449
f1w_426 f0_369 f0_671 -0.44 0.44 9.87 0 0 0 462 471
f1w_429 f0_458 f0_757 0.74 -0.74 9.11 0 0 0 444 471
f1w_432 f0_649 f0_848 1.98 -1.98 8.78 0 0 0 454 452
f1w_433 f0_450 f0_630 -0.16 0.16 8.27 0 0 0 455 444
f1w_435 f0_374 f0_566 -2.97 2.97 7.06 0 0 0 476 471
f1w_437 f0_565 f0_861 -1.57 1.57 8.41 0 0 0 448 449
f1w_438 f0_434 f0_984 0.91 -0.91 8.99 0 0 0 467 464
f1w_440 f0_601 f0_826 -2.47 2.47 8.45 0 0 0 457 467
f1w_442 f0_262 f0_889 -3.31 3.31 6.88 0 0 0 475 450
f1w_443 f0_392 f0_441 -0.76 0.76 9.09 0 0 0 480 485
f1w_444 f0_526 f0_630 0.34 -0.34 9.61 0 0 0 460 452
f1w_445 f0_740 f0_850 -1.99 1.99 8.84 0 0 0 456 483
f1w_449 f0_581 f0_655 -0.18 0.18 9.92 0 0 0 467 473
f1w_450 f0_437 f0_743 -0.64 0.64 8.45 0 0 0 453 459
f1w_453 f0_541 f0_814 -2.66 2.66 7.69 0 0 0 472 468
f1w_455 f0_518 f0_538 0.25 -0.25 10.16 0 0 0 458 476
f1w_457 f0_352 f0_791 -3.61 3.61 6.52 0 0 0 436 449
f1w_458 f0_208 f0_425 -0.22 0.22 9.4 0 0 0 461 442
f1w_459 f0_534 f0_918 -1.04 1.04 7.97 0 0 0 432 457
f1w_460 f0_754 f0_992 1.25 -1.25 9.03 0 0 0 455 456
f1w_462 f0_878 f0_900 1.08 -1.08 7.85 0 0 0 462 457
f1w_463 f0_762 f0_814 1.4 -1.4 10.51 0 0 0 487 486
f1w_466 f0_521 f0_550 -0.46 0.46 8.54 0 0 0 451 456
f1w_470 f0_414 f0_794 -3.32 3.32 7.55 0 0 0 456 433
f1w_471 f0_231 f0_362 -1.23 1.23 9.12 0 0 0 456 443
f1w_472 f0_539 f0_611 -3.22 3.22 6.43 0 0 0 459 460
f1w_473 f0_636 f0_777 0.32 -0.32 9.44 0 0 0 466 460
f1w_474 f0_456 f0_921 -0.21 0.21 8.37 0 0 0 447 462
f1w_476 f0_233 f0_268 2.81 -2.81 7.34 0 0 0 459 459
f1w_477 f0_354 f0_411 -0.01 0.01 7.95 0 0 0 460 461
f1w_478 f0_674 f0_721 -1.06 1.06 8.58 0 0 0 473 451
f1w_479 f0_612 f0_844 -3.09 3.09 7.45 0 0 0 437 455
f1w_481 f0_217 f0_699 -3.14 3.14 6.7 0 0 0 470 450
f1w_486 f0_532 f0_797 0.96 -0.96 7.59 0 0 0 458 465
f1w_488 f0_390 f0_948 -0.65 0.65 8.43 0 0 0 491 476
f1w_490 f0_384 f0_526 2.45 -2.45 8.32 0 0 0 450 453
f1w_491 f0_233 f0_961 1.07 -1.07 8.48 0 0 0 462 456
f1w_494 f0_255 f0_390 1.6 -1.6 9.66 0 0 0 447 471
f1w_495 f0_545 f0_917 0.58 -0.58 7.65 0 0 0 461 489
f1w_497 f0_373 f0_381 0.04 -0.04 11.23 0 0 0 477 476
f1w_497 f2_112 f2_356 -6.5 6.41 -0.5 0 0 3 487 441
f1w_498 f0_261 f0_463 -0.61 0.61 10.5 0 0 0 483 469
f1w_500 f0_227 f0_777 -0.39 0.39 8.19 0 0 0 452 436
f2_1 f1h_285 f1w_77 1.3 -1.3 7.26 0 0 0 450 448
f2_5 f1h_135 f1h_136 5.57 -5.57 8.11 0 0 0 454 470
f2_6 f1h_5 f1h_74 0.71 -0.71 9.06 0 0 0 470 458
f2_7 f1w_340 f1w_359 1.11 -1.11 9.3 0 0 0 456 478
f2_8 f1h_268 f1h_451 0.89 -0.89 8.39 0 0 0 457 472
f2_9 f1h_345 f1w_268 0.28 -0.28 9.77 0 0 0 455 472
f2_11 f1h_348 f1w_371 0.51 -0.51 9.99 0 0 0 481 487
f2_14 f1w_56 f1w_348 0.07 -0.07 8.51 0 0 0 452 441
f2_17 f1h_247 f1w_29 2.14 -2.14 5.41 0 0 0 459 474
f2_22 f1h_77 f1w_4 0.17 -0.17 10.38 0 0 0 477 481
f2_23 f1h_53 f1h_458 -1.91 1.91 7.63 0 0 0 444 457
f2_24 f1w_184 f1w_226 -0.33 0.33 8.74 0 0 0 470 472
f2_25 f1h_135 f1h_455 0.93 -0.93 8.42 0 0 0 472 475
f2_28 f1h_273 f1w_387 1.95 -1.95 9.62 0 0 0 489 474
f2_29 f1h_148 f1w_461 -2.16 2.16 8.27 0 0 0 465 459
f2_32 f1h_309 f1w_290 -2 2 6.59 0 0 0 471 462
f2_34 f1w_50 f1w_288 -2.97 2.97 6.27 0 0 0 460 442
f2_36 f1h_175 f1w_26 3.28 -3.28 9.03 0 0 0 478 478
f2_39 f1h_177 f1w_437 2.76 -2.76 8.09 0 0 0 470 457
f2_40 f1h_389 f1w_323 5.11 -5.11 6.78 0 0 0 449 457
f2_41 f1h_104 f1h_353 3.45 -3.45 5.43 0 0 0 480 467
f2_43 f1h_140 f1w_448 0.55 -0.55 9.26 0 0 0 471 448
f2_47 f1w_379 f1w_392 0.77 -0.77 8.31 0 0 0 455 469
f2_49 f1h_472 f1w_242 -2.25 2.25 7.03 0 0 0 442 461
f2_51 f1h_16 f1w_399 0.39 -0.39 7.97 0 0 0 475 478
f2_52 f1h_424 f1w_399 -0.27 0.27 6.56 0 0 0 467 476
f2_54 f1h_186 f1w_301 0.24 -0.24 8.46 0 0 0 481 464
f2_56 f1w_291 f1w_430 -3.86 3.86 6.55 0 0 0 468 463
f2_60 f1w_408 f1w_491 1.19 -1.19 8.35 0 0 0 463 445
f2_62 f1h_88 f1h_332 0.9 -0.9 9.72 0 0 0 469 459
f2_63 f1h_303 f1w_284 0.95 -0.95 7.97 0 0 0 466 480
f2_66 f1h_12 f1h_326 1.56 -1.56 9.2 0 0 0 444 450
f2_67 f1h_49 f1h_356 2.85 -2.85 9.54 0 0 0 460 474
f2_68 f1w_147 f1w_152 2.3 -2.3 7.74 0 0 0 473 490
f2_70 f1h_184 f1h_210 -0.23 0.23 8.63 0 0 0 460 442
f2_71 f1h_224 f1h_423 -0.27 0.27 9.02 0 0 0 439 435
f2_74 f1w_305 f1w_498 2.48 -2.48 7.1 0 0 0 461 462
f2_75 f1h_53 f1h_401 -3.15 3.15 6.58 0 0 0 462 455
f2_77 f1w_32 f1w_187 0.3 -0.3 8.42 0 0 0 454 479
f2_79 f1h_215 f1w_376 0.37 -0.37 9.96 0 0 0 484 477
f2_81 f1h_329 f1w_237 0.28 -0.28 9.97 0 0 0 488 468
f2_82 f1h_114 f1w_311 -1.61 1.61 7.77 0 0 0 462 481
f2_83 f1h_335 f1w_50 1.75 -1.75 9.03 0 0 0 491 464
f2_88 f1h_226 f1h_269 -2.3 2.3 8.02 0 0 0 454 446
f2_90 f1h_417 f1w_151 0.23 -0.23 10.19 0 0 0 441 455
f2_93 f1w_142 f1w_463 -0.27 0.27 9.45 0 0 0 457 459
f2_95 f1h_116 f1w_485 -1.86 1.86 8.5 0 0 0 454 443
f2_97 f1h_72 f1h_417 1.42 -1.42 9.63 0 0 0 462 444
f2_100 f1w_132 f1w_206 -1.22 1.22 9.22 0 0 0 480 458
f2_101 f1w_212 f1w_391 -0.78 0.78 9.23 0 0 0 469 471
f2_102 f1h_87 f1h_358 -1.09 1.09 9.65 0 0 0 456 448
f2_105 f1h_186 f1w_279 0.34 -0.34 8.88 0 0 0 485 458
f2_106 f1h_177 f1h_300 0.08 -0.08 8.4 0 0 0 468 468
f2_107 f1h_91 f1w_95 -0.16 0.16 10.18 0 0 0 470 460
f2_109 f1w_35 f1w_190 1.27 -1.27 9.58 0 0 0 462 479
f2_110 f1h_6 f1h_98 -2.11 2.11 9.42 0 0 0 484 479
f2_111 f1h_274 f1w_220 1.25 -1.25 9.03 0 0 0 477 485
f2_112 f1w_313 f1w_497 4.7 -4.7 7.56 0 0 0 451 487
f2_113 f1w_6 f1w_92 0.23 -0.23 8.94 0 0 0 476 448
f2_114 f1h_397 f1w_348 1.12 -1.12 10.04 0 0 0 465 441
f2_115 f1h_242 f1w_294 2.58 -2.58 7.19 0 0 0 445 452
f2_117 f1h_177 f1h_463 2.23 -2.23 7.05 0 0 0 468 471
f2_118 f1h_140 f1w_188 0.04 -0.04 8.67 0 0 0 453 442
f2_120 f1h_128 f1h_469 1.8 -1.8 8.48 0 0 0 459 445
f2_121 f1h_87 f1h_407 -0.96 0.96 9.23 0 0 0 443 455
f2_123 f1h_199 f1h_246 -0.62 0.62 9.03 0 0 0 454 477
f2_124 f1h_314 f1w_464 0.02 -0.02 9.4 0 0 0 456 445
f2_126 f1h_74 f1h_100 -0.01 0.01 9.62 0 0 0 452 472
f2_131 f1w_73 f1w_168 1.19 -1.19 7.97 0 0 0 467 473
f2_132 f1w_373 f1w_397 -1.59 1.59 8.18 0 0 0 455 452
f2_135 f1h_338 f1w_333 -1.78 1.78 8.52 0 0 0 486 476
f2_136 f1h_75 f1h_280 -1.57 1.57 10.37 0 0 0 481 481
f2_137 f1h_131 f1h_283 -0.89 0.89 6.96 0 0 0 458 477
f2_138 f1w_108 f1w_318 -0.39 0.39 7.88 0 0 0 436 445
f2_140 f1w_47 f1w_343 -0.6 0.6 10.19 0 0 0 473 461
f2_141 f1h_342 f1w_332 -0.86 0.86 7.5 0 0 0 452 463
f2_142 f1h_78 f1w_403 0.52 -0.52 8.35 0 0 0 477 480
f2_145 f1h_356 f1w_357 -1.34 1.34 8.55 0 0 0 471 462
f2_146 f1w_401 f1w_441 1.22 -1.22 8.32 0 0 0 496 474
f2_150 f1h_275 f1w_441 -0.84 0.84 10.58 0 0 0 489 464
f2_153 f1h_358 f1w_26 1.23 -1.23 8.67 0 0 0 462 464
f2_155 f1h_131 f1w_129 -0.48 0.48 8.91 0 0 0 447 441
f2_156 f1h_118 f1h_262 -3.67 3.67 6.08 0 0 0 452 469
f2_159 f1h_98 f1h_246 -3.16 3.16 7.38 0 0 0 459 463
f2_163 f1h_244 f1w_92 0.33 -0.33 8.26 0 0 0 457 445
f2_166 f1h_68 f1h_427 0.74 -0.74 8.19 0 0 0 445 456
f2_168 f1h_319 f1h_331 2.64 -2.64 7.47 0 0 0 452 478
f2_173 f1h_334 f1h_389 1.35 -1.35 8.23 0 0 0 471 462
f2_174 f1h_420 f1w_150 1.91 -1.91 7.11 0 0 0 463 479
f2_183 f1h_301 f1w_490 0.61 -0.61 8.69 0 0 0 441 440
f2_184 f1w_32 f1w_481 -0.37 0.37 9.87 0 0 0 470 470
f2_186 f1h_8 f1w_296 -0.34 0.34 7.35 0 0 0 438 462
f2_187 f1h_322 f1w_231 -0.2 0.2 8.07 0 0 0 483 463
f2_190 f1h_185 f1h_275 1.84 -1.84 14.54 0 0 0 485 493
f2_191 f1h_356 f1w_26 0.46 -0.46 9.22 0 0 0 498 496
f2_192 f1h_6 f1h_424 -1.08 1.08 7.35 0 0 0 451 450
f2_195 f1w_208 f1w_216 -0.25 0.25 10.31 0 0 0 487 476
f2_196 f1h_118 f1h_348 -1.45 1.45 6.61 0 0 0 450 474
f2_197 f1h_48 f1w_130 -0.03 0.03 9 0 0 0 488 481
f2_198 f1h_185 f1w_377 0.27 -0.27 9.31 0 0 0 475 462
f2_199 f1h_269 f1w_144 2.51 -2.51 8.82 0 0 0 452 489
f2_202 f1h_339 f1w_348 -2.03 2.03 7.85 0 0 0 461 450
f2_203 f1h_149 f1w_320 -0.82 0.82 7.7 0 0 0 459 444
f2_206 f1h_33 f1h_460 2.33 -2.33 8.59 0 0 0 483 484
f2_208 f1h_159 f1h_183 3.44 -3.44 7.69 0 0 0 443 443
f2_210 f1h_323 f1w_147 -0.3 0.3 8.3 0 0 0 463 453
f2_213 f1h_253 f1w_281 -2.77 2.77 7.67 0 0 0 444 442
f2_215 f1h_52 f1h_325 0.85 -0.85 8.1 0 0 0 466 461
f2_220 f1w_284 f1w_453 2.67 -2.67 8.54 0 0 0 480 459
f2_221 f1w_107 f1w_420 -0.19 0.19 8.55 0 0 0 465 457
f2_224 f1h_273 f1w_395 -1.25 1.25 8.51 0 0 0 470 447
f2_225 f1h_93 f1h_496 0.26 -0.26 9.45 0 0 0 470 484
f2_226 f1w_176 f1w_268 -1.88 1.88 7.98 0 0 0 455 462
f2_227 f1h_425 f1w_216 1.78 -1.78 7.78 0 0 0 464 477
f2_228 f1w_298 f1w_347 1.3 -1.3 7.78 0 0 0 449 451
f2_229 f1h_40 f1h_434 -1.15 1.15 8.95 0 0 0 474 486
f2_230 f1h_155 f1w_126 -3.29 3.29 6.31 0 0 0 448 437
f2_232 f1h_75 f1w_126 -0.27 0.27 9.01 0 0 0 468 450
f2_233 f1h_39 f1w_196 0.72 -0.72 9.02 0 0 0 442 470
f2_234 f1h_269 f1h_309 2.05 -2.05 10.12 0 0 0 459 466
f2_236 f1w_6 f1w_187 0.97 -0.97 8.68 0 0 0 467 464
f2_238 f1h_319 f1w_173 -0.7 0.7 9.72 0 0 0 462 506
f2_239 f1h_74 f1h_402 0.37 -0.37 8.05 0 0 0 463 476
f2_241 f1h_303 f1w_119 0.57 -0.57 9.27 0 0 0 475 469
f2_245 f1h_159 f1w_467 -1.37 1.37 6.89 0 0 0 447 486
f2_246 f1h_241 f1w_472 0.55 -0.55 8.55 0 0 0 449 471
f2_249 f1h_442 f1w_406 3.74 -3.74 7.75 0 0 0 481 480
f2_250 f1h_334 f1w_76 3.75 -3.75 7 0 0 0 431 444
f2_251 f1h_22 f1h_241 -1.25 1.25 8.49 0 0 0 469 450
f2_252 f1h_317 f1w_4 0.37 -0.37 10.03 0 0 0 453 455
f2_254 f1h_209 f1w_345 3.7 -3.7 7.05 0 0 0 443 448
f2_255 f1w_288 f1w_497 0.65 -0.65 9.96 0 0 0 457 484
f2_256 f1h_77 f1h_154 -0.65 0.65 9.07 0 0 0 472 466
f2_259 f1w_38 f1w_76 0.85 -0.85 8.43 0 0 0 424 459
f2_261 f1h_49 f1w_429 0.33 -0.33 7.07 0 0 0 493 480
f2_262 f1h_342 f1h_432 4.26 -4.26 8.79 0 0 0 471 479
f2_263 f1h_302 f1w_77 2.37 -2.37 8.42 0 0 0 475 468
f2_264 f1h_247 f1w_215 2.02 -2.02 7.6 0 0 0 478 476
f2_266 f1h_473 f1w_330 1.55 -1.55 6.78 0 0 0 471 477
f2_270 f1w_307 f1w_459 -0.4 0.4 8.91 0 0 0 477 451
f2_271 f1h_13 f1w_345 0.1 -0.1 9.94 0 0 0 454 451
f2_272 f1h_484 f1w_287 -0.56 0.56 10.01 0 0 0 462 446
f2_274 f1h_492 f1w_28 1.81 -1.81 8.83 0 0 0 470 476
f2_275 f1h_45 f1h_76 -1.06 1.06 9.96 0 0 0 466 447
f2_276 f1h_200 f1w_140 1.21 -1.21 8.01 0 0 0 471 470
f2_277 f1h_215 f1w_497 0.61 -0.61 7.51 0 0 0 446 453
f2_278 f1h_269 f1w_417 0.02 -0.02 8.48 0 0 0 433 449
f2_279 f1h_348 f1w_427 1.52 -1.52 9.34 0 0 0 472 473
f2_280 f1w_177 f1w_214 0.88 -0.88 7.91 0 0 0 458 470
f2_282 f1h_8 f1w_217 0.24 -0.24 10.13 0 0 0 465 476
f2_285 f1h_184 f1w_240 1.37 -1.37 9.22 0 0 0 461 467
f2_286 f1h_321 f1w_427 -1.43 1.43 9.12 0 0 0 466 463
f2_287 f1h_310 f1h_380 -3.61 3.61 7.85 0 0 0 477 462
f2_291 f1h_133 f1w_103 -2.8 2.8 7.96 0 0 0 461 491
f2_292 f1h_479 f1w_466 2.01 -2.01 8.93 0 0 0 452 445
f2_293 f1h_140 f1w_50 1.04 -1.04 8.74 0 0 0 475 459
f2_294 f1w_135 f1w_362 0.04 -0.04 11.02 0 0 0 468 482
f2_296 f1h_326 f1h_447 -1.33 1.33 7.99 0 0 0 458 465
f2_297 f1h_477 f1w_132 -0.83 0.83 8.38 0 0 0 468 477
f2_298 f1h_105 f1h_134 0.45 -0.45 9.42 0 0 0 457 474
f2_300 f1h_4 f1h_346 1.44 -1.44 7.02 0 0 0 445 477
f2_303 f1h_270 f1w_168 1.92 -1.92 6.91 0 0 0 482 460
f2_304 f1w_31 f1w_207 1.06 -1.06 10.14 0 0 0 470 476
f2_309 f1w_321 f1w_454 0.91 -0.91 8.84 0 0 0 480 436
f2_311 f1h_5 f1w_343 -0.86 0.86 8.4 0 0 0 447 437
f2_312 f1w_44 f1w_410 -2.76 2.76 6.77 0 0 0 476 465
f2_313 f1h_292 f1w_315 1.04 -1.04 7.24 0 0 0 470 460
f2_314 f1h_480 f1w_167 1.74 -1.74 7.23 0 0 0 467 459
f2_315 f1h_124 f1h_470 -0.67 0.67 8.33 0 0 0 467 474
f2_316 f1h_245 f1w_444 -1.37 1.37 7.63 0 0 0 487 457
f2_317 f1h_306 f1w_445 -4.68 4.68 7.86 0 0 0 466 467
f2_320 f1w_139 f1w_379 0.24 -0.24 9.73 0 0 0 449 464
f2_322 f1w_142 f1w_310 0.54 -0.54 10.36 0 0 0 465 454
f2_323 f1h_396 f1w_42 2.42 -2.42 7.93 0 0 0 438 444
f2_324 f1h_417 f1h_432 0.99 -0.99 9.22 0 0 0 455 474
f2_326 f1w_225 f1w_417 -1.87 1.87 9 0 0 0 465 462
f2_327 f1h_127 f1w_100 -2.2 2.2 8.06 0 0 0 469 461
f2_330 f1w_125 f1w_488 1.85 -1.85 6.96 0 0 0 446 468
f2_332 f1h_30 f1w_398 -1 1 9.35 0 0 0 467 455
f2_333 f1h_62 f1h_329 2.35 -2.35 7.31 0 0 0 461 463
f2_334 f1h_203 f1w_109 -2.6 2.6 6.68 0 0 0 455 462
f2_337 f1h_275 f1w_238 -2.9 2.9 7.8 0 0 0 470 443
f2_342 f1w_154 f1w_442 -1.3 1.3 7.33 0 0 0 458 462
f2_347 f1h_251 f1w_179 0.72 -0.72 9.94 0 0 0 434 459
f2_348 f1h_97 f1w_478 -2.35 2.35 10.44 0 0 0 462 459
f2_349 f1h_449 f1w_377 -0.02 0.02 8.86 0 0 0 447 452
f2_351 f1w_169 f1w_232 1.38 -1.38 8.25 0 0 0 459 462
f2_356 f1w_116 f1w_497 -0.53 0.53 9.89 0 0 0 463 441
f2_359 f1h_248 f1w_253 -1.35 1.35 9.66 0 0 0 453 472
f2_361 f1h_420 f1w_404 1.77 -1.77 8.44 0 0 0 457 456
f2_363 f1h_382 f1w_335 1.91 -1.91 7.84 0 0 0 462 454
f2_364 f1w_25 f1w_111 3.51 -3.51 8.41 0 0 0 467 464
f2_366 f1h_111 f1w_147 -2.04 2.04 7.1 0 0 0 430 453
f2_368 f1h_267 f1w_316 -0.99 0.99 7.77 0 0 0 452 468
f2_369 f1h_161 f1w_455 1.37 -1.37 8.6 0 0 0 460 469
f2_371 f1w_276 f1w_388 -1.78 1.78 10.19 0 0 0 486 489
f2_373 f1h_167 f1w_376 0.09 -0.09 9.58 0 0 0 463 456
f2_378 f1h_303 f1w_462 3.03 -3.03 7.55 0 0 0 466 453
f2_382 f1h_70 f1w_121 -0.57 0.57 8.31 0 0 0 445 430
f2_383 f1h_212 f1h_324 1.84 -1.84 7.26 0 0 0 463 457
f2_385 f1h_16 f1w_325 0.27 -0.27 9.71 0 0 0 483 462
f2_390 f1h_41 f1w_266 -0.32 0.32 9.58 0 0 0 464 459
f2_391 f1h_205 f1w_247 0.52 -0.52 10.51 0 0 0 445 463
f2_392 f1h_367 f1w_478 0.01 -0.01 9.95 0 0 0 433 456
f2_393 f1h_334 f1w_135 2.05 -2.05 9.87 0 0 0 467 485
f2_394 f1h_369 f1w_173 -0.59 0.59 7.38 0 0 0 450 468
f2_396 f1w_69 f1w_276 -2.17 2.17 7.44 0 0 0 465 464
f2_397 f1h_241 f1w_78 -0.12 0.12 9.25 0 0 0 463 474
f2_399 f1h_261 f1w_481 0.13 -0.13 7.91 0 0 0 476 457
f2_400 f1h_134 f1h_492 -4.92 4.92 7.12 0 0 0 475 474
f2_401 f1h_82 f1h_244 2.52 -2.52 8.55 0 0 0 463 465
f2_404 f1h_88 f1w_5 0.62 -0.62 9.17 0 0 0 451 460
f2_405 f1h_417 f1h_471 -1.17 1.17 7.96 0 0 0 451 469
f2_406 f1h_324 f1w_115 1.27 -1.27 7.48 0 0 0 468 454
f2_407 f1h_389 f1w_394 -0.97 0.97 8.61 0 0 0 457 462
f2_408 f1h_41 f1w_458 1.07 -1.07 9.56 0 0 0 488 487
f2_409 f1h_3 f1w_121 -1.79 1.79 8.58 0 0 0 472 452
f2_411 f1h_400 f1h_498 0.36 -0.36 8.85 0 0 0 490 466
f2_413 f1h_102 f1w_98 1.37 -1.37 9.64 0 0 0 462 463
f2_414 f1h_32 f1h_160 2.36 -2.36 7.46 0 0 0 465 458
f2_415 f1h_246 f1w_45 -0.16 0.16 8.29 0 0 0 484 476
f2_417 f1w_100 f1w_190 -1.95 1.95 7.92 0 0 0 467 475
f2_418 f1h_232 f1w_311 0.51 -0.51 8.79 0 0 0 468 487
f2_419 f1h_343 f1h_408 1.81 -1.81 7.36 0 0 0 439 460
f2_420 f1h_113 f1h_347 0.89 -0.89 8.56 0 0 0 470 489
f2_421 f1h_108 f1w_484 -0.05 0.05 9.86 0 0 0 457 465
f2_423 f1w_160 f1w_320 -0.88 0.88 8.14 0 0 0 461 438
f2_425 f1h_239 f1w_4 1.56 -1.56 10.05 0 0 0 465 472
f2_426 f1w_113 f1w_296 -0.73 0.73 9.22 0 0 0 474 460
f2_432 f1w_59 f1w_122 0.64 -0.64 9.7 0 0 0 463 455
f2_433 f1h_30 f1h_288 1.58 -1.58 9.53 0 0 0 470 473
f2_437 f1w_15 f1w_470 3.19 -3.19 8.56 0 0 0 461 451
f2_447 f1h_41 f1h_360 -2.64 2.64 7.98 0 0 0 469 476
f2_448 f1h_48 f1w_255 -0.26 0.26 9.38 0 0 0 463 469
f2_451 f1h_154 f1w_267 1.52 -1.52 8.18 0 0 0 469 467
f2_452 f1h_441 f1w_75 -0.02 0.02 7.99 0 0 0 460 451
f2_454 f1w_155 f1w_195 -0.67 0.67 7.47 0 0 0 481 452
f2_457 f1h_195 f1h_419 0.81 -0.81 7.75 0 0 0 449 441
f2_459 f1w_254 f1w_364 1.56 -1.56 8.23 0 0 0 475 470
f2_461 f1h_161 f1w_29 -0.39 0.39 9.76 0 0 0 461 471
f2_462 f1h_166 f1w_150 -0.69 0.69 10.28 0 0 0 473 476
f2_464 f1h_42 f1w_213 -1.71 1.71 8.21 0 0 0 476 459
f2_465 f1h_183 f1h_221 -1.09 1.09 8.68 0 0 0 440 452
f2_473 f1h_227 f1h_492 1.49 -1.49 7.65 0 0 0 458 469
f2_476 f1h_24 f1h_483 3.96 -3.96 13.26 0 0 0 452 447
f2_478 f1h_52 f1w_211 0.13 -0.13 8.4 0 0 0 471 461
f2_479 f1h_404 f1w_497 -0.5 0.5 10.17 0 0 0 453 460
f2_480 f1w_39 f1w_191 -0.78 0.78 7.6 0 0 0 472 481
f2_482 f1h_285 f1w_367 -1.93 1.93 8.97 0 0 0 457 461
f2_483 f1h_88 f1w_41 -1.12 1.12 10.11 0 0 0 458 464
f2_484 f1h_171 f1h_216 -3.26 3.26 7.57 0 0 0 456 449
f2_485 f1h_380 f1w_441 1.14 -1.14 9.2 0 0 0 489 482
f2_490 f1w_226 f1w_373 -1.2 1.2 9.97 0 0 0 465 464
f2_491 f1h_189 f1w_209 -0.96 0.96 8.7 0 0 0 451 477
f2_492 f1h_489 f1w_323 -2.31 2.31 8.39 0 0 0 466 460
f2_494 f1w_48 f1w_270 -1.78 1.78 10.63 0 0 0 495 493
f2_495 f1h_429 f1w_70 -1.38 1.38 8.7 0 0 0 475 456
f2_497 f1h_171 f1w_398 1.67 -1.67 8.38 0 0 0 446 471
f2_498 f1h_358 f1w_457 -2.19 2.19 6.41 0 0 0 472 460
f2_499 f1w_121 f1w_226 0.76 -0.76 9.98 0 0 0 450 470
f2_502 f1h_449 f1w_339 1.74 -1.74 8.55 0 0 0 468 463
f2_504 f1h_182 f1w_49 3.32 -3.32 7.23 0 0 0 467 477
f2_506 f1h_197 f1w_151 0.92 -0.92 8.85 0 0 0 464 480
f2_509 f1h_271 f1w_267 -0.67 0.67 8.89 0 0 0 457 467
f2_510 f1h_91 f1w_371 0 0 10.65 0 0 0 463 476
f2_511 f1w_110 f1w_232 0.88 -0.88 7.59 0 0 0 455 449
f2_514 f1h_334 f1w_440 2.58 -2.58 8.06 0 0 0 472 455
f2_515 f1h_425 f1w_367 -2.39 2.39 7.86 0 0 0 461 454
f2_516 f1h_42 f1h_184 0.2 -0.2 9.27 0 0 0 470 461
f2_517 f1h_428 f1w_460 -3.4 3.4 6.08 0 0 0 455 447
f2_518 f1h_56 f1w_344 1.37 -1.37 8.06 0 0 0 456 447
f2_519 f1h_17 f1h_28 -1.18 1.18 7.91 0 0 0 455 459
f2_522 f1w_196 f1w_245 0.36 -0.36 9.46 0 0 0 460 460
f2_526 f1h_409 f1w_201 1.12 -1.12 9.48 0 0 0 479 448
f2_527 f1h_136 f1w_328 0.15 -0.15 8.5 0 0 0 467 464
f2_528 f1h_260 f1w_298 -1.31 1.31 7.03 0 0 0 447 457
f2_530 f1w_151 f1w_471 -2.64 2.64 8.95 0 0 0 472 455
f2_532 f1h_147 f1h_254 -0.84 0.84 8.41 0 0 0 477 470
f2_533 f1h_210 f1h_329 0.61 -0.61 8.2 0 0 0 442 464
f2_534 f1h_38 f1h_217 1.84 -1.84 10.11 0 0 0 449 477
f2_537 f1h_149 f1w_417 0.06 -0.06 8.79 0 0 0 472 471
f2_538 f1h_14 f1h_347 0.89 -0.89 7.86 0 0 0 474 477
f2_540 f1h_150 f1w_13 0.28 -0.28 9.07 0 0 0 466 471
f2_542 f1h_158 f1w_213 -1.07 1.07 8.62 0 0 0 477 448
f2_548 f1h_90 f1h_417 0.48 -0.48 7.54 0 0 0 440 438
f2_550 f1h_376 f1w_199 3.23 -3.23 7.5 0 0 0 460 454
f2_551 f1w_36 f1w_475 -0.04 0.04 9.9 0 0 0 455 475
f2_553 f1h_256 f1w_215 1.46 -1.46 8.5 0 0 0 457 461
f2_560 f1h_262 f1h_440 0.03 -0.03 8.91 0 0 0 465 451
f2_561 f1h_434 f1w_421 -0.54 0.54 8.5 0 0 0 466 476
f2_562 f1h_334 f1w_33 2.12 -2.12 8.59 0 0 0 462 460
f2_564 f1h_368 f1w_424 1.72 -1.72 9.07 0 0 0 470 449
f2_566 f1h_223 f1w_435 0.15 -0.15 8.47 0 0 0 474 489
f2_568 f1h_89 f1w_118 -2.36 2.36 8.03 0 0 0 468 465
f2_569 f1w_98 f1w_314 -2 2 7.02 0 0 0 470 475
f2_570 f1h_159 f1w_86 0.51 -0.51 8.59 0 0 0 458 468
f2_574 f1h_195 f1w_45 -1.52 1.52 9.23 0 0 0 465 472
f2_575 f1h_378 f1w_155 1.07 -1.07 6.59 0 0 0 478 479
f2_577 f1h_348 f1w_139 2.71 -2.71 7.67 0 0 0 467 473
f2_578 f1w_33 f1w_484 0.23 -0.23 9.05 0 0 0 483 484
f2_581 f1h_216 f1h_409 1.3 -1.3 9.33 0 0 0 443 486
f2_582 f1h_194 f1w_270 -0.44 0.44 7.95 0 0 0 454 463
f2_583 f1h_99 f1w_451 5.05 -5.05 6.12 0 0 0 475 484
f2_586 f1h_266 f1w_367 0.56 -0.56 9.58 0 0 0 473 464
f2_589 f1h_49 f1h_180 -0.44 0.44 7.87 0 0 0 467 471
f2_590 f1w_254 f1w_276 -1 1 7.68 0 0 0 482 480
f2_595 f1h_120 f1w_171 0.06 -0.06 8.69 0 0 0 458 459
f2_596 f1w_65 f1w_182 -1.44 1.44 6.93 0 0 0 460 454
f2_598 f1h_312 f1w_103 -0.49 0.49 10.08 0 0 0 449 463
f2_602 f1h_30 f1h_432 2.36 -2.36 7.36 0 0 0 469 470
f2_603 f1h_131 f1w_475 0.05 -0.05 10.09 0 0 0 447 468
f2_604 f1h_418 f1w_259 -0.25 0.25 11.2 0 0 0 452 453
f2_606 f1h_45 f1h_368 -0.26 0.26 9.8 0 0 0 491 465
f2_607 f1h_4 f1w_314 -3.33 3.33 8.63 0 0 0 451 484
f2_609 f1h_410 f1w_225 1.1 -1.1 10.5 0 0 0 465 454
f2_610 f1w_59 f1w_401 -2.53 2.53 7.59 0 0 0 452 466
f2_611 f1w_65 f1w_292 0.98 -0.98 8.5 0 0 0 471 440
f2_612 f1h_81 f1w_398 0.91 -0.91 8.87 0 0 0 477 474
f2_613 f1h_210 f1w_176 -0.32 0.32 8.61 0 0 0 446 447
f2_614 f1h_374 f1w_203 2.91 -2.91 8.21 0 0 0 451 485
f2_615 f1h_141 f1h_183 2.66 -2.66 7.37 0 0 0 439 448
f2_616 f1h_370 f1w_481 0.61 -0.61 8.5 0 0 0 482 446
f2_618 f1h_378 f1w_86 0.11 -0.11 8.98 0 0 0 457 456
f2_622 f1h_90 f1w_316 -0.55 0.55 8.65 0 0 0 444 458
f2_625 f1h_254 f1w_198 -1.01 1.01 8.98 0 0 0 493 483
f2_626 f1w_69 f1w_475 0.31 -0.31 8.5 0 0 0 466 473
f2_627 f1w_371 f1w_402 -1.44 1.44 8.7 0 0 0 465 450
f2_628 f1h_276 f1h_408 -0.37 0.37 7.66 0 0 0 448 458
f2_630 f1h_495 f1w_71 1.96 -1.96 8.43 0 0 0 451 434
f2_632 f1h_38 f1h_58 -1.23 1.23 8.86 0 0 0 460 470
f2_634 f1h_70 f1w_431 1.54 -1.54 9.45 0 0 0 459 474
f2_635 f1h_154 f1h_223 -1.67 1.67 7.61 0 0 0 465 440
f2_637 f1h_236 f1w_242 -0.73 0.73 8.73 0 0 0 493 503
f2_641 f1h_404 f1w_364 -1.03 1.03 8.15 0 0 0 431 445
f2_642 f1h_206 f1w_49 2.69 -2.69 9.56 0 0 0 472 488
f2_643 f1h_388 f1w_472 1.35 -1.35 8.32 0 0 0 457 458
f2_645 f1h_79 f1h_430 3.78 -3.78 5.86 0 0 0 443 450
f2_650 f1w_252 f1w_450 1.12 -1.12 8.9 0 0 0 454 477
f2_654 f1h_381 f1w_286 -0.75 0.75 8.18 0 0 0 475 462
f2_658 f1w_301 f1w_471 -2.74 2.74 7.74 0 0 0 458 464
f2_661 f1h_395 f1w_172 -1.74 1.74 7.34 0 0 0 456 478
f2_662 f1h_437 f1w_256 3.17 -3.17 8.08 0 0 0 462 462
f2_663 f1h_24 f1w_425 -1.08 1.08 10.14 0 0 0 454 441
f2_670 f1h_78 f1h_471 -0.72 0.72 9.28 0 0 0 466 463
f2_675 f1h_138 f1h_333 2.19 -2.19 9.09 0 0 0 480 472
f2_679 f1h_78 f1w_325 -2.02 2.02 6.85 0 0 0 448 442
f2_681 f1h_466 f1w_395 -0.13 0.13 9.75 0 0 0 467 479
f2_682 f1h_90 f1w_284 1.6 -1.6 9.4 0 0 0 444 481
f2_685 f1w_70 f1w_147 0.44 -0.44 7.62 0 0 0 460 457
f2_688 f1h_293 f1h_432 0.15 -0.15 9.2 0 0 0 480 473
f2_690 f1h_216 f1w_282 -0.34 0.34 8.84 0 0 0 438 460
f2_691 f1h_411 f1w_200 -1.02 1.02 8.83 0 0 0 466 470
f2_693 f1h_106 f1w_223 -0.28 0.28 7.99 0 0 0 462 463
f2_696 f1h_396 f1w_333 2.07 -2.07 8 0 0 0 438 463
f2_697 f1h_74 f1h_395 1.36 -1.36 8.05 0 0 0 465 465
f2_699 f1w_244 f1w_497 0.78 -0.78 8.89 0 0 0 483 478
f2_703 f1h_269 f1h_321 -0.07 0.07 9.36 0 0 0 458 443
f2_705 f1w_214 f1w_420 -0.69 0.69 8.85 0 0 0 475 464
f2_706 f1h_177 f1h_367 1.73 -1.73 7.38 0 0 0 475 443
f2_707 f1w_101 f1w_291 1.49 -1.49 8.15 0 0 0 453 441
f2_710 f1h_209 f1w_252 3.44 -3.44 5.8 0 0 0 469 448
f2_711 f1w_390 f1w_426 2.72 -2.72 7.53 0 0 0 478 473
f2_713 f1w_100 f1w_144 1.27 -1.27 9.37 0 0 0 449 484
f2_714 f1w_360 f1w_465 -2.35 2.35 7.99 0 0 0 462 466
f2_718 f1h_17 f1h_469 -0.63 0.63 9.56 0 0 0 485 474
f2_723 f1w_178 f1w_207 2.48 -2.48 7.59 0 0 0 452 456
f2_726 f1h_4 f1h_383 -2.87 2.87 6.92 0 0 0 451 482
f2_727 f1h_438 f1w_151 -0.53 0.53 9.46 0 0 0 470 470
f2_732 f1h_10 f1h_360 -1.35 1.35 8.7 0 0 0 437 433
f2_734 f1w_199 f1w_422 -1.51 1.51 8.63 0 0 0 464 457
f2_738 f1h_85 f1h_100 1.13 -1.13 11.4 0 0 0 456 471
f2_739 f1w_41 f1w_344 -0.51 0.51 7.48 0 0 0 459 457
f2_740 f1h_440 f1w_287 -2.28 2.28 8.22 0 0 0 472 458
f2_741 f1h_178 f1w_6 0.6 -0.6 9.04 0 0 0 433 452
f2_742 f1h_483 f1w_418 -2.3 2.3 6.73 0 0 0 444 460
f2_743 f1h_32 f1w_422 0.7 -0.7 6.23 0 0 0 454 425
f2_744 f1w_340 f1w_379 0.14 -0.14 9.21 0 0 0 452 464
f2_747 f1h_24 f1w_453 0.54 -0.54 9.11 0 0 0 462 453
f2_748 f1h_93 f1h_277 1.61 -1.61 7.5 0 0 0 461 476
f2_749 f1h_111 f1h_352 1.11 -1.11 5.61 0 0 0 435 459
f2_753 f1h_366 f1w_13 -0.63 0.63 9.44 0 0 0 501 490
f2_754 f1h_279 f1h_420 -1.02 1.02 9.3 0 0 0 468 473
f2_755 f1h_167 f1w_491 3.42 -3.42 7.15 0 0 0 479 468
f2_756 f1h_329 f1w_487 -0.23 0.23 8.82 0 0 0 468 472
f2_757 f1h_118 f1w_440 -1.08 1.08 9.02 0 0 0 450 453
f2_761 f1h_366 f1h_498 -0.67 0.67 9.25 0 0 0 483 466
f2_762 f1h_212 f1h_463 -4.94 4.94 7.36 0 0 0 475 472
f2_765 f1h_102 f1w_461 0.34 -0.34 8.83 0 0 0 463 444
f2_766 f1h_442 f1w_99 0.88 -0.88 7.83 0 0 0 463 485
f2_770 f1h_342 f1w_372 4.32 -4.32 7.85 0 0 0 461 463
f2_772 f1w_119 f1w_490 -1.04 1.04 8.56 0 0 0 466 448
f2_774 f1h_322 f1w_404 0.79 -0.79 9.52 0 0 0 471 455
f2_776 f1h_218 f1h_318 -0.9 0.9 9.1 0 0 0 470 482
f2_779 f1w_228 f1w_299 -1.76 1.76 9.84 0 0 0 462 467
f2_780 f1h_99 f1w_417 1.57 -1.57 8.05 0 0 0 458 470
f2_784 f1h_489 f1w_243 0.18 -0.18 9.64 0 0 0 460 468
f2_785 f1w_178 f1w_404 0.17 -0.17 10.6 0 0 0 447 467
f2_786 f1h_68 f1h_416 3.17 -3.17 7.06 0 0 0 441 457
f2_787 f1w_209 f1w_368 0.55 -0.55 9.57 0 0 0 473 456
f2_790 f1h_223 f1w_227 0.83 -0.83 8.74 0 0 0 454 477
f2_793 f1h_262 f1w_303 0.23 -0.23 7.54 0 0 0 468 472
f2_795 f1h_158 f1w_417 0.68 -0.68 8.45 0 0 0 475 456
f2_798 f1h_45 f1w_100 1.32 -1.32 7.79 0 0 0 475 451
f2_799 f1h_416 f1w_256 0.17 -0.17 10.01 0 0 0 450 456
f2_801 f1w_140 f1w_282 0.21 -0.21 10.72 0 0 0 469 466
f2_802 f1h_232 f1h_362 2.53 -2.53 8.02 0 0 0 491 492
f2_807 f1h_51 f1h_459 -0.34 0.34 6.8 0 0 0 450 456
f2_808 f1h_484 f1w_141 2.2 -2.2 9.52 0 0 0 450 474
f2_809 f1h_465 f1w_121 1.3 -1.3 8.58 0 0 0 467 469
f2_810 f1h_221 f1h_294 1.98 -1.98 10.55 0 0 0 476 470
f2_811 f1w_342 f1w_442 0.66 -0.66 10.4 0 0 0 472 462
f2_812 f1h_417 f1h_464 -1.95 1.95 7.96 0 0 0 460 469
f2_814 f1h_313 f1w_384 1.54 -1.54 7.77 0 0 0 460 460
f2_823 f1h_298 f1w_230 1.54 -1.54 8.77 0 0 0 459 484
f2_824 f1h_430 f1w_8 -3.39 3.39 6.52 0 0 0 453 452
f2_825 f1w_113 f1w_257 0.94 -0.94 9.97 0 0 0 481 468
f2_827 f1w_223 f1w_236 0.96 -0.96 9.57 0 0 0 460 471
f2_829 f1h_252 f1h_420 0.02 -0.02 7.77 0 0 0 448 466
f2_830 f1h_134 f1w_38 -0.84 0.84 9.97 0 0 0 483 466
f2_831 f1w_215 f1w_297 -0.84 0.84 9.32 0 0 0 452 445
f2_832 f1h_51 f1w_103 0.62 -0.62 10.17 0 0 0 463 478
f2_834 f1h_89 f1w_454 -0.7 0.7 9.82 0 0 0 451 450
f2_837 f1h_163 f1h_314 -0.45 0.45 10.01 0 0 0 474 477
f2_839 f1h_147 f1w_288 0.64 -0.64 9.16 0 0 0 467 429
f2_840 f1h_79 f1w_362 2.6 -2.6 7.11 0 0 0 461 495
f2_842 f1h_226 f1w_497 -0.6 0.6 8.7 0 0 0 471 459
f2_846 f1h_79 f1w_161 3.76 -3.76 7.58 0 0 0 436 453
f2_849 f1h_38 f1w_472 0.96 -0.96 8.57 0 0 0 450 457
f2_850 f1h_55 f1w_38 -1.94 1.94 7.81 0 0 0 460 457
f2_851 f1h_487 f1w_214 1.46 -1.46 8.86 0 0 0 475 473
f2_853 f1w_189 f1w_206 -1.47 1.47 8.37 0 0 0 457 450
f2_854 f1h_94 f1w_166 -2.43 2.43 7.2 0 0 0 477 455
f2_856 f1h_341 f1h_395 -2.84 2.84 11.33 0 0 0 462 455
f2_859 f1h_417 f1w_281 -1.49 1.49 8.51 0 0 0 440 447
f2_860 f1h_270 f1w_172 0.05 -0.05 8.46 0 0 0 479 476
f2_861 f1h_47 f1w_200 -0.69 0.69 8.18 0 0 0 464 472
f2_862 f1h_149 f1h_199 0.87 -0.87 8.8 0 0 0 452 450
f2_863 f1h_309 f1w_487 -2.76 2.76 8.52 0 0 0 474 454
f2_865 f1h_450 f1w_198 -1.22 1.22 9.08 0 0 0 450 465
f2_866 f1h_59 f1h_202 -2.32 2.32 8.23 0 0 0 462 457
f2_868 f1h_441 f1w_103 1.01 -1.01 8.92 0 0 0 455 446
f2_870 f1w_181 f1w_184 -2.35 2.35 7.98 0 0 0 477 447
f2_872 f1w_73 f1w_427 -0.16 0.16 8.93 0 0 0 447 455
f2_875 f1h_478 f1w_98 -0.23 0.23 8.53 0 0 0 454 462
f2_881 f1h_195 f1h_367 -4.19 4.19 6.3 0 0 0 471 449
f2_882 f1h_467 f1w_196 -2.74 2.74 7.72 0 0 0 454 483
f2_884 f1h_198 f1w_358 -0.21 0.21 7.81 0 0 0 438 471
f2_887 f1h_138 f1w_465 -0.35 0.35 10.64 0 0 0 487 478
f2_890 f1w_132 f1w_372 -0.46 0.46 8.67 0 0 0 457 456
f2_892 f1h_283 f1h_347 0.86 -0.86 8.35 0 0 0 472 475
f2_895 f1w_270 f1w_470 -0.99 0.99 9.45 0 0 0 468 464
f2_896 f1h_240 f1w_408 -0.72 0.72 10.04 0 0 0 483 480
f2_898 f1h_281 f1w_442 -1.95 1.95 7.93 0 0 0 456 461
f2_899 f1h_207 f1w_290 -1.1 1.1 8.57 0 0 0 487 479
f2_901 f1h_288 f1w_48 1.31 -1.31 7.92 0 0 0 477 473
f2_902 f1h_17 f1w_485 0.22 -0.22 8.87 0 0 0 487 458
f2_907 f1w_187 f1w_363 -2.04 2.04 7.43 0 0 0 471 463
f2_908 f1h_374 f1w_247 1.42 -1.42 9.33 0 0 0 439 462
f2_911 f1w_431 f1w_500 0.85 -0.85 7.44 0 0 0 479 469
f2_912 f1h_38 f1w_408 1.09 -1.09 8.01 0 0 0 445 444
f2_914 f1h_321 f1w_478 0.34 -0.34 9.3 0 0 0 469 458
f2_916 f1h_90 f1h_91 2.44 -2.44 7.6 0 0 0 441 452
f2_918 f1h_305 f1w_143 0 0 8.6 0 0 0 462 467
f2_921 f1h_381 f1w_69 0.36 -0.36 10.74 0 0 0 448 441
f2_922 f1h_166 f1w_142 2.96 -2.96 8.02 0 0 0 453 464
f2_924 f1h_167 f1w_218 -3.23 3.23 7.69 0 0 0 475 462
f2_927 f1h_139 f1h_266 1.83 -1.83 7.58 0 0 0 477 475
f2_928 f1h_319 f1w_346 -0.17 0.17 7.87 0 0 0 451 465
f2_929 f1h_39 f1h_124 -0.43 0.43 8.69 0 0 0 459 467
f2_930 f1w_404 f1w_487 -0.81 0.81 6.3 0 0 0 479 471
f2_932 f1h_429 f1w_44 2.07 -2.07 9.67 0 0 0 472 469
f2_933 f1h_256 f1w_500 -2.99 2.99 7.53 0 0 0 467 451
f2_936 f1w_311 f1w_475 -0.2 0.2 8.43 0 0 0 488 477
f2_938 f1w_343 f1w_370 -1.08 1.08 8 0 0 0 467 461
f2_940 f1w_105 f1w_191 -3.17 3.17 7.12 0 0 0 433 451
f2_943 f1h_252 f1w_176 1.78 -1.78 8.73 0 0 0 461 469
f2_947 f1h_427 f1h_460 2.09 -2.09 8.15 0 0 0 481 463
f2_948 f1h_85 f1h_276 0.84 -0.84 9.34 0 0 0 436 459
f2_949 f1h_315 f1w_172 0.81 -0.81 9.3 0 0 0 466 468
f2_953 f1w_159 f1w_279 1.18 -1.18 9.84 0 0 0 446 440
f2_955 f1h_280 f1w_109 1.55 -1.55 9.06 0 0 0 468 476
f2_956 f1h_406 f1w_290 -1.63 1.63 9.79 0 0 0 470 464
f2_957 f1h_355 f1h_374 -1.83 1.83 7.7 0 0 0 489 465
f2_958 f1w_142 f1w_385 2.33 -2.33 7.38 0 0 0 458 438
f2_959 f1w_170 f1w_282 1.61 -1.61 8.82 0 0 0 472 471
f2_960 f1h_409 f1w_196 1.36 -1.36 7.08 0 0 0 483 477
f2_961 f1w_270 f1w_403 -0.03 0.03 10.18 0 0 0 479 465
f2_964 f1h_160 f1w_413 0.61 -0.61 8.74 0 0 0 462 462
f2_969 f1h_411 f1w_32 1.32 -1.32 7.04 0 0 0 462 448
f2_970 f1h_142 f1w_181 1.24 -1.24 8.89 0 0 0 470 487
f2_971 f1w_116 f1w_135 1.48 -1.48 8.44 0 0 0 473 466
f2_975 f1h_306 f1w_152 -2.17 2.17 8.89 0 0 0 460 447
f2_976 f1h_25 f1w_287 -2.13 2.13 7.79 0 0 0 470 446
f2_977 f1h_175 f1h_467 0.67 -0.67 7.92 0 0 0 444 448
f2_979 f1h_64 f1w_466 1.98 -1.98 8.2 0 0 0 443 440
f2_981 f1w_91 f1w_443 1.01 -1.01 8.57 0 0 0 454 462
f2_984 f1h_215 f1w_372 2.55 -2.55 6.67 0 0 0 469 463
f2_986 f1h_188 f1w_121 -0.83 0.83 9.87 0 0 0 470 451
f2_987 f1w_5 f1w_212 0.29 -0.29 9.82 0 0 0 469 471
f2_991 f1h_401 f1w_463 1.76 -1.76 8.15 0 0 0 461 471
f2_998 f1w_16 f1w_274 -1.24 1.24 7.52 0 0 0 459 456
f2_1000 f1w_434 f1w_477 -0.84 0.84 7.63 0 0 0 452 466
