id parent1 parent2 LLRparent1 LLRparent2 LLRpair OHparent1 OHparent2 MEpair SNPd.id.parent1 SNPd.id.parent2
f1h_1 f0_104 f0_111 -8.08 8.08 165.19 0 0 0 7535 7557
f1h_2 f0_7 f0_143 7.73 -7.73 162.66 0 0 0 7532 7555
f1h_3 f0_11 f0_58 17.7 -17.7 156.85 0 0 0 7541 7556
f1h_4 f0_66 f0_136 4.21 -4.21 169.1 0 0 0 7577 7563
f1h_6 f0_8 f0_161 1.51 -1.51 171.44 0 0 0 7602 7589
f1h_8 f0_53 f0_168 10.08 -10.08 161.41 0 0 0 7587 7560
f1h_9 f0_108 f0_198 -4.03 4.03 166.83 0 0 0 7566 7534
f1h_10 f0_110 f0_172 11.91 -11.91 160.18 0 0 0 7542 7559
f1h_12 f0_143 f0_186 4.76 -4.76 170.53 0 0 0 7605 7560
f1h_13 f0_14 f0_51 -2.07 2.07 171.07 0 0 0 7551 7554
f1h_14 f0_2 f0_126 -8.31 8.31 168.94 0 0 0 7528 7524
f1h_16 f0_13 f0_87 -1.64 1.64 174.61 0 0 0 7592 7542
f1h_17 f0_76 f0_176 -14.89 14.89 164.34 0 0 0 7592 7578
f1h_18 f0_42 f0_72 0.57 -0.57 164.3 0 0 0 7550 7548
f1h_19 f0_4 f0_119 -10.77 10.77 166.18 0 0 0 7516 7557
f1h_20 f0_109 f0_143 -2.63 2.63 161.51 0 0 0 7552 7600
f1h_21 f0_2 f0_184 -2.56 2.56 167.31 0 0 0 7572 7604
f1h_22 f0_51 f0_128 -0.55 0.55 172.08 0 0 0 7564 7557
f1h_23 f0_87 f0_133 -3.62 3.62 165.18 0 0 0 7516 7562
f1h_24 f0_149 f0_156 -9.6 9.6 167.5 0 0 0 7560 7582
f1h_25 f0_61 f0_96 -6.81 6.81 165.95 0 0 0 7565 7571
f1h_26 f0_7 f0_77 -0.45 0.45 171.65 0 0 0 7594 7558
f1h_27 f0_188 f0_194 -8.92 8.92 164.47 0 0 0 7598 7618
f1h_29 f0_22 f0_142 -1.27 1.27 170.79 0 0 0 7583 7566
f1h_30 f0_14 f0_61 -0.2 0.2 167.55 0 0 0 7552 7511
f1h_31 f0_70 f0_81 -4.75 4.75 166.91 0 0 0 7575 7551
f1h_32 f0_16 f0_41 4.71 -4.71 163.94 0 0 0 7519 7585
f1h_33 f0_110 f0_165 -0.89 0.89 170.34 0 0 0 7553 7549
f1h_34 f0_153 f0_168 -12.96 12.96 156.17 0 0 0 7586 7535
f1h_35 f0_25 f0_47 1 -1 166.25 0 0 0 7559 7528
f1h_37 f0_37 f0_55 1.38 -1.38 166.76 0 0 0 7549 7559
f1h_38 f0_2 f0_182 -6.59 6.59 165.63 0 0 0 7591 7569
f1h_39 f0_75 f0_142 -7.37 7.37 164.97 0 0 0 7615 7578
f1h_41 f0_39 f0_168 3.18 -3.18 170.12 0 0 0 7593 7559
f1h_42 f0_7 f0_18 14.79 -14.79 160.06 0 0 0 7562 7566
f1h_43 f0_48 f0_65 6.68 -6.68 165.67 0 0 0 7520 7538
f1h_44 f0_89 f0_160 -9.56 9.56 163.89 0 0 0 7591 7582
f1h_46 f0_88 f0_159 -4.89 4.89 166.63 0 0 0 7540 7557
f1h_47 f0_72 f0_135 2.47 -2.47 170 0 0 0 7566 7607
f1h_48 f0_122 f0_127 -3.51 3.51 168.01 0 0 0 7575 7559
f1h_49 f0_54 f0_119 -2.37 2.37 163.69 0 0 0 7563 7560
f1h_51 f0_104 f0_107 12.16 -12.16 167.57 0 0 0 7530 7577
f1h_52 f0_99 f0_135 5.93 -5.93 159.86 0 0 0 7558 7598
f1h_54 f0_37 f0_173 -11.31 11.31 161.69 0 0 0 7579 7602
f1h_55 f0_114 f0_183 -5.89 5.89 175.31 0 0 0 7576 7546
f1h_56 f0_97 f0_174 13.72 -13.72 155.82 0 0 0 7518 7545
f1h_57 f0_95 f0_124 7.6 -7.6 166.05 0 0 0 7553 7557
f1h_59 f0_7 f0_182 -0.89 0.89 168.79 0 0 0 7549 7524
f1h_60 f0_120 f0_175 6.05 -6.05 166.6 0 0 0 7560 7579
f1h_61 f0_63 f0_72 9.66 -9.66 162.66 0 0 0 7586 7573
f1h_62 f0_181 f0_188 -3.52 3.52 171.66 0 0 0 7558 7562
f1h_65 f0_47 f0_87 6.98 -6.98 166.87 0 0 0 7549 7543
f1h_67 f0_59 f0_79 -0.46 0.46 168.15 0 0 0 7558 7570
f1h_68 f0_74 f0_118 2.42 -2.42 167.63 0 0 0 7592 7550
f1h_69 f0_42 f0_63 -3.34 3.34 167.56 0 0 0 7565 7591
f1h_71 f0_41 f0_75 14.79 -14.79 167.59 0 0 0 7572 7582
f1h_73 f0_42 f0_80 5.2 -5.2 166.61 0 0 0 7611 7616
f1h_74 f0_154 f0_199 -0.56 0.56 163.34 0 0 0 7560 7548
f1h_78 f0_67 f0_72 -0.95 0.95 171.51 0 0 0 7545 7541
f1h_79 f0_24 f0_67 -1.04 1.04 174.69 0 0 0 7640 7597
f1h_81 f0_60 f0_102 -3.31 3.31 164.01 0 0 0 7520 7550
f1h_82 f0_47 f0_171 1.36 -1.36 171.42 0 0 0 7530 7597
f1h_83 f0_93 f0_162 -1.23 1.23 167.2 0 0 0 7546 7548
f1h_86 f0_24 f0_121 3.32 -3.32 167.06 0 0 0 7599 7555
f1h_87 f0_57 f0_159 -2.66 2.66 163.68 0 0 0 7577 7592
f1h_88 f0_58 f0_84 7.46 -7.46 169.86 0 0 0 7593 7544
f1h_89 f0_43 f0_132 -5.9 5.9 168.9 0 0 0 7579 7624
f1h_91 f0_101 f0_159 -2.33 2.33 166.03 0 0 0 7586 7591
f1h_92 f0_8 f0_86 -2.85 2.85 174.84 0 0 0 7580 7592
f1h_94 f0_44 f0_170 -7.65 7.65 162.18 0 0 0 7572 7563
f1h_95 f0_115 f0_147 12.32 -12.32 164.24 0 0 0 7566 7586
f1h_97 f0_74 f0_168 -2.38 2.38 165.06 0 0 0 7582 7524
f1h_99 f0_156 f0_188 -7.13 7.13 172.93 0 0 0 7556 7537
f1h_101 f0_30 f0_120 0.19 -0.19 171.61 0 0 0 7561 7553
f1h_102 f0_70 f0_86 4.39 -4.39 174.49 0 0 0 7613 7612
f1h_103 f0_27 f0_31 -1.9 1.9 168.58 0 0 0 7573 7584
f1h_104 f0_30 f0_38 14.53 -14.53 162.82 0 0 0 7556 7598
f1h_105 f0_27 f0_138 1.84 -1.84 167.34 0 0 0 7582 7618
f1h_106 f0_6 f0_157 6.85 -6.85 162.51 0 0 0 7527 7546
f1h_107 f0_17 f0_32 7.41 -7.41 159.36 0 0 0 7551 7574
f1h_108 f0_45 f0_103 -4.68 4.68 171.65 0 0 0 7581 7534
f1h_109 f0_135 f0_190 -7.39 7.39 164.45 0 0 0 7576 7569
f1h_111 f0_114 f0_167 -4.33 4.33 165.24 0 0 0 7593 7602
f1h_112 f0_124 f0_134 -5.68 5.68 169.96 0 0 0 7525 7533
f1h_113 f0_84 f0_103 -3.26 3.26 174.82 0 0 0 7536 7555
f1h_114 f0_96 f0_102 5.58 -5.58 171.79 0 0 0 7564 7578
f1h_115 f0_38 f0_156 8.56 -8.56 164.99 0 0 0 7552 7546
f1h_117 f0_12 f0_56 8.37 -8.37 163 0 0 0 7591 7576
f1h_118 f0_73 f0_74 10.58 -10.58 169.69 0 0 0 7527 7589
f1h_121 f0_57 f0_89 6 -6 160.84 0 0 0 7576 7571
f1h_122 f0_43 f0_160 -7.5 7.5 165.71 0 0 0 7553 7516
f1h_123 f0_73 f0_88 0.37 -0.37 164.44 0 0 0 7517 7535
f1h_124 f0_32 f0_58 8.43 -8.43 170.45 0 0 0 7574 7589
f1h_125 f0_64 f0_75 0.89 -0.89 172.23 0 0 0 7579 7588
f1h_126 f0_145 f0_154 2.91 -2.91 169.71 0 0 0 7538 7548
f1h_127 f0_87 f0_145 -3.18 3.18 168.6 0 0 0 7553 7569
f1h_128 f0_28 f0_127 5.04 -5.04 168.22 0 0 0 7514 7489
f1h_129 f0_65 f0_100 0.28 -0.28 170.59 0 0 0 7562 7574
f1h_130 f0_44 f0_93 2.34 -2.34 167.66 0 0 0 7571 7565
f1h_131 f0_122 f0_149 6.66 -6.66 177.51 0 0 0 7533 7531
f1h_132 f0_44 f0_153 7.66 -7.66 166.45 0 0 0 7562 7588
f1h_134 f0_193 f0_195 14.54 -14.54 160 0 0 0 7549 7540
f1h_135 f0_11 f0_137 12.92 -12.92 159.75 0 0 0 7552 7587
f1h_137 f0_27 f0_74 2.92 -2.92 171.09 0 0 0 7501 7544
f1h_138 f0_27 f0_80 -4.69 4.69 163.87 0 0 0 7534 7537
f1h_140 f0_31 f0_94 8.94 -8.94 165.97 0 0 0 7560 7568
f1h_141 f0_13 f0_162 0.92 -0.92 169.47 0 0 0 7562 7543
f1h_143 f0_184 f0_199 -5.82 5.82 164.52 0 0 0 7605 7557
f1h_144 f0_101 f0_114 -9.18 9.18 168.34 0 0 0 7544 7571
f1h_145 f0_70 f0_134 -13.86 13.86 161.64 0 0 0 7632 7587
f1h_146 f0_118 f0_146 -16.85 16.85 156.85 0 0 0 7553 7531
f1h_147 f0_3 f0_182 -6.52 6.52 158.75 0 0 0 7538 7510
f1h_148 f0_172 f0_198 2.07 -2.07 165.84 0 0 0 7543 7513
f1h_149 f0_78 f0_200 1.27 -1.27 170.93 0 0 0 7585 7579
f1h_150 f0_7 f0_195 -6 6 164.34 0 0 0 7590 7582
f1h_151 f0_169 f0_172 -1.04 1.04 174.17 0 0 0 7555 7590
f1h_152 f0_76 f0_194 -0.52 0.52 168.46 0 0 0 7581 7595
f1h_155 f0_1 f0_91 -1.15 1.15 170.77 0 0 0 7574 7539
f1h_156 f0_76 f0_182 7.16 -7.16 167.06 0 0 0 7600 7569
f1h_157 f0_46 f0_47 3.89 -3.89 167.52 0 0 0 7589 7547
f1h_158 f0_147 f0_158 -4.37 4.37 167.3 0 0 0 7547 7552
f1h_159 f0_155 f0_186 -1.84 1.84 170.51 0 0 0 7540 7532
f1h_160 f0_104 f0_150 -0.61 0.61 168.43 0 0 0 7556 7546
f1h_161 f0_121 f0_179 -2.25 2.25 167.91 0 0 0 7553 7519
f1h_163 f0_13 f0_113 7.53 -7.53 165.1 0 0 0 7576 7589
f1h_164 f0_80 f0_180 0.07 -0.07 171.94 0 0 0 7557 7560
f1h_165 f0_45 f0_66 -7.2 7.2 166.4 0 0 0 7610 7574
f1h_166 f0_95 f0_97 5.3 -5.3 168.06 0 0 0 7540 7512
f1h_168 f0_48 f0_171 -1.92 1.92 161.23 0 0 0 7543 7612
f1h_169 f0_25 f0_177 -3.89 3.89 166.34 0 0 0 7575 7566
f1h_170 f0_7 f0_26 8.94 -8.94 163.41 0 0 0 7589 7605
f1h_171 f0_170 f0_182 -3.35 3.35 171.54 0 0 0 7596 7568
f1h_172 f0_9 f0_33 8.47 -8.47 172.09 0 0 0 7596 7550
f1h_173 f0_20 f0_137 6.52 -6.52 168.36 0 0 0 7578 7593
f1h_174 f0_52 f0_111 -10.26 10.26 165.1 0 0 0 7581 7579
f1h_176 f0_19 f0_120 3.17 -3.17 160.22 0 0 0 7560 7533
f1h_177 f0_51 f0_197 -2.11 2.11 172.65 0 0 0 7600 7593
f1h_179 f0_61 f0_173 -8.22 8.22 167.1 0 0 0 7516 7571
f1h_180 f0_42 f0_67 -6.44 6.44 163.72 0 0 0 7603 7619
f1h_181 f0_76 f0_163 4.55 -4.55 163.31 0 0 0 7592 7591
f1h_182 f0_23 f0_171 0.5 -0.5 169.8 0 0 0 7618 7639
f1h_183 f0_21 f0_194 -1.58 1.58 164.34 0 0 0 7565 7584
f1h_184 f0_39 f0_115 -2.93 2.93 167.49 0 0 0 7582 7551
f1h_185 f0_23 f0_115 -5.66 5.66 170.09 0 0 0 7598 7552
f1h_186 f0_85 f0_173 -4.56 4.56 169.08 0 0 0 7578 7618
f1h_187 f0_15 f0_149 -1.29 1.29 168.73 0 0 0 7541 7547
f1h_188 f0_154 f0_176 14.27 -14.27 155.35 0 0 0 7529 7519
f1h_189 f0_4 f0_41 4.14 -4.14 167.59 0 0 0 7518 7576
f1h_190 f0_14 f0_102 4.9 -4.9 167.87 0 0 0 7591 7572
f1h_192 f0_60 f0_175 1.23 -1.23 166.51 0 0 0 7560 7598
f1h_193 f0_40 f0_154 -1.87 1.87 169.21 0 0 0 7562 7550
f1h_195 f0_1 f0_79 5.13 -5.13 158.36 0 0 0 7576 7523
f1h_196 f0_20 f0_151 5.84 -5.84 168.81 0 0 0 7573 7549
f1h_197 f0_19 f0_110 2.51 -2.51 167.85 0 0 0 7566 7551
f1h_198 f0_9 f0_28 0.55 -0.55 170.1 0 0 0 7601 7568
f1h_199 f0_67 f0_132 4.15 -4.15 176.71 0 0 0 7593 7637
f1h_200 f0_177 f0_193 -3.41 3.41 169.58 0 0 0 7558 7550
f1h_201 f0_158 f0_179 7.42 -7.42 160.5 0 0 0 7584 7557
f1h_202 f0_23 f0_197 1.58 -1.58 168.62 0 0 0 7590 7575
f1h_203 f0_66 f0_107 10.46 -10.46 161 0 0 0 7557 7577
f1h_204 f0_29 f0_115 -14.35 14.35 160.09 0 0 0 7563 7522
f1h_205 f0_8 f0_125 2.2 -2.2 167.85 0 0 0 7563 7539
f1h_206 f0_11 f0_103 6.79 -6.79 163.35 0 0 0 7556 7542
f1h_207 f0_16 f0_123 -5.84 5.84 159.24 0 0 0 7515 7569
f1h_208 f0_14 f0_198 -3.22 3.22 171.55 0 0 0 7561 7520
f1h_210 f0_39 f0_142 2.94 -2.94 168.15 0 0 0 7615 7587
f1h_211 f0_23 f0_131 7.12 -7.12 162.46 0 0 0 7570 7546
f1h_212 f0_56 f0_107 -1.35 1.35 172.43 0 0 0 7549 7567
f1h_214 f0_95 f0_135 -4.79 4.79 166.78 0 0 0 7515 7566
f1h_215 f0_185 f0_190 3.16 -3.16 166.78 0 0 0 7561 7581
f1h_216 f0_43 f0_123 -2.02 2.02 170.13 0 0 0 7571 7552
f1h_217 f0_86 f0_146 -10.36 10.36 168.89 0 0 0 7583 7522
f1h_218 f0_20 f0_52 4.87 -4.87 163.31 0 0 0 7604 7585
f1h_220 f0_72 f0_166 -0.69 0.69 168.77 0 0 0 7569 7588
f1h_221 f0_135 f0_189 -11.82 11.82 159.76 0 0 0 7595 7539
f1h_222 f0_175 f0_196 2.76 -2.76 167.46 0 0 0 7549 7520
f1h_223 f0_1 f0_36 -4.84 4.84 168.16 0 0 0 7587 7555
f1h_224 f0_54 f0_169 -1.95 1.95 160.37 0 0 0 7564 7527
f1h_225 f0_12 f0_109 9.35 -9.35 169.54 0 0 0 7557 7537
f1h_227 f0_32 f0_74 -1.08 1.08 166.51 0 0 0 7624 7654
f1h_228 f0_136 f0_154 6.59 -6.59 162.75 0 0 0 7565 7571
f1h_231 f0_5 f0_197 4.38 -4.38 168.05 0 0 0 7574 7582
f1h_232 f0_142 f0_154 -0.03 0.03 171.67 0 0 0 7563 7561
f1h_233 f0_159 f0_195 2.68 -2.68 171.89 0 0 0 7558 7552
f1h_235 f0_67 f0_131 0.71 -0.71 170.52 0 0 0 7567 7556
f1h_236 f0_18 f0_193 -6.58 6.58 167.72 0 0 0 7591 7570
f1h_237 f0_11 f0_32 -3.38 3.38 172.57 0 0 0 7604 7612
f1h_239 f0_112 f0_118 13.95 -13.95 159.99 0 0 0 7535 7513
f1h_240 f0_134 f0_178 2.65 -2.65 164.72 0 0 0 7546 7554
f1h_241 f0_31 f0_40 -3.62 3.62 166.9 0 0 0 7557 7564
f1h_242 f0_21 f0_196 -9.01 9.01 166.79 0 0 0 7572 7551
f1h_243 f0_127 f0_138 7.9 -7.9 159.95 0 0 0 7530 7585
f1h_244 f0_56 f0_147 4.82 -4.82 165.9 0 0 0 7537 7549
f1h_246 f0_132 f0_133 3.03 -3.03 169.73 0 0 0 7611 7563
f1h_249 f0_80 f0_192 13.01 -13.01 166.58 0 0 0 7570 7567
f1h_250 f0_67 f0_189 -3.58 3.58 167.62 0 0 0 7572 7536
f1h_251 f0_11 f0_108 -0.33 0.33 163.11 0 0 0 7565 7553
f1h_252 f0_40 f0_82 14.36 -14.36 166.4 0 0 0 7544 7517
f1h_253 f0_10 f0_151 -3.32 3.32 168.97 0 0 0 7554 7534
f1h_255 f0_22 f0_133 -0.71 0.71 171.02 0 0 0 7581 7580
f1h_256 f0_71 f0_194 3.54 -3.54 172.34 0 0 0 7597 7597
f1h_257 f0_92 f0_151 -8.86 8.86 175.2 0 0 0 7560 7567
f1h_259 f0_45 f0_150 -4.28 4.28 171.87 0 0 0 7638 7580
f1h_260 f0_110 f0_133 -7.37 7.37 170.92 0 0 0 7562 7599
f1h_262 f0_62 f0_150 -6.22 6.22 174.12 0 0 0 7615 7576
f1h_263 f0_29 f0_114 2.51 -2.51 169.34 0 0 0 7590 7583
f1h_264 f0_25 f0_93 3.02 -3.02 169.55 0 0 0 7555 7540
f1h_265 f0_22 f0_42 -2.7 2.7 168.13 0 0 0 7567 7549
f1h_266 f0_17 f0_142 6.69 -6.69 161.93 0 0 0 7556 7569
f1h_267 f0_120 f0_197 -2.21 2.21 170.08 0 0 0 7542 7561
f1h_268 f0_10 f0_161 -6.78 6.78 170.91 0 0 0 7599 7576
f1h_272 f0_29 f0_141 -8.21 8.21 164.5 0 0 0 7561 7552
f1h_274 f0_88 f0_141 -9.59 9.59 168.45 0 0 0 7546 7581
f1h_275 f0_50 f0_157 2.71 -2.71 164.84 0 0 0 7528 7504
f1h_276 f0_62 f0_197 2.18 -2.18 172.61 0 0 0 7569 7571
f1h_277 f0_38 f0_59 -0.96 0.96 166.88 0 0 0 7578 7530
f1h_278 f0_29 f0_110 5.46 -5.46 163.72 0 0 0 7569 7538
f1h_280 f0_62 f0_165 2.69 -2.69 164.82 0 0 0 7550 7538
f1h_282 f0_60 f0_186 6.23 -6.23 163.53 0 0 0 7499 7502
f1h_283 f0_98 f0_158 0.97 -0.97 168.63 0 0 0 7551 7559
f1h_284 f0_38 f0_158 -5.32 5.32 161.66 0 0 0 7634 7594
f1h_286 f0_39 f0_136 -2.07 2.07 168.42 0 0 0 7569 7533
f1h_287 f0_44 f0_96 -9.35 9.35 169.74 0 0 0 7572 7548
f1h_288 f0_177 f0_194 1.24 -1.24 166.31 0 0 0 7554 7571
f1h_289 f0_75 f0_128 -5.08 5.08 167.72 0 0 0 7557 7517
f1h_290 f0_97 f0_136 -9.99 9.99 163.97 0 0 0 7540 7557
f1h_291 f0_80 f0_140 20.35 -20.35 161.88 0 0 0 7576 7579
f1h_292 f0_96 f0_194 -7.03 7.03 165.13 0 0 0 7579 7621
f1h_293 f0_170 f0_199 5.87 -5.87 168.57 0 0 0 7576 7542
f1h_294 f0_35 f0_190 10.77 -10.77 165.38 0 0 0 7579 7596
f1h_295 f0_48 f0_62 7.45 -7.45 169.4 0 0 0 7523 7556
f1h_296 f0_40 f0_184 0.34 -0.34 172.17 0 0 0 7581 7608
f1h_297 f0_39 f0_133 2.49 -2.49 170.19 0 0 0 7570 7559
f1h_298 f0_68 f0_173 -1.21 1.21 166.01 0 0 0 7516 7568
f1h_299 f0_76 f0_139 -5.59 5.59 167.37 0 0 0 7584 7559
f1h_300 f0_125 f0_197 11.43 -11.43 164.43 0 0 0 7613 7601
f1h_301 f0_24 f0_193 5.6 -5.6 166.45 0 0 0 7596 7544
f1h_303 f0_26 f0_193 17.47 -17.47 152.94 0 0 0 7568 7542
f1h_305 f0_103 f0_129 -6.65 6.65 165.19 0 0 0 7529 7538
f1h_307 f0_66 f0_118 -6 6 166.48 0 0 0 7578 7588
f1h_308 f0_76 f0_157 0.42 -0.42 167.48 0 0 0 7589 7555
f1h_309 f0_143 f0_161 3.47 -3.47 168.14 0 0 0 7576 7560
f1h_311 f0_78 f0_127 2.57 -2.57 164.17 0 0 0 7552 7538
f1h_312 f0_92 f0_95 -10.84 10.84 165.45 0 0 0 7557 7567
f1h_314 f0_10 f0_180 -8.62 8.62 168.12 0 0 0 7577 7557
f1h_315 f0_6 f0_161 0.36 -0.36 166.5 0 0 0 7527 7586
f1h_316 f0_132 f0_165 5.67 -5.67 167.81 0 0 0 7644 7578
f1h_318 f0_4 f0_186 -3.05 3.05 167.28 0 0 0 7507 7523
f1h_319 f0_12 f0_146 0.87 -0.87 171.21 0 0 0 7584 7542
f1h_321 f0_18 f0_111 -3.29 3.29 169.09 0 0 0 7583 7564
f1h_323 f0_67 f0_193 -4.05 4.05 162.68 0 0 0 7567 7567
f1h_324 f0_44 f0_61 -4.24 4.24 165.31 0 0 0 7541 7505
f1h_327 f0_144 f0_161 6.97 -6.97 172.63 0 0 0 7580 7580
f1h_329 f0_47 f0_147 4.76 -4.76 165.86 0 0 0 7489 7504
f1h_331 f0_106 f0_153 8.72 -8.72 170.72 0 0 0 7575 7620
f1h_332 f0_61 f0_170 -4.04 4.04 169.1 0 0 0 7562 7583
f1h_333 f0_55 f0_169 -8.22 8.22 163.53 0 0 0 7609 7560
f1h_334 f0_85 f0_163 8.58 -8.58 168.68 0 0 0 7583 7606
f1h_335 f0_13 f0_53 -9.15 9.15 165.33 0 0 0 7609 7599
f1h_336 f0_23 f0_94 -3.34 3.34 169.12 0 0 0 7591 7582
f1h_337 f0_26 f0_186 5.58 -5.58 168.48 0 0 0 7620 7576
f1h_338 f0_71 f0_138 -10.51 10.51 156.71 0 0 0 7558 7573
f1h_340 f0_60 f0_62 -5.53 5.53 165.67 0 0 0 7563 7590
f1h_341 f0_174 f0_194 3.6 -3.6 166.57 0 0 0 7544 7566
f1h_342 f0_44 f0_115 -2.89 2.89 165.18 0 0 0 7559 7520
f1h_343 f0_133 f0_155 1.12 -1.12 171.98 0 0 0 7592 7553
f1h_344 f0_35 f0_76 8.47 -8.47 167.59 0 0 0 7563 7572
f1h_345 f0_128 f0_150 2.47 -2.47 174.29 0 0 0 7509 7496
f1h_347 f0_105 f0_113 5.16 -5.16 170.29 0 0 0 7578 7601
f1h_348 f0_82 f0_149 3.36 -3.36 163.88 0 0 0 7566 7566
f1h_350 f0_55 f0_98 5.78 -5.78 170.21 0 0 0 7566 7549
f1h_352 f0_79 f0_142 4.09 -4.09 162.97 0 0 0 7586 7588
f1h_353 f0_98 f0_106 1.22 -1.22 164.44 0 0 0 7554 7538
f1h_354 f0_106 f0_169 -14.08 14.08 163.9 0 0 0 7555 7541
f1h_355 f0_13 f0_125 -0.26 0.26 166.64 0 0 0 7567 7565
f1h_356 f0_114 f0_126 -0.86 0.86 165.05 0 0 0 7536 7524
f1h_358 f0_70 f0_121 -8.02 8.02 168.09 0 0 0 7557 7539
f1h_360 f0_146 f0_166 0.07 -0.07 176 0 0 0 7563 7608
f1h_362 f0_10 f0_169 0.04 -0.04 176.4 0 0 0 7567 7509
f1h_363 f0_140 f0_158 -14.19 14.19 162.15 0 0 0 7577 7576
f1h_365 f0_51 f0_165 2.21 -2.21 170.73 0 0 0 7574 7565
f1h_366 f0_137 f0_185 -2.89 2.89 161.42 0 0 0 7580 7559
f1h_368 f0_13 f0_55 4.16 -4.16 169.66 0 0 0 7558 7557
f1h_369 f0_108 f0_189 -12.73 12.73 164.29 0 0 0 7556 7521
f1h_370 f0_30 f0_162 -0.97 0.97 164.11 0 0 0 7541 7547
f1h_371 f0_74 f0_121 16.73 -16.73 167.61 0 0 0 7599 7574
f1h_372 f0_36 f0_156 -0.53 0.53 174.04 0 0 0 7569 7576
f1h_373 f0_163 f0_192 -1.3 1.3 163.15 0 0 0 7585 7571
f1h_375 f0_44 f0_170 -2.33 2.33 165.25 0 0 0 7601 7588
f1h_377 f0_124 f0_194 -11.46 11.46 166.5 0 0 0 7602 7617
f1h_378 f0_46 f0_51 1.83 -1.83 173.85 0 0 0 7590 7569
f1h_379 f0_19 f0_71 0.78 -0.78 165.48 0 0 0 7545 7557
f1h_380 f0_105 f0_110 4.51 -4.51 164.41 0 0 0 7551 7545
f1h_381 f0_54 f0_66 -1.99 1.99 168.71 0 0 0 7598 7589
f1h_382 f0_132 f0_182 -8.9 8.9 166.52 0 0 0 7627 7557
f1h_385 f0_62 f0_155 16.58 -16.58 160.37 0 0 0 7575 7543
f1h_386 f0_114 f0_163 8.61 -8.61 158.35 0 0 0 7552 7546
f1h_387 f0_62 f0_178 -2.55 2.55 162.43 0 0 0 7601 7612
f1h_388 f0_79 f0_128 -1.54 1.54 170.19 0 0 0 7570 7580
f1h_389 f0_25 f0_51 6.11 -6.11 172.99 0 0 0 7589 7589
f1h_390 f0_43 f0_47 2.73 -2.73 169.87 0 0 0 7531 7483
f1h_391 f0_62 f0_95 -7.15 7.15 164.35 0 0 0 7579 7566
f1h_392 f0_1 f0_19 -2.27 2.27 157.27 0 0 0 7578 7553
f1h_393 f0_112 f0_190 -2.69 2.69 170.16 0 0 0 7609 7624
f1h_395 f0_69 f0_83 9.28 -9.28 168.43 0 0 0 7578 7599
f1h_396 f0_106 f0_177 9.31 -9.31 164.83 0 0 0 7544 7563
f1h_398 f0_55 f0_114 -6.07 6.07 165.34 0 0 0 7556 7558
f1h_399 f0_66 f0_150 3.16 -3.16 171.73 0 0 0 7574 7535
f1h_403 f0_45 f0_170 -0.02 0.02 169.77 0 0 0 7603 7566
f1h_405 f0_30 f0_101 5.14 -5.14 169.42 0 0 0 7517 7526
f1h_406 f0_84 f0_101 6.6 -6.6 163.07 0 0 0 7530 7543
f1h_407 f0_93 f0_97 -1.17 1.17 164.19 0 0 0 7542 7519
f1h_408 f0_78 f0_109 -10.21 10.21 168.23 0 0 0 7562 7549
f1h_410 f0_1 f0_101 4.93 -4.93 160.82 0 0 0 7615 7568
f1h_413 f0_152 f0_183 -5.97 5.97 172.31 0 0 0 7592 7568
f1h_414 f0_129 f0_189 -6.35 6.35 160.8 0 0 0 7584 7546
f1h_415 f0_87 f0_90 -3.55 3.55 174.67 0 0 0 7532 7564
f1h_416 f0_122 f0_153 0.99 -0.99 170.02 0 0 0 7566 7627
f1h_417 f0_69 f0_175 0.55 -0.55 170.56 0 0 0 7577 7593
f1h_418 f0_35 f0_97 7.4 -7.4 163.51 0 0 0 7570 7533
f1h_419 f0_149 f0_168 -3.87 3.87 167.04 0 0 0 7594 7581
f1h_420 f0_39 f0_181 3.42 -3.42 175.66 0 0 0 7579 7565
f1h_421 f0_130 f0_200 -4.69 4.69 170.99 0 0 0 7574 7598
f1h_423 f0_11 f0_135 5.28 -5.28 164.38 0 0 0 7574 7615
f1h_424 f0_62 f0_77 -9.44 9.44 162.38 0 0 0 7538 7511
f1h_425 f0_166 f0_186 -9.31 9.31 167.65 0 0 0 7591 7553
f1h_427 f0_18 f0_52 -3.99 3.99 165.32 0 0 0 7583 7570
f1h_428 f0_12 f0_140 4.54 -4.54 159.86 0 0 0 7535 7515
f1h_429 f0_51 f0_161 -13.01 13.01 170.29 0 0 0 7586 7589
f1h_430 f0_89 f0_172 3.95 -3.95 167.84 0 0 0 7530 7543
f1h_431 f0_6 f0_92 10.45 -10.45 165.67 0 0 0 7542 7573
f1h_432 f0_94 f0_145 -1.05 1.05 166.66 0 0 0 7554 7529
f1h_433 f0_99 f0_175 -0.44 0.44 167.82 0 0 0 7577 7578
f1h_434 f0_93 f0_165 -0.9 0.9 176.01 0 0 0 7564 7558
f1h_436 f0_20 f0_143 7.35 -7.35 161.8 0 0 0 7584 7590
f1h_437 f0_44 f0_91 -1.94 1.94 165.57 0 0 0 7594 7583
f1h_438 f0_46 f0_163 -4.97 4.97 163.62 0 0 0 7577 7578
f1h_439 f0_11 f0_28 5.36 -5.36 161.87 0 0 0 7514 7508
f1h_440 f0_18 f0_178 -17.89 17.89 162.33 0 0 0 7606 7580
f1h_441 f0_30 f0_176 -9.28 9.28 167.41 0 0 0 7565 7557
f1h_443 f0_67 f0_73 -7.42 7.42 162.06 0 0 0 7594 7548
f1h_444 f0_43 f0_132 1.91 -1.91 169.53 0 0 0 7554 7604
f1h_445 f0_29 f0_39 -12.43 12.43 166.45 0 0 0 7592 7590
f1h_447 f0_175 f0_181 -2.01 2.01 171.86 0 0 0 7579 7571
f1h_448 f0_103 f0_113 -9.79 9.79 171.39 0 0 0 7568 7595
f1h_449 f0_108 f0_177 3.01 -3.01 163.46 0 0 0 7535 7546
f1h_450 f0_5 f0_169 3.43 -3.43 170.83 0 0 0 7521 7485
f1h_451 f0_88 f0_142 -4.33 4.33 178.43 0 0 0 7550 7558
f1h_452 f0_32 f0_99 5.85 -5.85 166.57 0 0 0 7543 7544
f1h_453 f0_18 f0_167 4.3 -4.3 167.4 0 0 0 7572 7567
f1h_454 f0_17 f0_125 10.61 -10.61 160.17 0 0 0 7523 7557
f1h_455 f0_6 f0_135 -1.45 1.45 164.17 0 0 0 7536 7615
f1h_456 f0_24 f0_45 1.25 -1.25 171.85 0 0 0 7621 7602
f1h_457 f0_48 f0_79 -5.1 5.1 166.18 0 0 0 7547 7562
f1h_458 f0_25 f0_46 -18.34 18.34 159.2 0 0 0 7576 7580
f1h_459 f0_38 f0_113 2.86 -2.86 179.52 0 0 0 7605 7602
f1h_460 f0_145 f0_146 8.14 -8.14 168.45 0 0 0 7548 7530
f1h_461 f0_27 f0_32 2.06 -2.06 168.98 0 0 0 7539 7547
f1h_462 f0_94 f0_155 3.91 -3.91 170.57 0 0 0 7567 7536
f1h_463 f0_58 f0_72 -12.11 12.11 165.49 0 0 0 7566 7565
f1h_464 f0_43 f0_101 -12.99 12.99 161.16 0 0 0 7518 7492
f1h_465 f0_28 f0_142 1.25 -1.25 173.4 0 0 0 7552 7554
f1h_466 f0_67 f0_108 -10.5 10.5 154.53 0 0 0 7578 7564
f1h_467 f0_3 f0_16 -2.68 2.68 165.59 0 0 0 7597 7529
f1h_468 f0_76 f0_163 -0.51 0.51 169.06 0 0 0 7583 7580
f1h_469 f0_63 f0_174 2.56 -2.56 170.85 0 0 0 7573 7555
f1h_470 f0_19 f0_123 5.87 -5.87 168.09 0 0 0 7577 7559
f1h_471 f0_11 f0_113 15.85 -15.85 162.44 0 0 0 7560 7582
f1h_473 f0_107 f0_161 -5.4 5.4 172.43 0 0 0 7589 7583
f1h_474 f0_84 f0_165 -10.83 10.83 163.59 0 0 0 7545 7569
f1h_476 f0_39 f0_70 6.38 -6.38 161.73 0 0 0 7574 7586
f1h_477 f0_166 f0_175 -0.04 0.04 172.45 0 0 0 7588 7573
f1h_478 f0_97 f0_178 -10.79 10.79 163.87 0 0 0 7568 7610
f1h_479 f0_59 f0_137 10.98 -10.98 167.52 0 0 0 7539 7574
f1h_480 f0_36 f0_90 -4.3 4.3 168.12 0 0 0 7542 7546
f1h_481 f0_57 f0_67 -8.64 8.64 158.12 0 0 0 7530 7553
f1h_482 f0_131 f0_177 -11.37 11.37 164.3 0 0 0 7552 7557
f1h_484 f0_94 f0_126 -0.85 0.85 168.45 0 0 0 7560 7535
f1h_485 f0_46 f0_169 -11.9 11.9 161.9 0 0 0 7549 7509
f1h_487 f0_43 f0_49 -4.08 4.08 168.12 0 0 0 7558 7590
f1h_488 f0_5 f0_157 -4.65 4.65 170.09 0 0 0 7580 7555
f1h_489 f0_12 f0_45 4.67 -4.67 166.67 0 0 0 7550 7580
f1h_491 f0_117 f0_139 -12.87 12.87 159.93 0 0 0 7587 7550
f1h_493 f0_76 f0_96 9.77 -9.77 164.51 0 0 0 7582 7561
f1h_494 f0_131 f0_183 21.29 -21.29 161.4 0 0 0 7559 7538
f1h_495 f0_40 f0_56 0.58 -0.58 173.66 0 0 0 7575 7565
f1h_496 f0_16 f0_107 9.01 -9.01 161.75 0 0 0 7546 7620
f1h_497 f0_23 f0_118 4.76 -4.76 169.25 0 0 0 7565 7553
f1h_498 f0_184 f0_187 -0.8 0.8 163.25 0 0 0 7626 7608
f1h_499 f0_36 f0_144 0.97 -0.97 167.77 0 0 0 7582 7579
f1w_3 f0_299 f0_729 14.93 -14.93 159.28 0 0 0 7529 7556
f1w_5 f0_479 f0_564 -6.44 6.44 173.8 0 0 0 7560 7568
f1w_11 f0_594 f0_648 12.08 -12.08 161.25 0 0 0 7527 7563
f1w_12 f0_789 f0_944 -4.29 4.29 166.82 0 0 0 7553 7567
f1w_13 f0_640 f0_984 2.71 -2.71 171.01 0 0 0 7557 7575
f1w_16 f0_274 f0_369 -6.7 6.7 171.4 0 0 0 7541 7578
f1w_17 f0_205 f0_909 0.26 -0.26 174.86 0 0 0 7526 7570
f1w_19 f0_310 f0_313 -5.85 5.85 163.49 0 0 0 7569 7577
f1w_21 f0_619 f0_641 0.87 -0.87 169.33 0 0 0 7549 7559
f1w_22 f0_684 f0_971 4.5 -4.5 171.82 0 0 0 7550 7597
f1w_25 f0_408 f0_759 11.87 -11.87 170.3 0 0 0 7544 7575
f1w_27 f0_441 f0_945 5.47 -5.47 168.3 0 0 0 7557 7548
f1w_28 f0_688 f0_764 1.96 -1.96 165.3 0 0 0 7570 7577
f1w_29 f0_317 f0_412 -4.59 4.59 171.55 0 0 0 7572 7547
f1w_30 f0_379 f0_674 -3.84 3.84 162.82 0 0 0 7554 7552
f1w_31 f0_453 f0_955 -5.75 5.75 162.56 0 0 0 7544 7576
f1w_32 f0_674 f0_917 21.51 -21.51 158.41 0 0 0 7528 7564
f1w_33 f0_605 f0_1000 -5.8 5.8 165.85 0 0 0 7571 7538
f1w_34 f0_408 f0_885 2.6 -2.6 166.24 0 0 0 7555 7550
f1w_35 f0_336 f0_837 8.9 -8.9 168.06 0 0 0 7515 7515
f1w_38 f0_854 f0_920 -8.55 8.55 163.08 0 0 0 7576 7583
f1w_40 f0_578 f0_740 5.66 -5.66 170.7 0 0 0 7575 7571
f1w_42 f0_209 f0_715 2.19 -2.19 168.43 0 0 0 7516 7488
f1w_43 f0_292 f0_514 -6.88 6.88 160.32 0 0 0 7595 7587
f1w_45 f0_204 f0_668 -4.05 4.05 173.23 0 0 0 7572 7598
f1w_46 f0_254 f0_489 0.25 -0.25 166.98 0 0 0 7552 7561
f1w_47 f0_395 f0_514 -7.42 7.42 163.63 0 0 0 7545 7590
f1w_48 f0_612 f0_933 -4.07 4.07 170.29 0 0 0 7598 7591
f1w_54 f0_271 f0_836 0.93 -0.93 173.09 0 0 0 7573 7579
f1w_57 f0_311 f0_323 -6.17 6.17 172.15 0 0 0 7609 7599
f1w_59 f0_348 f0_450 -2.45 2.45 163.04 0 0 0 7537 7529
f1w_60 f0_309 f0_583 5.8 -5.8 168.25 0 0 0 7565 7577
f1w_61 f0_274 f0_603 -4.59 4.59 168.9 0 0 0 7527 7505
f1w_64 f0_424 f0_517 4.33 -4.33 170.88 0 0 0 7568 7578
f1w_65 f0_546 f0_917 6.12 -6.12 173.99 0 0 0 7550 7571
f1w_67 f0_229 f0_936 -8.62 8.62 164.89 0 0 0 7550 7523
f1w_69 f0_854 f0_880 -3.41 3.41 171.19 0 0 0 7530 7556
f1w_70 f0_297 f0_332 5.04 -5.04 161.7 0 0 0 7573 7603
f1w_71 f0_685 f0_753 0.31 -0.31 163.42 0 0 0 7583 7603
f1w_72 f0_628 f0_993 -1.43 1.43 166.76 0 0 0 7576 7548
f1w_74 f0_221 f0_618 19.94 -19.94 158.39 0 0 0 7557 7575
f1w_75 f0_344 f0_549 -2.11 2.11 171.74 0 0 0 7528 7574
f1w_76 f0_334 f0_768 4.11 -4.11 171.02 0 0 0 7560 7619
f1w_77 f0_290 f0_739 1.5 -1.5 169.97 0 0 0 7578 7565
f1w_78 f0_594 f0_1000 7.57 -7.57 164.68 0 0 0 7535 7545
f1w_80 f0_483 f0_514 -5.61 5.61 166.96 0 0 0 7520 7546
f1w_82 f0_463 f0_908 -3.97 3.97 173.24 0 0 0 7548 7539
f1w_84 f0_456 f0_791 -3.61 3.61 167.48 0 0 0 7620 7592
f1w_89 f0_400 f0_828 10.51 -10.51 171.08 0 0 0 7587 7560
f1w_92 f0_360 f0_449 -0.32 0.32 167.85 0 0 0 7552 7587
f1w_93 f0_336 f0_461 -4.36 4.36 162.88 0 0 0 7511 7517
f1w_95 f0_338 f0_543 -1.27 1.27 170.67 0 0 0 7577 7538
f1w_96 f0_788 f0_800 9.13 -9.13 169.36 0 0 0 7531 7580
f1w_97 f0_243 f0_594 7.76 -7.76 161.72 0 0 0 7545 7514
f1w_98 f0_683 f0_992 2.94 -2.94 172.7 0 0 0 7558 7595
f1w_100 f0_348 f0_420 -0.01 0.01 174.54 0 0 0 7542 7538
f1w_101 f0_220 f0_527 -14.88 14.88 162.19 0 0 0 7557 7553
f1w_102 f0_451 f0_546 -3.41 3.41 160.56 0 0 0 7588 7554
f1w_103 f0_208 f0_305 4.49 -4.49 168.98 0 0 0 7532 7510
f1w_104 f0_261 f0_758 5.55 -5.55 171.89 0 0 0 7523 7557
f1w_105 f0_387 f0_722 -17.56 17.56 154.54 0 0 0 7579 7565
f1w_106 f0_611 f0_899 -6.43 6.43 164.53 0 0 0 7531 7535
f1w_108 f0_316 f0_780 -3.23 3.23 167.9 0 0 0 7601 7556
f1w_111 f0_295 f0_829 5.72 -5.72 161.47 0 0 0 7526 7526
f1w_112 f0_360 f0_804 -6.69 6.69 169.78 0 0 0 7553 7565
f1w_114 f0_363 f0_519 -3.76 3.76 170.08 0 0 0 7562 7578
f1w_115 f0_508 f0_985 -4.25 4.25 169.79 0 0 0 7504 7561
f1w_116 f0_771 f0_798 10.36 -10.36 168.22 0 0 0 7554 7573
f1w_117 f0_650 f0_934 -8.63 8.63 167.33 0 0 0 7591 7596
f1w_118 f0_300 f0_357 -5.81 5.81 164.24 0 0 0 7569 7588
f1w_124 f0_838 f0_997 -3.51 3.51 165.38 0 0 0 7584 7559
f1w_125 f0_755 f0_758 -3.26 3.26 167.4 0 0 0 7576 7577
f1w_130 f0_357 f0_724 11.03 -11.03 162.05 0 0 0 7568 7587
f1w_132 f0_349 f0_989 7.05 -7.05 167.69 0 0 0 7578 7572
f1w_133 f0_758 f0_970 0 0 168.35 0 0 0 7578 7583
f1w_135 f0_258 f0_692 2.92 -2.92 162.51 0 0 0 7604 7577
f1w_138 f0_478 f0_630 -7.74 7.74 165.65 0 0 0 7531 7581
f1w_139 f0_719 f0_909 -12.93 12.93 166.83 0 0 0 7554 7590
f1w_140 f0_300 f0_897 -5.21 5.21 163.78 0 0 0 7510 7529
f1w_142 f0_674 f0_899 -5.25 5.25 168.27 0 0 0 7571 7584
f1w_144 f0_292 f0_835 -2.35 2.35 169.69 0 0 0 7612 7570
f1w_147 f0_237 f0_839 1.75 -1.75 172.61 0 0 0 7528 7547
f1w_149 f0_636 f0_855 -4.62 4.62 167.29 0 0 0 7521 7565
f1w_150 f0_422 f0_634 3.44 -3.44 175.53 0 0 0 7577 7567
f1w_153 f0_295 f0_879 -4.89 4.89 170.69 0 0 0 7593 7571
f1w_155 f0_470 f0_738 15.29 -15.29 155.06 0 0 0 7609 7582
f1w_160 f0_563 f0_875 -4.8 4.8 166.6 0 0 0 7568 7603
f1w_162 f0_611 f0_778 -2.37 2.37 170.25 0 0 0 7586 7596
f1w_166 f0_861 f0_928 2.92 -2.92 168.92 0 0 0 7593 7546
f1w_168 f0_416 f0_872 -13.43 13.43 159.09 0 0 0 7531 7503
f1w_169 f0_753 f0_940 1.65 -1.65 171.78 0 0 0 7586 7567
f1w_171 f0_643 f0_962 -3.75 3.75 173.68 0 0 0 7563 7568
f1w_172 f0_483 f0_746 -2.1 2.1 168.19 0 0 0 7533 7532
f1w_174 f0_490 f0_862 10.74 -10.74 170.27 0 0 0 7566 7519
f1w_178 f0_241 f0_784 0.48 -0.48 171.68 0 0 0 7545 7547
f1w_179 f0_630 f0_764 0.7 -0.7 172.01 0 0 0 7578 7566
f1w_182 f0_574 f0_608 -11.34 11.34 160.19 0 0 0 7573 7504
f1w_184 f0_379 f0_951 -3.21 3.21 165.46 0 0 0 7525 7540
f1w_188 f0_416 f0_617 -0.62 0.62 172.66 0 0 0 7530 7532
f1w_189 f0_514 f0_552 -6.84 6.84 166.4 0 0 0 7608 7581
f1w_194 f0_337 f0_421 -2.12 2.12 174.24 0 0 0 7572 7583
f1w_197 f0_361 f0_402 -13.96 13.96 164.78 0 0 0 7601 7574
f1w_198 f0_902 f0_933 8.52 -8.52 171.72 0 0 0 7609 7598
f1w_201 f0_597 f0_639 -9.69 9.69 160.59 0 0 0 7579 7611
f1w_202 f0_485 f0_952 8.32 -8.32 173.37 0 0 0 7547 7599
f1w_204 f0_477 f0_806 -2.07 2.07 162.46 0 0 0 7547 7571
f1w_205 f0_312 f0_956 -1.12 1.12 170.89 0 0 0 7601 7558
f1w_207 f0_394 f0_828 -0.23 0.23 178.28 0 0 0 7594 7584
f1w_209 f0_324 f0_761 -2.44 2.44 165.35 0 0 0 7568 7581
f1w_213 f0_366 f0_436 -1.46 1.46 172.26 0 0 0 7597 7595
f1w_214 f0_332 f0_990 2.11 -2.11 170.21 0 0 0 7585 7534
f1w_216 f0_526 f0_896 3.56 -3.56 167.88 0 0 0 7545 7592
f1w_218 f0_248 f0_674 2.78 -2.78 165.41 0 0 0 7553 7547
f1w_219 f0_486 f0_610 -10.75 10.75 160.44 0 0 0 7582 7593
f1w_221 f0_485 f0_909 -4.64 4.64 174.26 0 0 0 7527 7550
f1w_222 f0_685 f0_793 4.29 -4.29 162.36 0 0 0 7570 7555
f1w_223 f0_292 f0_373 -10.09 10.09 165.25 0 0 0 7604 7550
f1w_224 f0_501 f0_814 -4.51 4.51 164.03 0 0 0 7560 7558
f1w_225 f0_440 f0_839 0.38 -0.38 174.27 0 0 0 7551 7525
f1w_226 f0_753 f0_952 1.07 -1.07 168.32 0 0 0 7583 7602
f1w_227 f0_538 f0_704 -3.36 3.36 166.41 0 0 0 7561 7580
f1w_228 f0_206 f0_313 7.36 -7.36 156.95 0 0 0 7592 7602
f1w_229 f0_224 f0_676 12.34 -12.34 164.89 0 0 0 7545 7608
f1w_232 f0_237 f0_291 4.1 -4.1 170.83 0 0 0 7566 7616
f1w_239 f0_303 f0_421 -1.63 1.63 172.98 0 0 0 7534 7534
f1w_240 f0_352 f0_792 -9.38 9.38 168.41 0 0 0 7576 7598
f1w_242 f0_524 f0_816 7.49 -7.49 156.04 0 0 0 7521 7528
f1w_243 f0_288 f0_915 10.75 -10.75 161.54 0 0 0 7559 7601
f1w_245 f0_690 f0_702 2.1 -2.1 169.43 0 0 0 7545 7556
f1w_246 f0_672 f0_823 7.52 -7.52 168.22 0 0 0 7576 7585
f1w_249 f0_292 f0_715 -0.42 0.42 173.53 0 0 0 7610 7564
f1w_251 f0_664 f0_924 -1.44 1.44 165.77 0 0 0 7562 7522
f1w_252 f0_369 f0_933 2.97 -2.97 176.71 0 0 0 7566 7563
f1w_254 f0_258 f0_952 -3.01 3.01 164.41 0 0 0 7599 7628
f1w_256 f0_672 f0_1000 -15.11 15.11 167.86 0 0 0 7570 7545
f1w_260 f0_476 f0_852 -1.79 1.79 167.02 0 0 0 7556 7587
f1w_262 f0_247 f0_700 -5.33 5.33 167.28 0 0 0 7539 7587
f1w_263 f0_579 f0_751 1.83 -1.83 168.33 0 0 0 7560 7564
f1w_265 f0_499 f0_936 7.91 -7.91 168.78 0 0 0 7547 7563
f1w_270 f0_525 f0_850 4.22 -4.22 172.23 0 0 0 7581 7597
f1w_272 f0_229 f0_399 0.89 -0.89 176.11 0 0 0 7576 7553
f1w_273 f0_270 f0_402 -15 15 166.25 0 0 0 7564 7564
f1w_274 f0_612 f0_678 -5.38 5.38 161.95 0 0 0 7581 7545
f1w_278 f0_326 f0_990 -5.19 5.19 163.78 0 0 0 7523 7548
f1w_279 f0_393 f0_711 7.1 -7.1 171.5 0 0 0 7585 7601
f1w_280 f0_639 f0_831 8.01 -8.01 166.81 0 0 0 7630 7629
f1w_281 f0_861 f0_913 10.15 -10.15 165.07 0 0 0 7586 7582
f1w_282 f0_238 f0_400 -5.53 5.53 167.01 0 0 0 7563 7588
f1w_283 f0_261 f0_995 -0.14 0.14 174.66 0 0 0 7521 7552
f1w_285 f0_235 f0_730 2.98 -2.98 177.06 0 0 0 7596 7561
f1w_286 f0_449 f0_518 -1.65 1.65 173.58 0 0 0 7612 7592
f1w_287 f0_420 f0_444 -6.5 6.5 168.25 0 0 0 7546 7582
f1w_289 f0_564 f0_955 2.26 -2.26 165.43 0 0 0 7552 7574
f1w_290 f0_785 f0_985 3.61 -3.61 174.23 0 0 0 7591 7631
f1w_293 f0_249 f0_825 8.75 -8.75 164.4 0 0 0 7590 7623
f1w_297 f0_596 f0_740 -5.63 5.63 162.31 0 0 0 7556 7550
f1w_299 f0_228 f0_613 -4.68 4.68 168.87 0 0 0 7575 7543
f1w_300 f0_628 f0_931 0.23 -0.23 167.5 0 0 0 7580 7583
f1w_301 f0_819 f0_852 -9.63 9.63 159.29 0 0 0 7572 7586
f1w_302 f0_535 f0_790 -9.03 9.03 167.88 0 0 0 7554 7622
f1w_305 f0_407 f0_640 -8.4 8.4 162.25 0 0 0 7551 7547
f1w_310 f0_634 f0_854 -12.59 12.59 172.11 0 0 0 7579 7552
f1w_311 f0_275 f0_875 -14.32 14.32 163.36 0 0 0 7557 7597
f1w_315 f0_267 f0_612 4.02 -4.02 174.02 0 0 0 7542 7550
f1w_316 f0_210 f0_524 -4.77 4.77 172.05 0 0 0 7601 7561
f1w_317 f0_377 f0_882 -0.68 0.68 168.97 0 0 0 7604 7615
f1w_318 f0_449 f0_732 -9.39 9.39 162.95 0 0 0 7582 7521
f1w_319 f0_401 f0_590 4.62 -4.62 158.76 0 0 0 7541 7556
f1w_320 f0_727 f0_869 -1.73 1.73 170.88 0 0 0 7589 7555
f1w_322 f0_871 f0_917 -4.65 4.65 169.81 0 0 0 7572 7591
f1w_323 f0_441 f0_589 1 -1 180.26 0 0 0 7592 7567
f1w_324 f0_820 f0_850 -0.62 0.62 174.84 0 0 0 7577 7603
f1w_325 f0_297 f0_842 7.15 -7.15 172.77 0 0 0 7544 7544
f1w_326 f0_740 f0_918 -6.09 6.09 171.5 0 0 0 7556 7559
f1w_327 f0_727 f0_883 -0.74 0.74 166.96 0 0 0 7598 7583
f1w_328 f0_367 f0_739 3.27 -3.27 167.95 0 0 0 7597 7608
f1w_330 f0_696 f0_771 -7.74 7.74 169.15 0 0 0 7537 7584
f1w_331 f0_310 f0_416 -4.74 4.74 166.62 0 0 0 7513 7516
f1w_333 f0_841 f0_867 -1.23 1.23 165.52 0 0 0 7539 7511
f1w_334 f0_476 f0_565 -3.14 3.14 168.54 0 0 0 7574 7555
f1w_335 f0_956 f0_995 -0.44 0.44 164.29 0 0 0 7529 7544
f1w_337 f0_208 f0_378 -3.87 3.87 168.35 0 0 0 7557 7559
f1w_340 f0_319 f0_530 -0.27 0.27 167.57 0 0 0 7546 7579
f1w_341 f0_542 f0_727 0.89 -0.89 174.82 0 0 0 7576 7597
f1w_342 f0_516 f0_768 1.47 -1.47 167.69 0 0 0 7604 7619
f1w_343 f0_471 f0_548 -0.64 0.64 176.46 0 0 0 7574 7591
f1w_346 f0_206 f0_708 -2.85 2.85 161.75 0 0 0 7560 7572
f1w_347 f0_869 f0_900 5.58 -5.58 165.86 0 0 0 7552 7531
f1w_348 f0_656 f0_929 10.2 -10.2 156.85 0 0 0 7595 7583
f1w_349 f0_212 f0_728 -7.26 7.26 160.1 0 0 0 7526 7524
f1w_351 f0_313 f0_618 19.55 -19.55 153.87 0 0 0 7578 7580
f1w_353 f0_343 f0_801 5.79 -5.79 162.88 0 0 0 7514 7540
f1w_356 f0_478 f0_780 -4.94 4.94 166.88 0 0 0 7568 7562
f1w_358 f0_783 f0_957 0.29 -0.29 184.17 0 0 0 7633 7609
f1w_361 f0_549 f0_566 7.06 -7.06 170.46 0 0 0 7588 7570
f1w_362 f0_508 f0_884 -4.69 4.69 162.65 0 0 0 7548 7588
f1w_364 f0_463 f0_582 0.95 -0.95 166.91 0 0 0 7555 7555
f1w_372 f0_477 f0_722 9.67 -9.67 168.6 0 0 0 7556 7572
f1w_375 f0_506 f0_801 13.47 -13.47 167.94 0 0 0 7580 7573
f1w_379 f0_269 f0_277 -6.36 6.36 163.35 0 0 0 7593 7579
f1w_382 f0_303 f0_610 0.37 -0.37 176.05 0 0 0 7598 7601
f1w_383 f0_425 f0_470 3 -3 165.44 0 0 0 7515 7564
f1w_387 f0_542 f0_777 -3.79 3.79 166.47 0 0 0 7585 7619
f1w_388 f0_299 f0_320 7.02 -7.02 168.39 0 0 0 7549 7541
f1w_390 f0_257 f0_836 2.19 -2.19 172.59 0 0 0 7626 7635
f1w_398 f0_774 f0_969 0.35 -0.35 170.27 0 0 0 7554 7577
f1w_400 f0_326 f0_768 6.23 -6.23 171.08 0 0 0 7584 7653
f1w_402 f0_436 f0_965 -7.22 7.22 169.15 0 0 0 7569 7584
f1w_403 f0_516 f0_860 3.81 -3.81 171.35 0 0 0 7575 7512
f1w_404 f0_331 f0_424 0.98 -0.98 167.26 0 0 0 7569 7585
f1w_405 f0_323 f0_973 6.56 -6.56 161.63 0 0 0 7537 7543
f1w_406 f0_214 f0_679 2.54 -2.54 170.05 0 0 0 7523 7504
f1w_408 f0_365 f0_856 -3.62 3.62 171.79 0 0 0 7577 7597
f1w_409 f0_530 f0_856 1.83 -1.83 175.42 0 0 0 7576 7598
f1w_410 f0_212 f0_852 2.17 -2.17 168.36 0 0 0 7592 7594
f1w_413 f0_270 f0_633 -1.98 1.98 172.24 0 0 0 7587 7562
f1w_414 f0_757 f0_814 -17.87 17.87 162.4 0 0 0 7564 7541
f1w_418 f0_604 f0_660 3.48 -3.48 170.33 0 0 0 7547 7579
f1w_419 f0_388 f0_842 0.93 -0.93 174.21 0 0 0 7554 7557
f1w_420 f0_416 f0_438 1.18 -1.18 163.87 0 0 0 7560 7598
f1w_421 f0_421 f0_898 -8.06 8.06 164.38 0 0 0 7604 7596
f1w_422 f0_379 f0_855 5.85 -5.85 158.04 0 0 0 7535 7547
f1w_423 f0_370 f0_421 -4.98 4.98 166.06 0 0 0 7543 7574
f1w_425 f0_328 f0_619 1.86 -1.86 168.07 0 0 0 7573 7525
f1w_427 f0_476 f0_1000 -4.24 4.24 168.27 0 0 0 7589 7554
f1w_428 f0_441 f0_762 10.64 -10.64 166.41 0 0 0 7615 7620
f1w_430 f0_226 f0_515 -0.21 0.21 169.47 0 0 0 7547 7543
f1w_433 f0_290 f0_761 3.11 -3.11 164.31 0 0 0 7585 7593
f1w_436 f0_573 f0_582 -9.58 9.58 165.52 0 0 0 7602 7575
f1w_437 f0_291 f0_836 4.33 -4.33 171.24 0 0 0 7591 7579
f1w_439 f0_494 f0_994 -6.7 6.7 165.82 0 0 0 7553 7592
f1w_441 f0_495 f0_691 -3.04 3.04 167.88 0 0 0 7556 7546
f1w_443 f0_340 f0_586 -15.23 15.23 170.04 0 0 0 7567 7530
f1w_447 f0_706 f0_946 0.28 -0.28 172.28 0 0 0 7542 7556
f1w_449 f0_251 f0_352 6.63 -6.63 174.28 0 0 0 7582 7575
f1w_451 f0_387 f0_867 6.46 -6.46 166.23 0 0 0 7551 7525
f1w_453 f0_307 f0_850 -11.63 11.63 168.25 0 0 0 7574 7589
f1w_455 f0_245 f0_410 -2.76 2.76 176.36 0 0 0 7595 7603
f1w_456 f0_295 f0_684 9.24 -9.24 163.86 0 0 0 7553 7538
f1w_458 f0_737 f0_994 -4.56 4.56 164.71 0 0 0 7566 7559
f1w_459 f0_285 f0_449 2.84 -2.84 169.95 0 0 0 7571 7580
f1w_460 f0_316 f0_790 -6.6 6.6 167.52 0 0 0 7602 7610
f1w_461 f0_225 f0_363 8.73 -8.73 170.13 0 0 0 7576 7551
f1w_462 f0_359 f0_965 -4.88 4.88 168.64 0 0 0 7614 7636
f1w_463 f0_405 f0_913 7.01 -7.01 173.72 0 0 0 7576 7577
f1w_466 f0_366 f0_686 -3.21 3.21 164.57 0 0 0 7574 7575
f1w_467 f0_315 f0_865 -5.49 5.49 169.07 0 0 0 7507 7528
f1w_468 f0_634 f0_951 -14 14 167.1 0 0 0 7572 7538
f1w_469 f0_618 f0_890 10.93 -10.93 160.18 0 0 0 7577 7572
f1w_470 f0_241 f0_753 -10.75 10.75 168.11 0 0 0 7558 7599
f1w_471 f0_373 f0_977 0.68 -0.68 172.7 0 0 0 7512 7529
f1w_474 f0_361 f0_696 -3 3 166.47 0 0 0 7631 7550
f1w_476 f0_252 f0_456 0.81 -0.81 167.82 0 0 0 7553 7618
f1w_478 f0_546 f0_934 4.14 -4.14 165.22 0 0 0 7557 7579
f1w_479 f0_563 f0_847 2.53 -2.53 171.72 0 0 0 7544 7562
f1w_482 f0_264 f0_552 0.42 -0.42 169.92 0 0 0 7559 7549
f1w_483 f0_487 f0_757 0.37 -0.37 173.39 0 0 0 7588 7584
f1w_485 f0_229 f0_829 5.04 -5.04 170.36 0 0 0 7545 7536
f1w_487 f0_294 f0_701 5.64 -5.64 169.77 0 0 0 7565 7555
f1w_489 f0_655 f0_944 4.24 -4.24 166.31 0 0 0 7585 7567
f1w_491 f0_438 f0_959 1.95 -1.95 162.38 0 0 0 7602 7588
f1w_494 f0_523 f0_663 -1.8 1.8 169.98 0 0 0 7580 7547
f1w_495 f0_860 f0_890 2.65 -2.65 170.98 0 0 0 7566 7581
f1w_498 f0_616 f0_934 -3.02 3.02 173.28 0 0 0 7590 7608
f1w_500 f0_217 f0_366 -1.98 1.98 175.78 0 0 0 7610 7603
f2_4 f1h_280 f1w_327 5.53 -5.53 162.07 0 0 0 7561 7589
f2_7 f1h_477 f1w_410 -0.05 0.05 169.91 0 0 0 7569 7566
f2_10 f1w_393 f1w_473 12.42 -12.42 164.63 0 0 0 7609 7605
f2_12 f1w_194 f1w_239 12.1 -12.1 219.1 0 0 0 7593 7544
f2_13 f1w_32 f1w_475 -2.05 2.05 168.72 0 0 0 7538 7573
f2_16 f1h_430 f1w_476 -6.25 6.25 162.68 0 0 0 7516 7552
f2_18 f1h_403 f1w_310 3.95 -3.95 171.8 0 0 0 7572 7546
f2_20 f1h_44 f1h_57 -1.87 1.87 173.1 0 0 0 7589 7545
f2_21 f1h_299 f1w_486 15.55 -15.55 157.97 0 0 0 7544 7547
f2_23 f1h_452 f1w_76 -0.29 0.29 167.92 0 0 0 7533 7565
f2_25 f1h_220 f1h_447 4.72 -4.72 162.26 0 0 0 7568 7548
f2_28 f1h_283 f1h_284 13.59 -13.59 207.83 0 0 0 7550 7595
f2_29 f1w_400 f1w_421 2.34 -2.34 166.5 0 0 0 7591 7569
f2_30 f1h_250 f1h_419 0 0 176.23 0 0 0 7546 7585
f2_31 f1w_98 f1w_279 -5.23 5.23 166.24 0 0 0 7608 7605
f2_34 f1w_289 f1w_372 6.15 -6.15 160.16 0 0 0 7568 7578
f2_35 f1w_108 f1w_458 -1.8 1.8 168.17 0 0 0 7612 7590
f2_36 f1h_448 f1w_232 -3.06 3.06 175.47 0 0 0 7593 7622
f2_37 f1h_242 f1w_331 7.08 -7.08 167.08 0 0 0 7567 7517
f2_39 f1h_382 f1w_43 0.37 -0.37 170.22 0 0 0 7584 7575
f2_42 f1h_97 f1w_217 -2.67 2.67 164.86 0 0 0 7512 7541
f2_43 f1h_353 f1w_141 -6.13 6.13 164.57 0 0 0 7535 7545
f2_47 f1h_160 f1h_166 -8.03 8.03 166.48 0 0 0 7551 7513
f2_48 f1w_171 f1w_340 1.73 -1.73 165.16 0 0 0 7532 7551
f2_50 f1h_56 f1w_442 11.9 -11.9 166.03 0 0 0 7525 7540
f2_51 f1w_329 f1w_369 11.45 -11.45 164.37 0 0 0 7568 7556
f2_52 f1h_29 f1h_39 4.13 -4.13 228.06 0 0 0 7521 7541
f2_54 f1h_121 f1w_224 9.37 -9.37 169.25 0 0 0 7571 7561
f2_57 f1h_217 f1w_417 3.56 -3.56 172.6 0 0 0 7542 7561
f2_58 f1h_138 f1w_84 -8.6 8.6 174.26 0 0 0 7552 7605
f2_60 f1w_117 f1w_213 2.39 -2.39 167.72 0 0 0 7578 7581
f2_62 f1w_245 f1w_331 -8.91 8.91 166.4 0 0 0 7527 7496
f2_63 f1h_55 f1w_15 -9.4 9.4 168.72 0 0 0 7602 7608
f2_67 f1h_393 f1h_494 8.96 -8.96 168.81 0 0 0 7573 7544
f2_68 f1h_42 f1w_460 18.21 -18.21 158.14 0 0 0 7560 7602
f2_69 f1h_369 f1w_148 -3.43 3.43 167.13 0 0 0 7553 7563
f2_70 f1h_379 f1w_394 1.98 -1.98 164.9 0 0 0 7520 7529
f2_72 f1h_14 f1h_345 -0.02 0.02 171.53 0 0 0 7516 7510
f2_73 f1h_405 f1w_178 0.35 -0.35 173.35 0 0 0 7508 7531
f2_75 f1h_46 f1h_115 14.25 -14.25 166.35 0 0 0 7585 7558
f2_78 f1h_375 f1w_278 -1.32 1.32 172.8 0 0 0 7577 7545
f2_82 f1h_252 f1h_332 -6.9 6.9 167.03 0 0 0 7535 7572
f2_84 f1h_6 f1w_169 -2.47 2.47 170.69 0 0 0 7602 7585
f2_87 f1h_381 f1w_463 8.03 -8.03 170.15 0 0 0 7590 7561
f2_93 f1h_482 f1w_210 -2.84 2.84 167.93 0 0 0 7578 7609
f2_95 f1h_39 f1h_443 -15.64 15.64 165.27 0 0 0 7597 7581
f2_96 f1w_319 f1w_370 2.99 -2.99 163.32 0 0 0 7518 7518
f2_97 f1h_56 f1h_432 5.03 -5.03 166.68 0 0 0 7565 7561
f2_98 f1h_6 f1h_343 6.5 -6.5 168.02 0 0 0 7598 7597
f2_99 f1w_46 f1w_177 3.06 -3.06 163.77 0 0 0 7594 7602
f2_102 f1h_478 f1w_393 5.47 -5.47 168.76 0 0 0 7561 7558
f2_105 f1w_422 f1w_439 9.81 -9.81 159.04 0 0 0 7526 7574
f2_108 f1w_65 f1w_410 3.98 -3.98 170.93 0 0 0 7535 7524
f2_109 f1w_197 f1w_491 -0.1 0.1 169.78 0 0 0 7570 7600
f2_110 f1h_148 f1w_191 3.02 -3.02 168.06 0 0 0 7578 7592
f2_111 f1h_83 f1h_354 1.94 -1.94 169.51 0 0 0 7556 7582
f2_112 f1w_240 f1w_290 7.61 -7.61 165.26 0 0 0 7569 7613
f2_113 f1h_29 f1h_224 -12.17 12.17 161.79 0 0 0 7576 7551
f2_115 f1h_453 f1w_428 -3.16 3.16 169.97 0 0 0 7572 7628
f2_116 f1h_192 f1w_182 -5.06 5.06 163.15 0 0 0 7570 7535
f2_117 f1h_360 f1h_465 12.35 -12.35 164.68 0 0 0 7588 7561
f2_121 f1h_54 f1w_107 6.23 -6.23 167.77 0 0 0 7602 7575
f2_123 f1h_141 f1w_97 9.77 -9.77 166.45 0 0 0 7579 7580
f2_125 f1h_343 f1w_321 -7.58 7.58 167.87 0 0 0 7539 7506
f2_126 f1h_338 f1w_130 10.06 -10.06 160.47 0 0 0 7550 7583
f2_127 f1w_220 f1w_279 -3.5 3.5 167.09 0 0 0 7543 7562
f2_128 f1h_59 f1h_126 -1.27 1.27 167.42 0 0 0 7524 7546
f2_130 f1w_223 f1w_386 -9.44 9.44 163.04 0 0 0 7602 7581
f2_133 f1w_221 f1w_441 -3.61 3.61 168.81 0 0 0 7507 7535
f2_136 f1h_481 f1w_433 3.46 -3.46 171.75 0 0 0 7511 7552
f2_137 f1w_53 f1w_323 3.36 -3.36 174.76 0 0 0 7541 7566
f2_139 f1w_299 f1w_391 -2.59 2.59 170.83 0 0 0 7607 7599
f2_140 f1w_11 f1w_228 -5.84 5.84 164.54 0 0 0 7601 7622
f2_144 f1h_49 f1h_458 -1.94 1.94 164.34 0 0 0 7551 7552
f2_149 f1w_64 f1w_210 12.98 -12.98 159.92 0 0 0 7586 7628
f2_150 f1h_57 f1w_47 -0.89 0.89 177.46 0 0 0 7555 7582
f2_151 f1h_41 f1w_101 10.85 -10.85 159.59 0 0 0 7558 7529
f2_153 f1w_56 f1w_64 -1.85 1.85 169.41 0 0 0 7565 7562
f2_154 f1h_17 f1h_221 -9.27 9.27 164.65 0 0 0 7594 7574
f2_155 f1w_108 f1w_241 -3.87 3.87 163.18 0 0 0 7577 7592
f2_157 f1h_337 f1w_213 -4.49 4.49 167.23 0 0 0 7616 7601
f2_160 f1h_152 f1h_200 1.07 -1.07 173.83 0 0 0 7576 7571
f2_161 f1w_296 f1w_327 -12.59 12.59 170.47 0 0 0 7588 7588
f2_162 f1h_476 f1w_158 8.26 -8.26 162.75 0 0 0 7570 7580
f2_164 f1h_74 f1w_406 1.47 -1.47 166.74 0 0 0 7584 7534
f2_167 f1h_126 f1h_299 9.12 -9.12 163.48 0 0 0 7558 7565
f2_169 f1w_70 f1w_474 -1.25 1.25 166.42 0 0 0 7553 7574
f2_170 f1h_264 f1w_274 -2.93 2.93 161.7 0 0 0 7551 7555
f2_173 f1h_493 f1w_248 4.39 -4.39 173.56 0 0 0 7578 7581
f2_176 f1h_131 f1h_485 5.91 -5.91 165.08 0 0 0 7524 7517
f2_177 f1w_158 f1w_434 -5.7 5.7 162.2 0 0 0 7569 7546
f2_178 f1h_469 f1w_274 9.43 -9.43 165.18 0 0 0 7596 7599
f2_179 f1h_255 f1h_358 -6.33 6.33 167.99 0 0 0 7525 7502
f2_181 f1h_123 f1w_135 7.08 -7.08 170.58 0 0 0 7549 7594
f2_182 f1w_13 f1w_315 5.22 -5.22 166.63 0 0 0 7580 7551
f2_184 f1h_180 f1w_398 0.59 -0.59 169.81 0 0 0 7609 7547
f2_186 f1w_61 f1w_340 -5.31 5.31 164.65 0 0 0 7539 7552
f2_194 f1w_45 f1w_301 3.01 -3.01 166.12 0 0 0 7606 7547
f2_195 f1w_197 f1w_471 2.09 -2.09 169.53 0 0 0 7538 7527
f2_197 f1w_134 f1w_256 6.55 -6.55 171.96 0 0 0 7569 7577
f2_199 f1h_208 f1w_11 3.03 -3.03 165.51 0 0 0 7550 7568
f2_201 f1w_232 f1w_405 -9.52 9.52 165.04 0 0 0 7595 7537
f2_202 f1h_30 f1w_57 3.84 -3.84 166.42 0 0 0 7545 7607
f2_203 f1h_200 f1w_135 2.7 -2.7 174.38 0 0 0 7568 7615
f2_205 f1h_324 f1w_144 10.84 -10.84 164.2 0 0 0 7560 7606
f2_207 f1h_410 f1w_375 12.52 -12.52 168.01 0 0 0 7588 7581
f2_208 f1h_221 f1w_190 16.84 -16.84 163 0 0 0 7551 7562
f2_209 f1h_378 f1w_227 -0.54 0.54 169.56 0 0 0 7600 7605
f2_210 f1w_215 f1w_246 2.56 -2.56 172.65 0 0 0 7593 7599
f2_211 f1h_146 f1h_289 -1.01 1.01 175.01 0 0 0 7558 7528
f2_212 f1h_149 f1h_370 -13.97 13.97 157.39 0 0 0 7551 7513
f2_213 f1h_197 f1h_432 7.17 -7.17 165.99 0 0 0 7560 7540
f2_216 f1h_109 f1w_447 3.45 -3.45 162.61 0 0 0 7528 7524
f2_221 f1h_335 f1h_375 -1.04 1.04 164 0 0 0 7564 7572
f2_226 f1h_12 f1h_134 -1.43 1.43 172.73 0 0 0 7575 7538
f2_227 f1h_206 f1w_241 -7.08 7.08 170.15 0 0 0 7566 7616
f2_232 f1h_222 f1h_449 3.57 -3.57 166.72 0 0 0 7562 7564
f2_238 f1h_172 f1w_93 -4.65 4.65 165.87 0 0 0 7548 7521
f2_239 f1h_148 f1h_233 -2.87 2.87 169.82 0 0 0 7569 7588
f2_241 f1w_34 f1w_121 12.14 -12.14 172.24 0 0 0 7574 7607
f2_242 f1h_181 f1h_239 -10.21 10.21 165.47 0 0 0 7567 7501
f2_244 f1h_390 f1w_74 1.08 -1.08 166.4 0 0 0 7503 7557
f2_246 f1h_340 f1w_301 -6.68 6.68 166.94 0 0 0 7625 7579
f2_247 f1h_468 f1w_386 -4.22 4.22 162.16 0 0 0 7574 7553
f2_248 f1h_439 f1w_243 3.1 -3.1 171.98 0 0 0 7571 7642
f2_249 f1h_49 f1h_222 3.02 -3.02 169.54 0 0 0 7560 7535
f2_252 f1h_428 f1w_101 3.48 -3.48 174.73 0 0 0 7522 7546
f2_253 f1h_255 f1w_379 -8.02 8.02 168.68 0 0 0 7584 7609
f2_254 f1w_69 f1w_247 7.43 -7.43 168.48 0 0 0 7536 7582
f2_255 f1h_2 f1w_223 2.5 -2.5 171.54 0 0 0 7535 7587
f2_256 f1h_456 f1h_477 -0.48 0.48 169.12 0 0 0 7569 7574
f2_257 f1h_215 f1w_236 2.27 -2.27 166.98 0 0 0 7606 7625
f2_259 f1h_117 f1w_43 -5.63 5.63 165.6 0 0 0 7619 7599
f2_260 f1w_478 f1w_481 6.46 -6.46 165.73 0 0 0 7556 7524
f2_263 f1h_170 f1h_461 1.49 -1.49 168.01 0 0 0 7595 7562
f2_267 f1h_255 f1h_300 0.25 -0.25 177.56 0 0 0 7575 7609
f2_268 f1h_46 f1w_433 8.93 -8.93 165.38 0 0 0 7563 7579
f2_269 f1h_130 f1h_479 6.01 -6.01 168.4 0 0 0 7572 7572
f2_272 f1h_286 f1w_279 8.05 -8.05 159.86 0 0 0 7555 7584
f2_275 f1w_313 f1w_405 -7.35 7.35 161.46 0 0 0 7544 7515
f2_282 f1h_148 f1w_29 7.42 -7.42 164.44 0 0 0 7540 7575
f2_283 f1h_104 f1w_107 8.91 -8.91 161.29 0 0 0 7529 7503
f2_284 f1h_88 f1w_40 -3.07 3.07 160.77 0 0 0 7563 7572
f2_285 f1h_347 f1w_98 4.82 -4.82 167.42 0 0 0 7611 7619
f2_286 f1h_199 f1h_427 -5.24 5.24 173.6 0 0 0 7563 7546
f2_287 f1h_127 f1h_494 14.19 -14.19 168.94 0 0 0 7605 7587
f2_288 f1h_456 f1w_393 1.41 -1.41 173.86 0 0 0 7573 7594
f2_290 f1h_332 f1w_429 5.83 -5.83 169.5 0 0 0 7575 7544
f2_296 f1h_408 f1w_369 0.39 -0.39 170.91 0 0 0 7599 7595
f2_298 f1h_379 f1h_445 7.1 -7.1 166.79 0 0 0 7534 7554
f2_300 f1h_176 f1w_278 4.38 -4.38 165.67 0 0 0 7549 7542
f2_302 f1h_423 f1w_382 0.47 -0.47 169.07 0 0 0 7570 7577
f2_304 f1h_240 f1w_430 8.96 -8.96 161.26 0 0 0 7503 7503
f2_305 f1h_3 f1h_392 1.88 -1.88 160.48 0 0 0 7542 7538
f2_308 f1h_251 f1w_70 3.96 -3.96 167.5 0 0 0 7560 7576
f2_309 f1w_335 f1w_476 -3 3 167.02 0 0 0 7569 7602
f2_310 f1h_289 f1w_398 -0.76 0.76 170.26 0 0 0 7564 7569
f2_311 f1h_171 f1h_493 -1.31 1.31 168.92 0 0 0 7598 7579
f2_314 f1w_197 f1w_233 -10.59 10.59 162.82 0 0 0 7545 7519
f2_316 f1h_391 f1w_193 -1.23 1.23 167.71 0 0 0 7579 7582
f2_317 f1h_418 f1w_327 -4.9 4.9 166.8 0 0 0 7558 7566
f2_318 f1w_64 f1w_185 5.85 -5.85 173.53 0 0 0 7603 7635
f2_320 f1h_251 f1w_450 8.39 -8.39 161.62 0 0 0 7540 7571
f2_322 f1w_157 f1w_316 -4.56 4.56 164.87 0 0 0 7552 7593
f2_324 f1h_19 f1h_418 -1.52 1.52 167.87 0 0 0 7552 7553
f2_325 f1h_200 f1w_425 2.69 -2.69 172.15 0 0 0 7554 7565
f2_331 f1h_225 f1w_162 -5.18 5.18 168.14 0 0 0 7536 7581
f2_332 f1h_105 f1w_314 -12.79 12.79 163.34 0 0 0 7584 7549
f2_333 f1w_67 f1w_327 -1.52 1.52 169.26 0 0 0 7546 7572
f2_336 f1h_2 f1w_492 -5.8 5.8 168.67 0 0 0 7512 7540
f2_337 f1h_437 f1w_406 11.52 -11.52 163.48 0 0 0 7598 7527
f2_340 f1h_22 f1h_451 -2.54 2.54 165.74 0 0 0 7575 7570
f2_342 f1w_398 f1w_458 3.45 -3.45 165.41 0 0 0 7517 7534
f2_343 f1h_166 f1h_252 0.18 -0.18 175.28 0 0 0 7550 7544
f2_345 f1w_102 f1w_316 -2.97 2.97 164.81 0 0 0 7573 7590
f2_346 f1h_280 f1h_299 -2.41 2.41 164.82 0 0 0 7534 7552
f2_348 f1w_219 f1w_341 16.95 -16.95 163.42 0 0 0 7557 7554
f2_349 f1h_181 f1w_158 -0.07 0.07 171.69 0 0 0 7552 7539
f2_350 f1h_195 f1w_169 4.73 -4.73 171.26 0 0 0 7586 7610
f2_353 f1h_47 f1h_498 -3.19 3.19 170.85 0 0 0 7582 7605
f2_354 f1h_215 f1w_102 -6.96 6.96 161.2 0 0 0 7549 7566
f2_355 f1h_481 f1w_325 1.5 -1.5 171.79 0 0 0 7536 7532
f2_358 f1w_453 f1w_468 8.33 -8.33 172.36 0 0 0 7562 7544
f2_361 f1h_181 f1w_134 6.55 -6.55 169 0 0 0 7610 7592
f2_362 f1h_360 f1w_76 -1.08 1.08 166.81 0 0 0 7621 7612
f2_364 f1w_127 f1w_249 -2.43 2.43 171.83 0 0 0 7556 7596
f2_373 f1h_454 f1w_352 0 0 166.71 0 0 0 7555 7531
f2_374 f1h_32 f1h_81 1.47 -1.47 170.62 0 0 0 7556 7536
f2_375 f1h_48 f1w_153 0.94 -0.94 167.1 0 0 0 7556 7560
f2_377 f1h_206 f1h_277 1.75 -1.75 166.76 0 0 0 7550 7556
f2_378 f1h_418 f1w_468 5.64 -5.64 169.74 0 0 0 7575 7564
f2_379 f1h_22 f1w_156 -6.06 6.06 171.33 0 0 0 7545 7554
f2_384 f1h_280 f1w_358 7.16 -7.16 161.54 0 0 0 7516 7594
f2_386 f1w_160 f1w_193 5.61 -5.61 166.98 0 0 0 7599 7609
f2_387 f1w_33 f1w_156 -7.51 7.51 161.54 0 0 0 7573 7576
f2_388 f1w_60 f1w_210 -1.69 1.69 171.36 0 0 0 7540 7581
f2_389 f1h_4 f1w_135 9.9 -9.9 161.62 0 0 0 7574 7594
f2_391 f1h_20 f1h_172 0.21 -0.21 177.1 0 0 0 7584 7581
f2_395 f1w_63 f1w_272 9.36 -9.36 164.23 0 0 0 7571 7557
f2_396 f1h_82 f1h_205 3.07 -3.07 167.24 0 0 0 7538 7517
f2_397 f1h_264 f1h_432 -11.99 11.99 159.64 0 0 0 7517 7509
f2_399 f1w_216 f1w_316 -0.8 0.8 167.88 0 0 0 7554 7575
f2_400 f1h_278 f1w_175 12.53 -12.53 169.04 0 0 0 7572 7613
f2_406 f1h_143 f1h_193 -3.21 3.21 166.38 0 0 0 7618 7581
f2_407 f1h_417 f1w_190 6.79 -6.79 169.59 0 0 0 7613 7591
f2_410 f1h_220 f1h_350 7.67 -7.67 165.59 0 0 0 7545 7522
f2_412 f1h_462 f1w_285 -3.41 3.41 166.94 0 0 0 7550 7562
f2_414 f1w_25 f1w_317 6.48 -6.48 171.02 0 0 0 7554 7596
f2_415 f1h_253 f1h_255 17.61 -17.61 161.31 0 0 0 7509 7537
f2_416 f1h_217 f1h_410 -3.14 3.14 172.96 0 0 0 7573 7592
f2_420 f1w_174 f1w_363 -4.19 4.19 164.68 0 0 0 7518 7523
f2_421 f1w_211 f1w_361 3.72 -3.72 171.47 0 0 0 7602 7572
f2_422 f1h_31 f1w_348 0.34 -0.34 170.35 0 0 0 7512 7541
f2_423 f1h_262 f1w_404 0.79 -0.79 174.3 0 0 0 7572 7541
f2_427 f1h_470 f1w_76 0.5 -0.5 170.68 0 0 0 7548 7556
f2_431 f1h_450 f1w_65 -5.1 5.1 173.73 0 0 0 7528 7579
f2_437 f1h_338 f1w_365 -9.48 9.48 157.24 0 0 0 7559 7572
f2_440 f1h_134 f1h_202 5.3 -5.3 170.99 0 0 0 7528 7554
f2_444 f1h_491 f1w_319 2.35 -2.35 169.17 0 0 0 7552 7540
f2_445 f1h_48 f1w_344 5.67 -5.67 166.68 0 0 0 7556 7546
f2_447 f1h_24 f1w_193 -14.15 14.15 161.17 0 0 0 7549 7558
f2_448 f1w_257 f1w_305 -14.35 14.35 165.37 0 0 0 7573 7545
f2_450 f1w_30 f1w_351 4.33 -4.33 165.02 0 0 0 7584 7582
f2_451 f1h_338 f1w_326 1.89 -1.89 168.86 0 0 0 7552 7588
f2_453 f1w_121 f1w_463 -3.33 3.33 173.84 0 0 0 7624 7570
f2_456 f1w_189 f1w_317 -1.48 1.48 168.82 0 0 0 7587 7599
f2_460 f1h_164 f1w_419 -1.93 1.93 169.4 0 0 0 7555 7555
f2_461 f1w_182 f1w_352 6.81 -6.81 154.22 0 0 0 7515 7504
f2_464 f1h_246 f1h_425 0.27 -0.27 170.92 0 0 0 7572 7591
f2_467 f1h_143 f1w_283 -1.1 1.1 166.25 0 0 0 7586 7556
f2_468 f1w_141 f1w_156 -8.6 8.6 168.23 0 0 0 7575 7567
f2_472 f1h_474 f1w_103 6.34 -6.34 160.11 0 0 0 7556 7508
f2_474 f1h_291 f1h_439 -16.92 16.92 157.16 0 0 0 7553 7500
f2_476 f1h_202 f1w_195 -7.18 7.18 169.31 0 0 0 7552 7527
f2_478 f1h_265 f1w_327 -1.54 1.54 173.79 0 0 0 7567 7583
f2_479 f1h_387 f1h_455 9.96 -9.96 164.32 0 0 0 7598 7580
f2_484 f1w_382 f1w_393 -7.9 7.9 158.5 0 0 0 7560 7567
f2_487 f1h_332 f1w_386 -3.65 3.65 170.15 0 0 0 7565 7541
f2_489 f1h_43 f1w_247 -8.95 8.95 169.43 0 0 0 7545 7599
f2_490 f1h_43 f1w_77 3.49 -3.49 167.78 0 0 0 7568 7579
f2_491 f1w_220 f1w_424 7.55 -7.55 161.6 0 0 0 7557 7577
f2_492 f1w_174 f1w_357 -5.68 5.68 162.93 0 0 0 7549 7567
f2_495 f1h_199 f1w_75 0.7 -0.7 172.75 0 0 0 7567 7540
f2_496 f1h_382 f1w_273 9.73 -9.73 168.55 0 0 0 7563 7530
f2_497 f1h_470 f1w_157 1.95 -1.95 174.37 0 0 0 7562 7542
f2_500 f1w_142 f1w_204 -11.19 11.19 171.3 0 0 0 7599 7583
f2_501 f1h_419 f1w_140 3.82 -3.82 165.24 0 0 0 7609 7554
f2_505 f1h_109 f1w_476 2.16 -2.16 174.78 0 0 0 7546 7580
f2_507 f1h_39 f1w_220 -0.68 0.68 169.93 0 0 0 7574 7548
f2_508 f1h_19 f1h_388 8.5 -8.5 162.88 0 0 0 7566 7601
f2_509 f1h_427 f1w_370 -5.27 5.27 168.6 0 0 0 7543 7534
f2_510 f1w_337 f1w_348 7.03 -7.03 170.19 0 0 0 7561 7586
f2_512 f1w_293 f1w_449 -4.83 4.83 163.34 0 0 0 7611 7576
f2_517 f1w_199 f1w_227 -5.56 5.56 168.52 0 0 0 7557 7581
f2_520 f1h_86 f1w_115 -1.73 1.73 163.5 0 0 0 7536 7532
f2_522 f1h_83 f1w_178 1.83 -1.83 166.34 0 0 0 7559 7562
f2_523 f1w_406 f1w_420 -6.44 6.44 168.58 0 0 0 7530 7583
f2_524 f1h_487 f1w_93 -11.77 11.77 161.33 0 0 0 7531 7526
f2_526 f1w_120 f1w_482 -4.88 4.88 168.76 0 0 0 7547 7534
f2_529 f1w_8 f1w_98 -3.87 3.87 167.63 0 0 0 7544 7590
f2_534 f1w_135 f1w_282 2.6 -2.6 167.87 0 0 0 7587 7560
f2_535 f1h_333 f1w_421 10.84 -10.84 163.49 0 0 0 7622 7622
f2_537 f1h_125 f1w_369 6.17 -6.17 166.23 0 0 0 7548 7546
f2_539 f1h_204 f1h_381 -9.85 9.85 166.07 0 0 0 7566 7603
f2_541 f1h_276 f1w_41 8.74 -8.74 172.53 0 0 0 7546 7577
f2_543 f1h_388 f1w_413 -2.99 2.99 171.82 0 0 0 7585 7561
f2_546 f1h_25 f1w_302 -2.22 2.22 173.36 0 0 0 7606 7598
f2_548 f1w_322 f1w_352 -2.37 2.37 166.4 0 0 0 7579 7522
f2_549 f1h_176 f1h_193 0.93 -0.93 167.2 0 0 0 7580 7567
f2_553 f1h_49 f1h_369 11.93 -11.93 161.48 0 0 0 7505 7504
f2_556 f1h_55 f1w_28 -1.21 1.21 168.51 0 0 0 7562 7573
f2_557 f1w_190 f1w_262 -9.19 9.19 159.84 0 0 0 7539 7560
f2_558 f1h_288 f1h_381 -3.89 3.89 167.43 0 0 0 7578 7607
f2_560 f1w_52 f1w_453 4.52 -4.52 167.62 0 0 0 7542 7529
f2_561 f1h_57 f1w_500 8.36 -8.36 170.44 0 0 0 7555 7578
f2_565 f1h_227 f1w_473 -2.79 2.79 169.32 0 0 0 7602 7568
f2_566 f1w_34 f1w_474 3.45 -3.45 171.37 0 0 0 7548 7584
f2_569 f1h_277 f1w_481 -3.73 3.73 159.29 0 0 0 7547 7547
f2_573 f1h_56 f1h_315 -3.79 3.79 161.8 0 0 0 7535 7565
f2_576 f1h_52 f1h_298 -2.14 2.14 162.72 0 0 0 7599 7572
f2_578 f1h_99 f1h_487 -5.59 5.59 169.12 0 0 0 7558 7568
f2_581 f1h_206 f1h_336 -1.99 1.99 165.65 0 0 0 7576 7593
f2_582 f1w_149 f1w_460 -6.62 6.62 167.73 0 0 0 7532 7560
f2_583 f1h_59 f1w_112 -10.48 10.48 166.56 0 0 0 7535 7568
f2_584 f1h_461 f1w_171 -3.98 3.98 171.76 0 0 0 7560 7550
f2_585 f1h_461 f1w_114 -5.73 5.73 166.38 0 0 0 7523 7548
f2_586 f1h_189 f1w_383 -7.95 7.95 161.26 0 0 0 7551 7540
f2_587 f1h_260 f1h_316 -10.54 10.54 166.01 0 0 0 7579 7592
f2_589 f1h_42 f1h_268 1.85 -1.85 173.68 0 0 0 7570 7600
f2_591 f1w_106 f1w_236 -9.98 9.98 168.16 0 0 0 7544 7572
f2_592 f1w_34 f1w_449 -2.66 2.66 168.65 0 0 0 7543 7552
f2_594 f1w_97 f1w_388 1.94 -1.94 168.19 0 0 0 7546 7549
f2_595 f1h_497 f1w_433 9.06 -9.06 166.26 0 0 0 7579 7611
f2_596 f1w_180 f1w_330 -0.71 0.71 171.04 0 0 0 7587 7604
f2_599 f1h_482 f1w_413 0.87 -0.87 175.49 0 0 0 7567 7572
f2_600 f1w_29 f1w_449 -4.43 4.43 171.47 0 0 0 7597 7586
f2_602 f1h_169 f1w_175 -2.6 2.6 170.33 0 0 0 7561 7595
f2_603 f1h_263 f1w_311 -11.47 11.47 165.93 0 0 0 7596 7578
f2_604 f1w_127 f1w_473 1.42 -1.42 168.88 0 0 0 7532 7573
f2_606 f1h_71 f1w_466 5.57 -5.57 165.82 0 0 0 7540 7539
f2_608 f1h_263 f1w_71 -12.45 12.45 162.63 0 0 0 7588 7591
f2_610 f1h_420 f1w_387 -5.06 5.06 159.92 0 0 0 7562 7574
f2_612 f1w_159 f1w_498 -0.83 0.83 174.54 0 0 0 7598 7598
f2_613 f1h_448 f1w_425 -1.08 1.08 172.7 0 0 0 7558 7554
f2_617 f1h_432 f1h_473 6.64 -6.64 163.43 0 0 0 7544 7562
f2_618 f1h_208 f1h_316 -14.44 14.44 165.88 0 0 0 7533 7573
f2_619 f1h_381 f1w_331 1.89 -1.89 166.72 0 0 0 7622 7553
f2_622 f1h_294 f1w_329 -5.88 5.88 169.81 0 0 0 7600 7604
f2_623 f1h_429 f1w_184 4.07 -4.07 177.15 0 0 0 7568 7531
f2_628 f1h_168 f1h_436 1.67 -1.67 165.78 0 0 0 7570 7570
f2_629 f1h_123 f1w_80 10.16 -10.16 163.36 0 0 0 7577 7566
f2_630 f1w_30 f1w_194 4.03 -4.03 166.45 0 0 0 7612 7608
f2_635 f1h_439 f1w_413 16.75 -16.75 157.49 0 0 0 7525 7567
f2_637 f1h_388 f1w_219 -7.6 7.6 167.37 0 0 0 7620 7593
f2_638 f1h_380 f1w_88 0.6 -0.6 169.48 0 0 0 7558 7540
f2_643 f1h_312 f1h_460 1.51 -1.51 165.97 0 0 0 7577 7566
f2_645 f1h_10 f1h_381 9.98 -9.98 168.01 0 0 0 7584 7624
f2_647 f1h_180 f1w_479 -11.08 11.08 164.36 0 0 0 7597 7548
f2_651 f1h_126 f1w_175 -6.03 6.03 168.18 0 0 0 7557 7592
f2_653 f1h_141 f1h_355 1.85 -1.85 213.04 0 0 0 7560 7562
f2_656 f1h_237 f1w_252 2.71 -2.71 173.93 0 0 0 7613 7562
f2_658 f1h_416 f1w_375 3.11 -3.11 175.48 0 0 0 7602 7593
f2_659 f1h_52 f1h_440 -0.01 0.01 171.35 0 0 0 7563 7593
f2_660 f1h_105 f1w_82 5.03 -5.03 162.07 0 0 0 7584 7539
f2_663 f1h_335 f1w_442 -6.58 6.58 166.94 0 0 0 7584 7549
f2_664 f1h_356 f1h_485 -1.01 1.01 176.13 0 0 0 7497 7514
f2_665 f1w_329 f1w_338 14.58 -14.58 166.32 0 0 0 7613 7589
f2_669 f1h_69 f1w_370 -9.75 9.75 164.06 0 0 0 7547 7527
f2_670 f1w_187 f1w_216 -6.09 6.09 169.12 0 0 0 7518 7544
f2_671 f1h_189 f1w_323 1.37 -1.37 165.1 0 0 0 7583 7595
f2_673 f1w_240 f1w_326 3.67 -3.67 168.81 0 0 0 7556 7569
f2_674 f1h_386 f1w_130 -1.07 1.07 168.97 0 0 0 7540 7586
f2_676 f1h_398 f1w_489 -2.38 2.38 175.41 0 0 0 7551 7564
f2_677 f1h_18 f1h_462 1.62 -1.62 172.13 0 0 0 7536 7548
f2_678 f1h_124 f1w_494 -7.75 7.75 167.42 0 0 0 7600 7584
f2_679 f1h_267 f1w_298 -9.17 9.17 165.25 0 0 0 7571 7562
f2_680 f1h_156 f1w_72 5.8 -5.8 164.95 0 0 0 7566 7550
f2_682 f1w_315 f1w_469 8.97 -8.97 166.7 0 0 0 7541 7571
f2_686 f1h_496 f1w_16 2.59 -2.59 169.6 0 0 0 7587 7554
f2_687 f1w_151 f1w_272 -6.63 6.63 164.18 0 0 0 7505 7519
f2_688 f1h_55 f1w_179 -2.89 2.89 169.93 0 0 0 7575 7576
f2_690 f1w_344 f1w_452 -12.63 12.63 168.34 0 0 0 7570 7567
f2_692 f1w_297 f1w_363 -3.51 3.51 163.57 0 0 0 7536 7531
f2_694 f1h_354 f1w_271 -11.99 11.99 171.96 0 0 0 7540 7530
f2_697 f1w_102 f1w_466 14.15 -14.15 155.68 0 0 0 7535 7522
f2_698 f1h_242 f1w_252 -2.6 2.6 164.16 0 0 0 7588 7571
f2_701 f1h_145 f1w_81 3.72 -3.72 170.54 0 0 0 7586 7543
f2_702 f1h_232 f1h_278 -5.51 5.51 168.29 0 0 0 7542 7527
f2_703 f1h_282 f1w_413 5.1 -5.1 165.15 0 0 0 7540 7575
f2_708 f1w_2 f1w_14 8.9 -8.9 165.89 0 0 0 7553 7555
f2_712 f1h_47 f1h_362 5.06 -5.06 180.55 0 0 0 7559 7545
f2_715 f1h_83 f1w_99 5.84 -5.84 164.01 0 0 0 7565 7565
f2_716 f1h_309 f1w_38 4.29 -4.29 161.29 0 0 0 7571 7601
f2_717 f1h_277 f1h_430 1.6 -1.6 163.99 0 0 0 7575 7568
f2_718 f1h_283 f1w_148 8.53 -8.53 165.31 0 0 0 7551 7562
f2_719 f1h_434 f1w_437 -4.34 4.34 165.58 0 0 0 7565 7554
f2_720 f1w_69 f1w_461 -7.89 7.89 164.78 0 0 0 7536 7554
f2_722 f1w_16 f1w_466 -1.88 1.88 165.64 0 0 0 7552 7539
f2_723 f1h_6 f1h_151 2.91 -2.91 175.7 0 0 0 7559 7554
f2_725 f1h_105 f1h_242 -17.48 17.48 164.38 0 0 0 7571 7539
f2_726 f1w_223 f1w_299 -3.01 3.01 170.84 0 0 0 7591 7596
f2_727 f1h_433 f1w_106 1.58 -1.58 173.7 0 0 0 7589 7554
f2_729 f1w_89 f1w_326 -2.27 2.27 168.69 0 0 0 7611 7612
f2_731 f1h_111 f1w_124 -25.4 25.4 150.34 0 0 0 7579 7557
f2_734 f1h_18 f1h_249 12.55 -12.55 160.36 0 0 0 7543 7558
f2_735 f1h_429 f1w_364 -2.79 2.79 165.77 0 0 0 7586 7568
f2_737 f1h_291 f1w_377 -4.6 4.6 165.17 0 0 0 7574 7537
f2_738 f1w_14 f1w_274 -15.27 15.27 163.88 0 0 0 7587 7566
f2_739 f1w_358 f1w_426 -0.83 0.83 165.99 0 0 0 7613 7550
f2_743 f1h_173 f1h_465 -6.97 6.97 170.01 0 0 0 7519 7510
f2_744 f1h_307 f1h_418 2.66 -2.66 160.84 0 0 0 7584 7573
f2_746 f1h_171 f1h_324 -10.89 10.89 169.01 0 0 0 7590 7523
f2_747 f1w_43 f1w_76 3.32 -3.32 168.7 0 0 0 7550 7558
f2_748 f1h_356 f1w_121 -5.63 5.63 170.63 0 0 0 7493 7573
f2_749 f1h_176 f1w_349 3.88 -3.88 166.21 0 0 0 7531 7469
f2_751 f1w_105 f1w_174 -11.02 11.02 162.9 0 0 0 7565 7549
f2_753 f1w_220 f1w_403 -4.03 4.03 165.3 0 0 0 7593 7576
f2_754 f1h_59 f1w_217 -3.92 3.92 170.29 0 0 0 7541 7572
f2_759 f1h_449 f1w_61 -0.61 0.61 165.45 0 0 0 7548 7550
f2_760 f1h_33 f1h_205 -4.74 4.74 163.43 0 0 0 7581 7559
f2_761 f1h_272 f1w_104 6.43 -6.43 167.76 0 0 0 7534 7542
f2_764 f1h_335 f1w_241 -1.08 1.08 168.4 0 0 0 7611 7609
f2_765 f1w_69 f1w_211 4.27 -4.27 172.86 0 0 0 7550 7613
f2_766 f1h_287 f1w_321 4.05 -4.05 165.52 0 0 0 7568 7549
f2_768 f1h_212 f1w_19 -2.46 2.46 167.46 0 0 0 7574 7595
f2_769 f1h_56 f1w_56 3.79 -3.79 165.61 0 0 0 7521 7521
f2_771 f1w_236 f1w_494 2.85 -2.85 164.55 0 0 0 7571 7557
f2_772 f1w_32 f1w_286 7.49 -7.49 168.33 0 0 0 7550 7586
f2_775 f1h_267 f1w_252 -2.85 2.85 162.45 0 0 0 7579 7564
f2_776 f1h_1 f1w_195 -11.73 11.73 167.05 0 0 0 7575 7552
f2_777 f1h_362 f1w_262 -4.75 4.75 170.21 0 0 0 7541 7575
f2_778 f1h_4 f1h_360 9.05 -9.05 164.93 0 0 0 7589 7595
f2_779 f1w_153 f1w_306 5.03 -5.03 171.06 0 0 0 7596 7591
f2_780 f1h_174 f1w_12 6.37 -6.37 170.68 0 0 0 7562 7557
f2_781 f1h_78 f1h_216 6.18 -6.18 165.99 0 0 0 7506 7536
f2_782 f1w_278 f1w_301 7.6 -7.6 163 0 0 0 7549 7549
f2_784 f1h_355 f1w_48 5.91 -5.91 168.93 0 0 0 7546 7584
f2_785 f1h_265 f1w_17 -5.76 5.76 178.28 0 0 0 7554 7539
f2_787 f1w_86 f1w_336 -12.26 12.26 165.77 0 0 0 7517 7548
f2_788 f1h_481 f1w_192 -9.6 9.6 163.03 0 0 0 7506 7502
f2_794 f1h_242 f1w_406 2.18 -2.18 165.44 0 0 0 7569 7520
f2_797 f1h_39 f1h_381 8.95 -8.95 164.77 0 0 0 7545 7552
f2_799 f1h_47 f1h_157 12.47 -12.47 169.33 0 0 0 7559 7575
f2_801 f1h_216 f1w_65 2.48 -2.48 170.6 0 0 0 7553 7567
f2_803 f1w_27 f1w_481 -9.58 9.58 165.53 0 0 0 7523 7521
f2_804 f1h_443 f1w_325 -1.91 1.91 172.33 0 0 0 7595 7564
f2_805 f1w_139 f1w_324 -0.04 0.04 171.59 0 0 0 7571 7587
f2_808 f1h_92 f1h_127 -14.32 14.32 165.27 0 0 0 7593 7601
f2_809 f1h_408 f1w_112 -11.44 11.44 168.63 0 0 0 7575 7577
f2_811 f1h_288 f1w_76 4.11 -4.11 164.56 0 0 0 7559 7581
f2_812 f1w_88 f1w_193 -11.96 11.96 161.3 0 0 0 7521 7556
f2_813 f1w_220 f1w_223 -1.05 1.05 170.09 0 0 0 7544 7565
f2_814 f1h_337 f1h_423 7.96 -7.96 166.65 0 0 0 7578 7546
f2_815 f1h_314 f1w_343 1.02 -1.02 168.9 0 0 0 7545 7568
f2_819 f1h_343 f1h_386 8.53 -8.53 160.86 0 0 0 7572 7542
f2_820 f1w_21 f1w_198 5.51 -5.51 166.96 0 0 0 7586 7588
f2_822 f1h_92 f1w_241 15.18 -15.18 173.03 0 0 0 7580 7594
f2_826 f1h_228 f1w_287 9.68 -9.68 161.55 0 0 0 7610 7615
f2_827 f1h_495 f1w_101 -5.18 5.18 164.64 0 0 0 7553 7542
f2_831 f1h_16 f1w_151 -9.5 9.5 167.39 0 0 0 7578 7555
f2_833 f1h_389 f1w_183 -7 7 167.35 0 0 0 7575 7601
f2_835 f1h_385 f1w_224 1.7 -1.7 161.25 0 0 0 7593 7608
f2_836 f1h_180 f1h_318 -4.18 4.18 169.49 0 0 0 7598 7549
f2_838 f1h_205 f1h_443 10.74 -10.74 164.72 0 0 0 7526 7563
f2_840 f1h_344 f1w_2 1.01 -1.01 173.13 0 0 0 7509 7529
f2_842 f1h_308 f1h_482 -3.45 3.45 169.27 0 0 0 7585 7567
f2_843 f1w_242 f1w_383 0.76 -0.76 166.99 0 0 0 7548 7534
f2_850 f1h_164 f1w_187 4.44 -4.44 162.65 0 0 0 7553 7539
f2_852 f1h_26 f1w_256 -0.63 0.63 169.82 0 0 0 7592 7574
f2_853 f1h_430 f1w_364 -11.43 11.43 157.87 0 0 0 7540 7546
f2_854 f1h_220 f1w_314 5.82 -5.82 171.9 0 0 0 7562 7546
f2_855 f1w_134 f1w_281 1.24 -1.24 165.93 0 0 0 7545 7546
f2_857 f1h_331 f1h_470 2.73 -2.73 167.52 0 0 0 7604 7590
f2_858 f1h_275 f1h_280 15.24 -15.24 159.13 0 0 0 7552 7576
f2_862 f1h_200 f1w_412 -13.08 13.08 165.14 0 0 0 7589 7578
f2_864 f1h_233 f1w_61 -14.61 14.61 157.09 0 0 0 7534 7535
f2_866 f1h_334 f1h_489 2.34 -2.34 174.9 0 0 0 7603 7541
f2_867 f1h_333 f1w_455 12.8 -12.8 165.27 0 0 0 7594 7577
f2_869 f1h_458 f1w_347 4.66 -4.66 171.84 0 0 0 7608 7603
f2_870 f1h_408 f1w_494 6.82 -6.82 164.71 0 0 0 7549 7542
f2_871 f1h_18 f1w_92 -9.74 9.74 161.91 0 0 0 7554 7573
f2_872 f1h_131 f1w_229 -7.37 7.37 168.87 0 0 0 7556 7575
f2_875 f1h_362 f1h_445 -2.42 2.42 170.39 0 0 0 7554 7587
f2_876 f1h_49 f1h_447 2.02 -2.02 168.27 0 0 0 7530 7544
f2_878 f1w_32 f1w_226 4.41 -4.41 165.37 0 0 0 7522 7541
f2_879 f1w_88 f1w_347 -1.84 1.84 172.01 0 0 0 7558 7589
f2_880 f1h_378 f1w_404 -0.93 0.93 169.53 0 0 0 7587 7576
f2_883 f1h_293 f1w_54 -19.23 19.23 161.34 0 0 0 7588 7584
f2_884 f1h_494 f1w_43 3.89 -3.89 169.34 0 0 0 7566 7573
f2_885 f1w_444 f1w_453 -13.23 13.23 171.78 0 0 0 7608 7580
f2_886 f1h_398 f1w_383 -10.32 10.32 164.82 0 0 0 7554 7555
f2_887 f1h_443 f1w_263 3.77 -3.77 170.04 0 0 0 7572 7563
f2_888 f1h_16 f1h_358 6.48 -6.48 167.43 0 0 0 7577 7530
f2_889 f1h_33 f1w_174 11.32 -11.32 162.2 0 0 0 7584 7563
f2_890 f1w_153 f1w_187 -0.15 0.15 166.27 0 0 0 7568 7520
f2_891 f1h_228 f1w_22 -3.52 3.52 169.99 0 0 0 7556 7552
f2_892 f1h_105 f1h_211 -10.87 10.87 162.47 0 0 0 7590 7543
f2_893 f1h_264 f1w_322 10.67 -10.67 167.14 0 0 0 7532 7560
f2_895 f1w_81 f1w_376 -7.8 7.8 167.2 0 0 0 7587 7634
f2_898 f1h_216 f1w_333 6.02 -6.02 169.88 0 0 0 7564 7539
f2_902 f1h_74 f1h_223 9.82 -9.82 158.25 0 0 0 7606 7589
f2_905 f1h_204 f1w_192 5.21 -5.21 168.79 0 0 0 7542 7540
f2_906 f1w_124 f1w_249 11.9 -11.9 161.08 0 0 0 7580 7578
f2_909 f1h_173 f1w_21 5.87 -5.87 170.75 0 0 0 7571 7597
f2_913 f1h_103 f1w_331 5.99 -5.99 165.17 0 0 0 7558 7501
f2_914 f1h_440 f1w_242 -9.6 9.6 165.42 0 0 0 7594 7567
f2_916 f1h_197 f1w_15 5.41 -5.41 165.48 0 0 0 7549 7540
f2_918 f1w_92 f1w_232 3.35 -3.35 162.49 0 0 0 7590 7609
f2_919 f1w_4 f1w_427 6.27 -6.27 172.1 0 0 0 7551 7576
f2_921 f1h_255 f1h_427 -0.23 0.23 166.93 0 0 0 7537 7547
f2_922 f1h_251 f1w_146 0.8 -0.8 175.57 0 0 0 7554 7584
f2_923 f1w_107 f1w_447 1.1 -1.1 166.06 0 0 0 7552 7550
f2_924 f1w_168 f1w_469 8.79 -8.79 169.31 0 0 0 7525 7545
f2_927 f1h_169 f1w_110 -1.87 1.87 175.89 0 0 0 7596 7588
f2_928 f1h_363 f1w_198 2.7 -2.7 171.6 0 0 0 7573 7582
f2_929 f1h_49 f1w_487 0.91 -0.91 176.24 0 0 0 7583 7588
f2_933 f1h_86 f1w_211 9.1 -9.1 163.73 0 0 0 7551 7597
f2_935 f1h_445 f1w_478 -13.55 13.55 160.56 0 0 0 7572 7563
f2_939 f1h_459 f1w_93 0.19 -0.19 172.8 0 0 0 7596 7561
f2_941 f1w_243 f1w_262 -10.9 10.9 161.77 0 0 0 7571 7564
f2_943 f1h_232 f1w_188 3.5 -3.5 173.73 0 0 0 7608 7575
f2_944 f1h_155 f1w_459 -9.15 9.15 168.18 0 0 0 7565 7593
f2_945 f1h_158 f1h_324 -0.7 0.7 173.85 0 0 0 7579 7567
f2_946 f1h_371 f1w_193 0.32 -0.32 166.45 0 0 0 7558 7562
f2_951 f1h_487 f1w_375 1.26 -1.26 175.71 0 0 0 7558 7585
f2_952 f1h_268 f1h_276 -6.92 6.92 162.32 0 0 0 7570 7562
f2_954 f1h_1 f1w_133 -4.39 4.39 175.37 0 0 0 7587 7597
f2_955 f1w_409 f1w_425 -2.68 2.68 173.58 0 0 0 7562 7572
f2_957 f1h_86 f1w_13 8.23 -8.23 168.06 0 0 0 7549 7581
f2_960 f1h_122 f1h_197 2.8 -2.8 171.2 0 0 0 7531 7552
f2_962 f1w_380 f1w_494 -2.31 2.31 171.14 0 0 0 7578 7565
f2_963 f1w_220 f1w_487 3.25 -3.25 168.74 0 0 0 7571 7580
f2_969 f1w_60 f1w_361 -5.32 5.32 172.29 0 0 0 7575 7588
f2_972 f1w_334 f1w_386 -2.47 2.47 175.97 0 0 0 7571 7553
f2_973 f1w_31 f1w_468 12.23 -12.23 166.82 0 0 0 7573 7553
f2_974 f1w_319 f1w_421 3.81 -3.81 168.8 0 0 0 7518 7557
f2_976 f1w_229 f1w_279 -7.03 7.03 163.66 0 0 0 7581 7593
f2_981 f1h_221 f1w_340 -7.38 7.38 165.26 0 0 0 7562 7568
f2_984 f1h_318 f1w_463 1.16 -1.16 172.06 0 0 0 7548 7545
f2_985 f1h_333 f1w_463 -5.54 5.54 175.28 0 0 0 7573 7550
f2_986 f1h_54 f1w_31 -0.31 0.31 171.91 0 0 0 7540 7533
f2_987 f1h_332 f1w_148 -3.85 3.85 170.42 0 0 0 7586 7583
f2_988 f1h_372 f1h_495 -2.54 2.54 171.59 0 0 0 7565 7569
f2_990 f1h_284 f1h_462 -4.54 4.54 159.51 0 0 0 7613 7560
f2_992 f1h_126 f1h_195 -10.79 10.79 159.09 0 0 0 7547 7530
f2_994 f1h_252 f1h_382 -9.02 9.02 163.42 0 0 0 7511 7547
f2_997 f1h_33 f1w_48 4.89 -4.89 177.83 0 0 0 7617 7628
