id parent1 parent2 LLRparent1 LLRparent2 LLRpair OHparent1 OHparent2 MEpair SNPd.id.parent1 SNPd.id.parent2
f0_1 f0_176 f2_27 0.03 -0.03 1.27 0 0 0 66 60
f0_1 f0_178 f0_705 0.11 -0.11 0.33 0 0 0 67 65
f0_1 f2_27 f2_448 -0.25 0.25 1.02 0 0 0 60 67
f0_2 f1h_425 f2_244 -0.48 0.48 0.79 0 0 0 65 69
f0_3 f1h_207 f1h_329 0.39 -0.39 1.37 0 0 0 62 63
f0_3 f1h_329 f1h_349 -0.16 0.16 1.62 0 0 0 63 63
f0_3 f1h_329 f2_907 0.18 -0.18 1.96 0 0 0 63 62
f0_4 f0_82 f0_213 -0.21 0.21 0.07 0 0 0 67 70
f0_4 f0_82 f0_448 0.05 -0.05 0.65 0 0 0 67 69
f0_4 f0_82 f0_599 -0.38 0.38 0.28 0 0 0 67 66
f0_4 f0_82 f1h_161 0.07 -0.07 0.05 0 0 0 67 69
f0_4 f0_82 f1h_387 -0.17 0.17 0.36 0 0 0 67 65
f0_4 f0_82 f1w_84 -0.16 0.16 0.05 0 0 0 67 70
f0_4 f0_82 f1w_109 -0.03 0.03 -0.21 0 0 0 67 66
f0_4 f0_82 f2_408 -0.5 0.5 0.63 0 0 0 67 62
f0_4 f0_82 f2_941 -0.03 0.03 0.38 0 0 0 67 69
f0_4 f0_143 f0_213 0.2 -0.2 0.08 0 0 0 69 70
f0_4 f0_143 f2_953 0.28 -0.28 0.31 0 0 0 69 69
f0_4 f0_213 f0_715 0.05 -0.05 0.44 0 0 0 70 65
f0_4 f0_213 f0_768 -0.28 0.28 0.68 0 0 0 70 65
f0_4 f0_213 f1h_97 -0.37 -0.12 -0.03 0 0 0 70 70
f0_4 f0_213 f1h_369 0.08 -0.08 0.13 0 0 0 70 66
f0_4 f0_213 f1w_493 -0.37 0.37 0.45 0 0 0 70 71
f0_4 f0_213 f2_326 0.17 -0.17 0.27 0 0 0 70 68
f0_4 f0_213 f2_906 0.01 -0.01 0.48 0 0 0 70 63
f0_4 f0_258 f2_326 0.41 -0.41 0.42 0 0 0 63 68
f0_4 f0_303 f0_696 -0.12 0.12 -0.41 0 0 0 67 64
f0_4 f0_303 f2_953 -0.05 0.05 0.71 0 0 0 67 69
f0_4 f0_448 f1h_97 -0.53 0.53 0.39 0 0 0 69 70
f0_4 f0_448 f2_3 -0.45 0.45 0.62 0 0 0 69 66
f0_4 f0_599 f0_696 0.16 -0.16 0.57 0 0 0 66 64
f0_4 f0_599 f1h_97 -0.09 0.09 0.26 0 0 0 66 70
f0_4 f0_630 f0_723 0.05 -0.05 0.25 0 0 0 70 66
f0_4 f0_630 f1h_336 0.04 -0.04 0.49 0 0 0 70 69
f0_4 f0_630 f2_326 0.38 -0.38 0.24 0 0 0 70 68
f0_4 f0_630 f2_941 0.51 -0.51 0.43 0 0 0 70 69
f0_4 f0_696 f0_723 -0.05 0.05 0.59 0 0 0 64 66
f0_4 f0_696 f0_741 0.29 -0.29 0.84 0 0 0 64 66
f0_4 f0_696 f1h_336 -0.1 0.1 0.51 0 0 0 64 69
f0_4 f0_723 f1w_109 0.14 -0.14 0.8 0 0 0 66 66
f0_4 f0_723 f2_735 0.1 -0.1 0.58 0 0 0 66 68
f0_4 f0_741 f2_3 -0.4 0.4 0.85 0 0 0 66 66
f0_4 f0_741 f2_735 -0.23 0.23 0.66 0 0 0 66 68
f0_4 f0_763 f1h_387 0.17 -0.17 0.42 0 0 0 69 65
f0_4 f1h_97 f2_461 0.16 -0.16 -0.21 0 0 0 70 67
f0_4 f1h_97 f2_683 0.26 -0.26 0.38 0 0 0 70 69
f0_4 f1h_137 f1h_161 -0.11 0.11 0.46 0 0 0 65 69
f0_4 f1h_171 f2_683 -0.57 0.57 0.54 0 0 0 66 69
f0_4 f1h_336 f1h_369 0.19 -0.19 0.16 0 0 0 69 66
f0_4 f1h_336 f1h_387 0.23 -0.23 0.34 0 0 0 69 65
f0_4 f1h_336 f1w_109 0.07 -0.07 0.6 0 0 0 69 66
f0_4 f1h_336 f2_735 0.18 -0.18 0.47 0 0 0 69 68
f0_4 f1h_370 f2_3 -0.12 0.12 0.62 0 0 0 68 66
f0_4 f1h_387 f1w_184 0.13 -0.13 1.14 0 0 0 65 68
f0_4 f1h_387 f2_953 0.09 -0.09 0.72 0 0 0 65 69
f0_4 f1w_84 f2_462 -0.27 0.27 0.77 0 0 0 70 65
f0_4 f1w_109 f2_326 0.13 -0.13 0.8 0 0 0 66 68
f0_4 f1w_109 f2_461 -0.3 0.3 -0.02 0 0 0 66 67
f0_4 f2_326 f2_735 -0.22 0.22 0.39 0 0 0 68 68
f0_5 f0_34 f0_505 0.23 -0.23 0.45 0 0 0 67 67
f0_5 f0_34 f0_748 0.37 -0.37 0.53 0 0 0 67 66
f0_5 f0_34 f2_517 0.32 -0.32 0.7 0 0 0 67 62
f0_5 f0_34 f2_951 0.07 -0.07 0.35 0 0 0 67 60
f0_5 f0_103 f0_233 0.39 -0.39 -0.16 0 0 0 65 67
f0_5 f0_103 f0_855 0.27 -0.27 0.2 0 0 0 65 68
f0_5 f0_103 f0_864 -0.06 0.06 0.32 0 0 0 65 68
f0_5 f0_103 f1w_53 0.34 -0.34 0.34 0 0 0 65 66
f0_5 f0_103 f2_259 0.52 -0.52 0.57 0 0 0 65 66
f0_5 f0_103 f2_267 0.83 -0.83 0.25 0 0 0 65 67
f0_5 f0_103 f2_363 0.51 -0.51 0.5 0 0 0 65 66
f0_5 f0_132 f0_233 0.66 -0.66 0.13 0 0 0 65 67
f0_5 f0_132 f1h_69 0.87 -0.87 0.13 0 0 0 65 64
f0_5 f0_132 f1h_434 0.42 -0.42 0.19 0 0 0 65 63
f0_5 f0_132 f1w_258 0.34 -0.34 0.37 0 0 0 65 66
f0_5 f0_132 f2_267 0.9 -0.9 0.41 0 0 0 65 67
f0_5 f0_132 f2_951 0.07 -0.07 0.21 0 0 0 65 60
f0_5 f0_139 f0_748 0.16 -0.16 0.63 0 0 0 64 66
f0_5 f0_139 f0_864 -0.27 0.27 0.26 0 0 0 64 68
f0_5 f0_139 f1w_463 0.23 -0.23 0.97 0 0 0 64 62
f0_5 f0_139 f2_363 0.22 -0.22 1.05 0 0 0 64 66
f0_5 f0_182 f1h_434 0.13 -0.13 0.61 0 0 0 69 63
f0_5 f0_226 f0_748 0.14 -0.14 0.48 0 0 0 64 66
f0_5 f0_226 f0_855 0.08 -0.08 0.62 0 0 0 64 68
f0_5 f0_226 f0_931 0.16 -0.16 -0.2 0 0 0 64 62
f0_5 f0_226 f2_517 0.17 -0.17 0.6 0 0 0 64 62
f0_5 f0_233 f0_505 -0.34 0.34 0.79 0 0 0 67 67
f0_5 f0_233 f0_748 -0.16 0.16 0.91 0 0 0 67 66
f0_5 f0_233 f1h_69 0.03 -0.03 0.65 0 0 0 67 64
f0_5 f0_233 f1h_499 -0.09 0.09 0.73 0 0 0 67 69
f0_5 f0_233 f1w_463 0.05 -0.05 0.89 0 0 0 67 62
f0_5 f0_233 f2_517 -0.26 0.26 0.62 0 0 0 67 62
f0_5 f0_248 f0_989 0.39 -0.39 0.7 0 0 0 68 70
f0_5 f0_257 f2_310 0.07 -0.07 0.46 0 0 0 66 65
f0_5 f0_505 f0_641 0.24 -0.24 0.46 0 0 0 67 64
f0_5 f0_505 f0_931 0.15 -0.15 0.39 0 0 0 67 62
f0_5 f0_505 f0_948 -0.01 0.01 0.55 0 0 0 67 63
f0_5 f0_505 f1h_434 0.3 -0.3 0.48 0 0 0 67 63
f0_5 f0_505 f2_267 0.61 -0.61 0.63 0 0 0 67 67
f0_5 f0_510 f0_748 0.05 -0.05 -0.08 0 0 0 66 66
f0_5 f0_510 f0_989 0.02 -0.02 0.57 0 0 0 66 70
f0_5 f0_519 f2_951 -0.15 0.15 0.43 0 0 0 65 60
f0_5 f0_641 f0_716 -0.63 0.63 0.24 0 0 0 64 66
f0_5 f0_641 f0_807 -0.29 0.29 0.71 0 0 0 64 66
f0_5 f0_641 f0_855 -0.56 0.56 0.2 0 0 0 64 68
f0_5 f0_641 f0_876 -0.53 0.53 0.57 0 0 0 64 67
f0_5 f0_641 f0_958 -0.4 0.4 0.33 0 0 0 64 64
f0_5 f0_641 f0_989 -0.17 0.17 0.8 0 0 0 64 70
f0_5 f0_641 f1w_111 -0.51 0.51 0.54 0 0 0 64 69
f0_5 f0_641 f1w_304 -0.08 0.08 0.71 0 0 0 64 69
f0_5 f0_641 f2_310 -0.42 0.42 0.02 0 0 0 64 65
f0_5 f0_716 f1h_69 0.9 -0.9 0.22 0 0 0 66 64
f0_5 f0_716 f1w_258 0.19 -0.19 0.59 0 0 0 66 66
f0_5 f0_716 f1w_463 0.63 -0.63 0.4 0 0 0 66 62
f0_5 f0_716 f2_310 -0.04 0.04 0.65 0 0 0 66 65
f0_5 f0_748 f0_931 -0.03 0.03 0.84 0 0 0 66 62
f0_5 f0_748 f0_948 -0.12 0.12 0.86 0 0 0 66 63
f0_5 f0_748 f1h_434 -0.01 0.01 0.53 0 0 0 66 63
f0_5 f0_748 f1w_105 0.13 -0.13 0.02 0 0 0 66 66
f0_5 f0_748 f2_186 -0.02 0.02 0.18 0 0 0 66 65
f0_5 f0_807 f1h_434 0.17 -0.17 0.75 0 0 0 66 63
f0_5 f0_855 f1h_245 -0.06 0.06 0.89 0 0 0 68 69
f0_5 f0_855 f1h_434 0.27 -0.27 0.31 0 0 0 68 63
f0_5 f0_855 f1h_499 -0.15 0.15 -0.29 0 0 0 68 69
f0_5 f0_855 f1w_105 -0.11 0.11 0.24 0 0 0 68 66
f0_5 f0_855 f1w_258 0.09 -0.09 0.52 0 0 0 68 66
f0_5 f0_855 f1w_304 0.31 -0.31 0.37 0 0 0 68 69
f0_5 f0_855 f2_186 0.01 -0.01 -0.12 0 0 0 68 65
f0_5 f0_855 f2_267 0.57 -0.57 0.24 0 0 0 68 67
f0_5 f0_864 f0_876 0.16 -0.16 0.75 0 0 0 68 67
f0_5 f0_864 f1h_499 0.44 -0.44 0.36 0 0 0 68 69
f0_5 f0_864 f1w_463 0.86 -0.86 0.03 0 0 0 68 62
f0_5 f0_864 f2_310 0.03 -0.03 0.06 0 0 0 68 65
f0_5 f0_864 f2_399 0.1 -0.1 0.51 0 0 0 68 68
f0_5 f0_876 f2_363 0.35 -0.35 0.88 0 0 0 67 66
f0_5 f0_931 f1h_69 0.4 -0.4 0.54 0 0 0 62 64
f0_5 f0_931 f1h_227 -0.34 0.34 0.28 0 0 0 62 63
f0_5 f0_931 f1h_434 -0.2 0.01 0.14 0 0 0 62 63
f0_5 f0_931 f1w_258 -0.23 0.23 0.48 0 0 0 62 66
f0_5 f0_931 f1w_304 0.04 -0.04 0.88 0 0 0 62 69
f0_5 f0_931 f1w_463 0.3 -0.3 0.82 0 0 0 62 62
f0_5 f0_931 f2_267 0.27 -0.27 0.4 0 0 0 62 67
f0_5 f0_931 f2_363 0.15 -0.15 0.51 0 0 0 62 66
f0_5 f0_931 f2_399 -0.34 0.34 0.26 0 0 0 62 68
f0_5 f0_931 f2_907 -0.43 0.43 0.21 0 0 0 62 63
f0_5 f0_931 f2_951 -0.3 0.3 0.25 0 0 0 62 60
f0_5 f0_948 f1h_69 0.66 -0.66 0.46 0 0 0 63 64
f0_5 f0_948 f1w_463 0.37 -0.37 0.73 0 0 0 63 62
f0_5 f0_958 f1h_69 0.75 -0.75 0.6 0 0 0 64 64
f0_5 f0_958 f1h_434 0.24 -0.24 0.62 0 0 0 64 63
f0_5 f0_958 f2_806 -0.15 0.15 1.01 0 0 0 64 67
f0_5 f0_989 f1h_69 0.57 -0.57 0.46 0 0 0 70 64
f0_5 f0_989 f1h_434 0.01 -0.01 0.79 0 0 0 70 63
f0_5 f0_989 f1h_499 0.05 -0.05 0.76 0 0 0 70 69
f0_5 f0_989 f1w_258 -0.19 0.19 0.86 0 0 0 70 66
f0_5 f0_989 f2_806 -0.31 0.31 0.37 0 0 0 70 67
f0_5 f1h_69 f1h_168 -0.59 0.59 0.35 0 0 0 64 65
f0_5 f1h_69 f1h_434 -0.41 0.41 0.39 0 0 0 64 63
f0_5 f1h_69 f1w_53 -0.12 0.12 0.29 0 0 0 64 66
f0_5 f1h_69 f2_907 -0.86 0.59 0.08 0 0 0 64 63
f0_5 f1h_434 f1w_105 0.17 -0.17 0.06 0 0 0 63 66
f0_5 f1h_434 f1w_111 -0.37 0.37 0.45 0 0 0 63 69
f0_5 f1h_434 f1w_304 -0.11 0.11 0.73 0 0 0 63 69
f0_5 f1h_434 f1w_406 -0.29 0.29 0.27 0 0 0 63 64
f0_5 f1h_434 f1w_463 0.26 -0.26 0.49 0 0 0 63 62
f0_5 f1h_434 f2_517 0.07 -0.07 0.62 0 0 0 63 62
f0_5 f1h_434 f2_951 -0.45 0.43 0.18 0 0 0 63 60
f0_5 f1h_499 f2_259 0.13 -0.13 0.98 0 0 0 69 66
f0_5 f1h_499 f2_363 0.12 -0.12 0.95 0 0 0 69 66
f0_5 f1h_499 f2_812 -0.27 0.27 0.68 0 0 0 69 63
f0_5 f1h_499 f2_907 -0.34 0.34 0.52 0 0 0 69 63
f0_5 f1w_53 f2_951 -0.08 0.08 0.78 0 0 0 66 60
f0_5 f1w_105 f1w_463 0.41 -0.41 0.64 0 0 0 66 62
f0_5 f1w_111 f2_267 0.69 -0.69 0.88 0 0 0 69 67
f0_5 f1w_406 f1w_463 0.52 -0.52 0.57 0 0 0 64 62
f0_5 f1w_463 f2_186 -0.11 0.11 0.73 0 0 0 62 65
f0_5 f1w_463 f2_259 0.32 -0.32 0.13 0 0 0 62 66
f0_5 f1w_463 f2_907 -0.6 0.6 0.22 0 0 0 62 63
f0_5 f2_186 f2_517 0.02 -0.02 0.66 0 0 0 65 62
f0_5 f2_267 f2_310 -0.83 0.83 0.33 0 0 0 67 65
f0_5 f2_310 f2_363 0.53 -0.53 0.3 0 0 0 65 66
f0_5 f2_310 f2_907 -0.02 0.02 0.52 0 0 0 65 63
f0_5 f2_363 f2_399 -0.38 0.38 0.82 0 0 0 66 68
f0_5 f2_363 f2_951 -0.42 0.42 0.42 0 0 0 66 60
f0_5 f2_806 f2_907 -0.09 0.09 0.36 0 0 0 67 63
f0_6 f0_78 f2_839 0.16 -0.16 0.69 0 0 0 71 70
f0_6 f0_147 f0_184 0.39 -0.39 0.2 0 0 0 68 63
f0_6 f0_147 f0_867 0.12 -0.12 0.9 0 0 0 68 68
f0_6 f0_147 f1h_277 0 0 0.95 0 0 0 68 64
f0_6 f0_147 f2_25 -0.11 0.11 0.75 0 0 0 68 65
f0_6 f0_147 f2_493 0.18 -0.18 0.66 0 0 0 68 64
f0_6 f0_147 f2_839 0.11 -0.11 0.78 0 0 0 68 70
f0_6 f0_157 f0_184 0.03 -0.03 1.2 0 0 0 68 63
f0_6 f0_157 f0_867 0.01 -0.01 1.07 0 0 0 68 68
f0_6 f0_157 f2_493 0.86 -0.86 0.33 0 0 0 68 64
f0_6 f0_157 f2_839 0.07 -0.07 0.44 0 0 0 68 70
f0_6 f0_184 f0_200 0.13 -0.13 1.1 0 0 0 63 67
f0_6 f0_184 f1h_258 -0.02 0.02 0.93 0 0 0 63 66
f0_6 f0_184 f2_454 0.05 -0.05 0.97 0 0 0 63 70
f0_6 f0_184 f2_839 0.33 -0.33 0.52 0 0 0 63 70
f0_6 f0_200 f0_867 0.02 -0.02 0.99 0 0 0 67 68
f0_6 f0_200 f2_373 -0.19 0.19 0.42 0 0 0 67 68
f0_6 f0_200 f2_493 0.15 -0.15 0.97 0 0 0 67 64
f0_6 f0_200 f2_839 -0.22 0.22 0.58 0 0 0 67 70
f0_6 f0_259 f2_454 0.18 -0.18 0.86 0 0 0 65 70
f0_6 f0_259 f2_493 0.24 -0.24 0.69 0 0 0 65 64
f0_6 f0_259 f2_839 0.18 -0.18 0.65 0 0 0 65 70
f0_6 f0_867 f1w_89 -0.25 0.25 0.56 0 0 0 68 69
f0_6 f0_867 f2_180 -0.13 0.13 1.02 0 0 0 68 65
f0_6 f1h_258 f2_493 0.41 -0.41 0.79 0 0 0 66 64
f0_6 f1h_258 f2_839 0.03 -0.03 0.83 0 0 0 66 70
f0_6 f1h_277 f2_839 0.24 -0.24 0.68 0 0 0 64 70
f0_6 f1h_361 f1h_459 0.75 -0.75 0.53 0 0 0 72 67
f0_6 f1h_361 f2_25 -0.12 0.12 0.67 0 0 0 72 65
f0_6 f1h_361 f2_373 0.26 -0.26 0.43 0 0 0 72 68
f0_6 f1h_361 f2_454 0.08 -0.08 0.69 0 0 0 72 70
f0_6 f1h_361 f2_493 0.31 -0.31 0.73 0 0 0 72 64
f0_6 f1h_361 f2_839 0.16 -0.16 0.51 0 0 0 72 70
f0_6 f1h_459 f2_493 -0.07 0.07 1.21 0 0 0 67 64
f0_6 f1h_459 f2_839 -0.35 0.35 0.5 0 0 0 67 70
f0_6 f1w_89 f2_373 0.09 -0.09 0.91 0 0 0 69 68
f0_6 f1w_89 f2_839 0.22 -0.22 0.42 0 0 0 69 70
f0_6 f1w_130 f2_493 0.16 -0.16 0.93 0 0 0 69 64
f0_6 f1w_130 f2_839 0.12 -0.12 0.76 0 0 0 69 70
f0_6 f1w_155 f2_839 0.26 -0.26 0.78 0 0 0 71 70
f0_6 f2_180 f2_839 0.18 -0.18 0.92 0 0 0 65 70
f0_8 f0_13 f2_61 0.48 -0.48 0.98 0 0 0 68 61
f0_8 f0_27 f0_225 0.09 -0.09 1.08 0 0 0 64 66
f0_8 f0_27 f1h_305 0.39 -0.39 0.99 0 0 0 64 64
f0_8 f0_104 f1h_483 0.27 -0.27 0.8 0 0 0 67 64
f0_8 f0_167 f1h_305 -0.02 0.02 1.2 0 0 0 69 64
f0_8 f0_167 f2_892 -0.34 0.34 0.78 0 0 0 69 69
f0_8 f0_167 f2_977 -0.25 0.25 1.24 0 0 0 69 66
f0_8 f0_225 f2_61 0.23 -0.23 0.78 0 0 0 66 61
f0_8 f0_486 f1h_305 0.44 -0.44 1.09 0 0 0 63 64
f0_8 f1h_136 f2_502 -0.53 0.53 0.61 0 0 0 65 65
f0_8 f1h_180 f1h_305 0.21 -0.21 0.9 0 0 0 65 64
f0_8 f1h_289 f2_61 0.8 -0.8 0.61 0 0 0 65 61
f0_8 f1h_305 f1h_415 -0.77 0.77 0.54 0 0 0 64 69
f0_8 f1h_305 f1h_483 0.18 -0.18 0.52 0 0 0 64 64
f0_8 f1h_305 f1h_493 -0.68 0.68 0.38 0 0 0 64 64
f0_8 f1h_483 f2_811 -0.08 0.08 0.94 0 0 0 64 68
f0_8 f1h_483 f2_977 -0.18 0.18 0.95 0 0 0 64 66
f0_8 f1h_493 f2_977 0.42 -0.42 0.6 0 0 0 64 66
f0_8 f2_61 f2_892 -0.22 0.22 0.23 0 0 0 61 69
f0_8 f2_502 f2_892 0.53 -0.53 0.24 0 0 0 65 69
f0_10 f0_82 f1h_43 0.45 -0.45 0.84 0 0 0 65 64
f0_10 f0_82 f1w_469 -0.05 0.05 0.39 0 0 0 65 66
f0_10 f0_82 f1w_475 0.13 -0.13 0.04 0 0 0 65 65
f0_10 f0_82 f2_61 0.13 -0.13 0.57 0 0 0 65 62
f0_10 f0_82 f2_201 0.07 -0.07 0.41 0 0 0 65 65
f0_10 f0_82 f2_359 -0.13 0.13 -0.05 0 0 0 65 67
f0_10 f0_82 f2_964 0.35 -0.35 0.47 0 0 0 65 69
f0_10 f0_102 f1h_205 0.06 -0.06 0.83 0 0 0 71 70
f0_10 f0_140 f0_337 0.26 -0.26 0.21 0 0 0 68 67
f0_10 f0_140 f1h_43 0.84 -0.84 0 0 0 0 68 64
f0_10 f0_140 f1w_469 0.1 -0.1 0.42 0 0 0 68 66
f0_10 f0_257 f1h_205 0.28 -0.28 0.79 0 0 0 69 70
f0_10 f0_828 f2_359 0.09 -0.09 0.87 0 0 0 65 67
f0_10 f0_879 f1h_205 0.29 -0.29 0.77 0 0 0 68 70
f0_10 f1h_43 f1h_205 -0.26 0.26 0.65 0 0 0 64 70
f0_10 f1h_43 f2_359 -0.49 0.49 0.23 0 0 0 64 67
f0_10 f1h_43 f2_490 -0.26 0.26 1 0 0 0 64 72
f0_10 f1h_73 f1w_30 -0.06 0.06 0.71 0 0 0 66 71
f0_10 f1h_137 f1w_469 -0.13 0.13 0.41 0 0 0 65 66
f0_10 f1h_137 f1w_475 0.26 -0.26 0.52 0 0 0 65 65
f0_10 f1h_137 f2_359 -0.11 0.11 0.17 0 0 0 65 67
f0_10 f1h_205 f1w_469 -0.26 0.26 0.33 0 0 0 70 66
f0_10 f1h_205 f2_317 -0.41 0.41 0.91 0 0 0 70 71
f0_10 f1w_98 f1w_99 0.11 -0.11 -0.48 0 0 1 67 63
f0_10 f1w_98 f2_61 0.16 -0.16 0.09 0 0 0 67 62
f0_10 f1w_99 f2_201 -0.54 0.54 0.71 0 0 0 63 65
f0_10 f1w_201 f2_359 0.35 -0.35 0.31 0 0 0 69 67
f0_10 f1w_463 f2_61 0.4 -0.4 0.54 0 0 0 65 62
f0_10 f1w_469 f2_359 0.08 -0.08 0.57 0 0 0 66 67
f0_10 f1w_469 f2_951 0.22 -0.22 0.47 0 0 0 66 61
f0_10 f1w_475 f2_488 -0.47 0.47 0.64 0 0 0 65 65
f0_10 f1w_475 f2_815 -0.5 0.5 0.3 0 0 0 65 68
f0_10 f1w_475 f2_820 -0.07 0.07 0.92 0 0 0 65 63
f0_10 f1w_475 f2_951 0.04 -0.04 0.56 0 0 0 65 61
f0_10 f2_61 f2_229 0.45 -0.45 0.79 0 0 0 62 69
f0_10 f2_61 f2_317 -0.26 0.26 0.63 0 0 0 62 71
f0_10 f2_61 f2_488 0.07 -0.07 0.32 0 0 0 62 65
f0_10 f2_61 f2_815 -0.32 0.32 0.42 0 0 0 62 68
f0_10 f2_359 f2_815 0.21 -0.21 -0.23 0 0 0 67 68
f0_10 f2_359 f2_820 0.16 -0.16 0.52 0 0 0 67 63
f0_10 f2_488 f2_964 0.44 -0.44 0.82 0 0 0 65 69
f0_10 f2_815 f2_964 -0.05 0.05 0.2 0 0 0 68 69
f0_10 f2_820 f2_964 0.04 -0.04 1.04 0 0 0 63 69
f0_10 f2_951 f2_964 0.14 -0.14 0.87 0 0 0 61 69
f0_11 f0_213 f0_255 0.28 -0.28 0.5 0 0 0 63 58
f0_11 f0_213 f0_660 0.38 -0.38 0.17 0 0 0 63 58
f0_11 f0_213 f0_868 0.14 -0.14 0.54 0 0 0 63 64
f0_11 f0_213 f0_878 -0.02 0.02 0.76 0 0 0 63 62
f0_11 f0_213 f0_896 0.35 -0.35 0.4 0 0 0 63 57
f0_11 f0_213 f1h_107 0.28 -0.28 0.65 0 0 0 63 62
f0_11 f0_213 f1h_274 0.32 -0.32 0.72 0 0 0 63 58
f0_11 f0_213 f1h_450 0.59 -0.59 0.05 0 0 0 63 63
f0_11 f0_213 f1w_117 0.23 -0.23 0.54 0 0 0 63 63
f0_11 f0_213 f1w_280 -0.07 0.07 0.31 0 0 0 63 56
f0_11 f0_213 f2_364 0.38 -0.38 0.47 0 0 0 63 60
f0_11 f0_213 f2_465 0.07 -0.07 0.71 0 0 0 63 61
f0_11 f0_213 f2_787 0.15 -0.15 0.25 0 0 0 63 63
f0_11 f0_255 f2_32 0.12 -0.12 0.9 0 0 0 58 62
f0_11 f0_828 f1h_264 -0.31 0.31 0.76 0 0 0 59 59
f0_11 f0_828 f1w_280 -0.36 0.36 0.62 0 0 0 59 56
f0_11 f0_868 f2_32 -0.17 0.17 0.91 0 0 0 64 62
f0_11 f0_868 f2_787 -0.25 0.25 0.74 0 0 0 64 63
f0_11 f0_878 f2_32 0.15 -0.15 0.51 0 0 0 62 62
f0_11 f0_896 f0_936 -0.4 0.4 0.56 0 0 0 57 64
f0_11 f0_896 f1h_264 -0.51 0.51 0.68 0 0 0 57 59
f0_11 f0_896 f1w_30 -0.14 0.14 0.64 0 0 0 57 62
f0_11 f0_896 f1w_280 -0.4 0.4 0.61 0 0 0 57 56
f0_11 f0_896 f2_787 -0.27 0.27 0.54 0 0 0 57 63
f0_11 f0_936 f1h_120 0.35 -0.35 0.49 0 0 0 64 60
f0_11 f0_936 f1h_450 0.3 -0.3 0.71 0 0 0 64 63
f0_11 f0_936 f1w_117 0.27 -0.27 0.83 0 0 0 64 63
f0_11 f0_936 f2_364 0.45 -0.45 0.36 0 0 0 64 60
f0_11 f1h_120 f1h_264 -0.03 0.03 1.11 0 0 0 60 59
f0_11 f1h_120 f1w_30 0.19 -0.19 0.5 0 0 0 60 62
f0_11 f1h_120 f1w_280 -0.42 0.42 0.57 0 0 0 60 56
f0_11 f1h_120 f2_32 0.33 -0.33 0.55 0 0 0 60 62
f0_11 f1h_120 f2_787 0.15 -0.15 0.6 0 0 0 60 63
f0_11 f1h_174 f1h_264 0.02 -0.02 0.66 0 0 0 56 59
f0_11 f1h_174 f2_32 0.07 -0.07 0.82 0 0 0 56 62
f0_11 f1h_264 f2_364 0.26 -0.26 0.75 0 0 0 59 60
f0_11 f1h_429 f1w_280 0.07 -0.07 0.5 0 0 0 62 56
f0_11 f1h_450 f2_32 -0.43 0.43 0.86 0 0 0 63 62
f0_11 f1h_450 f2_787 -0.32 0.32 0.73 0 0 0 63 63
f0_11 f1h_487 f2_787 -0.22 0.22 0.88 0 0 0 57 63
f0_11 f1w_30 f2_364 0.19 -0.19 0.61 0 0 0 62 60
f0_11 f1w_58 f2_787 0.11 -0.11 0.86 0 0 0 65 63
f0_11 f1w_280 f2_364 0.45 -0.45 0.58 0 0 0 56 60
f0_11 f1w_280 f2_974 0.04 -0.04 0.52 0 0 0 56 61
f0_11 f2_364 f2_787 -0.31 0.31 0.4 0 0 0 60 63
f0_13 f0_195 f0_740 -0.21 0.21 0.82 0 0 0 66 68
f0_13 f0_195 f2_14 -0.21 0.21 0.4 0 0 0 66 65
f0_13 f0_614 f2_356 0.32 -0.32 0.78 0 0 0 63 69
f0_13 f2_14 f2_356 0.49 -0.49 0.91 0 0 0 65 69
f0_15 f0_13 f1h_182 0.37 -0.37 0.9 0 0 0 64 65
f0_15 f0_13 f1h_196 0.26 -0.26 0.81 0 0 0 64 62
f0_15 f0_13 f1w_224 0.42 -0.42 0.35 0 0 0 64 61
f0_15 f0_23 f0_554 -0.46 0.46 0.52 0 0 0 62 58
f0_15 f0_23 f0_939 -0.59 0.59 0.59 0 0 0 62 65
f0_15 f0_23 f1h_181 0.04 -0.04 0.71 0 0 0 62 66
f0_15 f0_23 f1h_381 -0.33 0.33 0.54 0 0 0 62 62
f0_15 f0_45 f1h_265 0.04 -0.04 0.41 0 0 0 64 61
f0_15 f0_45 f2_180 -0.09 0.09 0.68 0 0 0 64 59
f0_15 f0_49 f0_554 -0.16 0.16 0.53 0 0 0 63 58
f0_15 f0_49 f1h_196 0.41 -0.41 0.17 0 0 0 63 62
f0_15 f0_49 f1h_265 0.24 -0.24 0.08 0 0 0 63 61
f0_15 f0_75 f1h_265 0.15 -0.15 0.18 0 0 0 64 61
f0_15 f0_94 f0_554 0.04 -0.04 0.2 0 0 0 62 58
f0_15 f0_163 f0_759 -0.26 0.26 0.4 0 0 0 62 62
f0_15 f0_163 f1h_265 0.08 -0.08 0.22 0 0 0 62 61
f0_15 f0_163 f1w_224 -0.23 0.23 -0.17 0 0 0 62 61
f0_15 f0_163 f2_180 0.1 -0.1 0.42 0 0 0 62 59
f0_15 f0_200 f1h_196 0.13 -0.13 0.9 0 0 0 62 62
f0_15 f0_200 f1w_224 0.09 -0.09 0.36 0 0 0 62 61
f0_15 f0_207 f1h_196 0.18 -0.18 0.64 0 0 0 55 62
f0_15 f0_207 f1h_265 0.1 -0.1 0.56 0 0 0 55 61
f0_15 f0_207 f1h_381 0.08 -0.08 0.41 0 0 0 55 62
f0_15 f0_230 f1h_182 0.55 -0.55 0.53 0 0 0 62 65
f0_15 f0_230 f1h_196 0.58 -0.58 0.22 0 0 0 62 62
f0_15 f0_230 f1h_381 0.18 -0.18 0.22 0 0 0 62 62
f0_15 f0_230 f1w_224 0.59 -0.59 -0.23 0 0 0 62 61
f0_15 f0_230 f2_180 0.35 -0.35 0.14 0 0 0 62 59
f0_15 f0_255 f0_554 -0.33 0.33 0.53 0 0 0 59 58
f0_15 f0_255 f0_759 -0.31 0.31 0.41 0 0 0 59 62
f0_15 f0_255 f0_939 -0.38 0.38 0.26 0 0 0 59 65
f0_15 f0_255 f1h_181 0.16 -0.16 0.49 0 0 0 59 66
f0_15 f0_255 f1h_182 0.31 -0.31 0.54 0 0 0 59 65
f0_15 f0_255 f1w_224 0.13 -0.13 0.62 0 0 0 59 61
f0_15 f0_434 f0_759 -0.33 0.33 0.64 0 0 0 61 62
f0_15 f0_434 f0_939 -0.12 0.12 0.05 0 0 0 61 65
f0_15 f0_434 f1h_182 0.35 -0.35 0.43 0 0 0 61 65
f0_15 f0_434 f1h_196 0.05 -0.05 0.86 0 0 0 61 62
f0_15 f0_434 f1w_224 0.17 -0.17 0.78 0 0 0 61 61
f0_15 f0_474 f1w_224 -0.08 0.08 0.89 0 0 0 62 61
f0_15 f0_554 f0_645 0.07 -0.07 0.14 0 0 0 58 63
f0_15 f0_554 f0_818 0 0 0.49 0 0 0 58 62
f0_15 f0_554 f0_967 -0.17 0.17 0.56 0 0 0 58 63
f0_15 f0_554 f1h_28 0.14 -0.14 0.32 0 0 0 58 60
f0_15 f0_554 f1h_182 0.2 -0.2 0.19 0 0 0 58 65
f0_15 f0_554 f1w_224 0.32 -0.32 0.34 0 0 0 58 61
f0_15 f0_554 f1w_449 -0.23 0.23 -0.01 0 0 0 58 64
f0_15 f0_554 f1w_480 0.43 -0.43 0.62 0 0 0 58 64
f0_15 f0_587 f0_759 -0.32 0.32 0.55 0 0 0 61 62
f0_15 f0_587 f1w_224 0.29 -0.29 0.61 0 0 0 61 61
f0_15 f0_595 f2_180 0.36 -0.36 0.44 0 0 0 65 59
f0_15 f0_645 f0_759 -0.2 0.2 0.3 0 0 0 63 62
f0_15 f0_645 f1h_181 0.45 -0.45 0.24 0 0 0 63 66
f0_15 f0_645 f1h_196 0.38 -0.38 0.29 0 0 0 63 62
f0_15 f0_645 f1h_265 0.37 -0.37 0.01 0 0 0 63 61
f0_15 f0_645 f1h_381 0.1 -0.1 0.41 0 0 0 63 62
f0_15 f0_645 f1w_224 0.45 -0.45 -0.06 0 0 0 63 61
f0_15 f0_655 f2_180 0.38 -0.38 0.27 0 0 0 61 59
f0_15 f0_759 f1h_265 -0.02 0.02 0.47 0 0 0 62 61
f0_15 f0_759 f1w_449 0.07 -0.07 0.45 0 0 0 62 64
f0_15 f0_759 f2_24 0.24 -0.24 0.5 0 0 0 62 65
f0_15 f0_818 f1h_265 0.15 -0.15 0.14 0 0 0 62 61
f0_15 f0_860 f1h_265 0.12 -0.12 0.07 0 0 0 60 61
f0_15 f0_860 f2_180 0.05 -0.05 0.52 0 0 0 60 59
f0_15 f0_881 f1h_182 0.38 -0.38 0.68 0 0 0 62 65
f0_15 f0_939 f1h_265 0.27 -0.27 0.48 0 0 0 65 61
f0_15 f0_939 f1w_449 0.09 -0.09 0.3 0 0 0 65 64
f0_15 f1h_28 f1h_265 0.17 -0.17 0.39 0 0 0 60 61
f0_15 f1h_29 f1w_224 0.47 -0.47 0.47 0 0 0 66 61
f0_15 f1h_128 f1h_196 0.24 -0.24 0.29 0 0 0 58 62
f0_15 f1h_128 f1h_381 0.1 -0.1 0.4 0 0 0 58 62
f0_15 f1h_181 f1h_265 -0.3 0.3 0.52 0 0 0 66 61
f0_15 f1h_181 f1h_455 -0.24 0.24 0.41 0 0 0 66 66
f0_15 f1h_181 f1w_220 -0.06 0.06 0.87 0 0 0 66 61
f0_15 f1h_181 f1w_449 -0.57 0.57 0.02 0 0 0 66 64
f0_15 f1h_181 f2_77 -0.05 0.05 0.96 0 0 0 66 63
f0_15 f1h_182 f1h_265 -0.46 0.46 0.43 0 0 0 65 61
f0_15 f1h_182 f1w_146 -0.32 0.32 0.79 0 0 0 65 61
f0_15 f1h_182 f2_24 -0.57 0.57 0.12 0 0 0 65 65
f0_15 f1h_182 f2_77 -0.41 0.41 0.56 0 0 0 65 63
f0_15 f1h_182 f2_277 -0.33 0.33 0.92 0 0 0 65 61
f0_15 f1h_196 f1w_449 -0.4 0.4 0.11 0 0 0 62 64
f0_15 f1h_196 f1w_479 0 0 0.78 0 0 0 62 61
f0_15 f1h_196 f2_24 -0.25 0.25 0.45 0 0 0 62 65
f0_15 f1h_196 f2_277 -0.22 0.22 0.84 0 0 0 62 61
f0_15 f1h_265 f1w_224 0.15 -0.15 0.81 0 0 0 61 61
f0_15 f1h_265 f1w_480 0.27 -0.27 0.77 0 0 0 61 64
f0_15 f1h_381 f1h_457 0.1 -0.1 0.65 0 0 0 62 64
f0_15 f1h_381 f1w_449 -0.43 0.43 -0.12 0 0 0 62 64
f0_15 f1h_412 f2_180 0.27 -0.27 0.47 0 0 0 59 59
f0_15 f1h_457 f1w_224 0.27 -0.27 0.23 0 0 0 64 61
f0_15 f1h_457 f2_180 0.17 -0.17 0.26 0 0 0 64 59
f0_15 f1w_220 f2_180 0.1 -0.1 0.75 0 0 0 61 59
f0_15 f1w_224 f1w_449 -0.54 0.54 0.02 0 0 0 61 64
f0_15 f1w_224 f1w_479 -0.12 0.12 0.69 0 0 0 61 61
f0_15 f1w_369 f2_180 0.33 -0.33 0.69 0 0 0 59 59
f0_15 f1w_449 f2_180 0.28 -0.28 0.11 0 0 0 64 59
f0_16 f1w_62 f2_222 -0.15 0.15 0.88 0 0 0 68 64
f0_18 f0_92 f1h_18 0.17 -0.17 0.13 0 0 0 69 66
f0_18 f0_92 f1w_479 -0.16 0.16 0.19 0 0 0 69 65
f0_18 f0_135 f1h_190 1.49 -1.49 0.7 0 0 0 63 72
f0_18 f0_404 f1h_190 0.86 -0.86 1.21 0 0 0 68 72
f0_18 f1h_18 f2_368 -0.24 0.24 0.84 0 0 0 66 69
f0_18 f1h_190 f2_368 -0.87 0.87 1.02 0 0 0 72 69
f0_19 f0_26 f0_140 -0.43 0.43 0.97 0 0 0 60 62
f0_19 f0_140 f2_924 0.81 -0.81 -0.09 0 0 0 62 63
f0_19 f0_355 f0_765 -0.17 0.17 0.4 0 0 0 59 63
f0_19 f0_355 f1h_103 0.04 -0.04 0.83 0 0 0 59 63
f0_19 f0_503 f2_234 0.14 -0.14 0.32 0 0 0 60 63
f0_19 f0_503 f2_787 0.06 -0.06 0.49 0 0 0 60 65
f0_19 f0_503 f2_852 -0.12 0.12 0.23 0 0 0 60 63
f0_19 f0_765 f2_924 0.64 -0.64 -0.2 0 0 0 63 63
f0_19 f0_919 f2_924 0.58 -0.58 0.55 0 0 0 64 63
f0_19 f1h_18 f2_787 -0.21 0.21 0.7 0 0 0 61 65
f0_19 f1h_18 f2_852 -0.35 0.35 0.37 0 0 0 61 63
f0_19 f1w_385 f2_234 0.12 -0.12 0.73 0 0 0 63 63
f0_19 f1w_385 f2_852 -0.09 0.09 0.83 0 0 0 63 63
f0_19 f2_852 f2_924 0.67 -0.67 0.38 0 0 0 63 63
f0_20 f0_895 f1h_283 0.14 -0.14 1.1 0 0 0 64 66
f0_20 f1h_283 f1w_157 -0.49 0.49 0.83 0 0 0 66 65
f0_20 f1h_409 f1w_157 -0.69 0.69 0.92 0 0 0 63 65
f0_21 f0_30 f1h_57 0.04 -0.04 0.92 0 0 0 58 60
f0_21 f0_30 f2_923 0.14 -0.14 0.82 0 0 0 58 61
f0_21 f0_68 f1h_159 -0.32 0.32 0.59 0 0 0 60 65
f0_21 f0_68 f2_67 -0.07 0.07 0.43 0 0 0 60 63
f0_21 f0_68 f2_415 0.19 -0.19 0.74 0 0 0 60 61
f0_21 f0_68 f2_468 0.04 -0.04 0.22 0 0 0 60 60
f0_21 f0_68 f2_655 0.3 -0.3 0.57 0 0 0 60 63
f0_21 f0_104 f2_879 0.42 -0.42 0.84 0 0 0 65 62
f0_21 f0_133 f2_67 -0.09 0.09 0.44 0 0 0 62 63
f0_21 f0_133 f2_257 -0.36 0.36 0.68 0 0 0 62 57
f0_21 f0_133 f2_415 0.26 -0.26 0.44 0 0 0 62 61
f0_21 f0_133 f2_468 0.14 -0.14 0.65 0 0 0 62 60
f0_21 f0_133 f2_879 0.39 -0.39 0.49 0 0 0 62 62
f0_21 f0_152 f2_67 -0.16 0.16 0.59 0 0 0 61 63
f0_21 f0_152 f2_415 0.13 -0.13 0.84 0 0 0 61 61
f0_21 f0_152 f2_879 -0.04 0.04 0.72 0 0 0 61 62
f0_21 f0_303 f2_879 0.07 -0.07 1.11 0 0 0 60 62
f0_21 f0_807 f2_879 0.52 -0.52 0.67 0 0 0 63 62
f0_21 f1h_57 f2_879 0.62 -0.62 0.44 0 0 0 60 62
f0_21 f1h_83 f2_655 0.47 -0.47 0.63 0 0 0 58 63
f0_21 f1h_83 f2_879 0.6 -0.6 0.31 0 0 0 58 62
f0_21 f1h_129 f2_879 0.12 -0.12 0.84 0 0 0 62 62
f0_21 f2_67 f2_280 0.29 -0.29 1.19 0 0 0 63 62
f0_21 f2_67 f2_344 -0.26 0.26 0.36 0 0 0 63 58
f0_21 f2_67 f2_415 0.29 -0.29 0.46 0 0 0 63 61
f0_21 f2_171 f2_257 -0.31 0.31 0.73 0 0 0 62 57
f0_21 f2_171 f2_415 0.28 -0.28 0.49 0 0 0 62 61
f0_21 f2_171 f2_879 0.31 -0.31 -0.08 0 0 0 62 62
f0_21 f2_299 f2_415 -0.13 0.13 1.2 0 0 0 61 61
f0_21 f2_299 f2_879 -0.1 0.1 0.79 0 0 0 61 62
f0_21 f2_344 f2_468 0.54 -0.54 0.43 0 0 0 58 60
f0_21 f2_344 f2_879 0.64 -0.64 0.26 0 0 0 58 62
f0_21 f2_415 f2_879 0.04 -0.04 0.76 0 0 0 61 62
f0_21 f2_655 f2_879 0.19 -0.19 0.51 0 0 0 63 62
f0_21 f2_879 f2_923 -0.25 0.25 0.64 0 0 0 62 61
f0_23 f0_15 f0_930 -0.23 0.23 0.84 0 0 0 62 66
f0_23 f0_15 f1h_279 -0.16 0.16 0.6 0 0 0 62 68
f0_23 f0_15 f1w_317 0.07 -0.07 0.63 0 0 0 62 63
f0_23 f0_56 f0_189 -0.13 0.13 0.58 0 0 0 64 66
f0_23 f0_56 f0_859 0.01 -0.01 1.04 0 0 0 64 68
f0_23 f0_56 f1h_457 0.03 -0.03 0.98 0 0 0 64 64
f0_23 f0_56 f1w_317 0.14 -0.14 0.38 0 0 0 64 63
f0_23 f0_56 f2_77 -0.15 0.15 0.62 0 0 0 64 66
f0_23 f0_56 f2_338 -0.01 0.01 0.83 0 0 0 64 67
f0_23 f0_56 f2_873 0.12 -0.12 0.81 0 0 0 64 64
f0_23 f0_114 f0_831 0.19 -0.19 0.39 0 0 0 71 62
f0_23 f0_114 f1w_317 0.53 -0.53 0.52 0 0 0 71 63
f0_23 f0_123 f1h_159 0.22 -0.22 0.07 0 0 0 59 67
f0_23 f0_123 f1h_406 0.43 -0.43 0.33 0 0 0 59 67
f0_23 f0_123 f2_157 0.21 -0.21 0.21 0 0 0 59 64
f0_23 f0_123 f2_558 -0.11 0.11 0.57 0 0 0 59 69
f0_23 f0_123 f2_873 0.29 -0.29 0.29 0 0 0 59 64
f0_23 f0_123 f2_899 0.01 -0.01 0.27 0 0 0 59 63
f0_23 f0_144 f0_255 -0.04 0.04 0.75 0 0 0 68 62
f0_23 f0_144 f0_880 0.32 -0.32 0.72 0 0 0 68 65
f0_23 f0_144 f0_985 0.05 -0.05 0.96 0 0 0 68 65
f0_23 f0_144 f1h_252 0.01 -0.01 0.98 0 0 0 68 66
f0_23 f0_144 f1w_317 0.34 -0.34 0.54 0 0 0 68 63
f0_23 f0_188 f0_558 0 0 0.66 0 0 0 66 64
f0_23 f0_188 f0_930 0.17 -0.17 0.42 0 0 0 66 66
f0_23 f0_188 f1h_279 0.27 -0.27 0.29 0 0 0 66 68
f0_23 f0_188 f1w_317 0.11 -0.11 -0.02 0 0 0 66 63
f0_23 f0_188 f2_196 0.05 -0.05 0.51 0 0 0 66 62
f0_23 f0_189 f0_255 -0.14 0.14 0.78 0 0 0 66 62
f0_23 f0_189 f0_831 -0.27 0.27 0.53 0 0 0 66 62
f0_23 f0_189 f1h_159 -0.35 0.35 0.39 0 0 0 66 67
f0_23 f0_189 f1h_252 0.39 -0.39 -0.14 0 0 0 66 66
f0_23 f0_189 f1h_406 0.43 -0.43 0.39 0 0 0 66 67
f0_23 f0_189 f1w_317 0.15 -0.15 0.28 0 0 0 66 63
f0_23 f0_189 f2_530 -0.03 0.03 0.67 0 0 0 66 65
f0_23 f0_200 f0_985 0 0 0.68 0 0 0 65 65
f0_23 f0_200 f1h_159 -0.22 0.22 0.39 0 0 0 65 67
f0_23 f0_200 f1h_252 -0.08 0.08 0.65 0 0 0 65 66
f0_23 f0_200 f1h_406 0.14 -0.14 0.84 0 0 0 65 67
f0_23 f0_200 f1w_317 0.15 -0.15 0.2 0 0 0 65 63
f0_23 f0_200 f2_157 -0.07 0.07 0.48 0 0 0 65 64
f0_23 f0_200 f2_530 -0.2 0.2 0.72 0 0 0 65 65
f0_23 f0_200 f2_879 -0.34 0.34 0.37 0 0 0 65 66
f0_23 f0_255 f0_558 -0.17 0.17 0.54 0 0 0 62 64
f0_23 f0_255 f0_930 -0.39 0.31 0.05 0 0 0 62 66
f0_23 f0_255 f1h_279 0.03 -0.03 0.58 0 0 0 62 68
f0_23 f0_255 f1w_317 0.1 -0.1 0.1 0 0 0 62 63
f0_23 f0_255 f2_196 -0.07 0.07 0.57 0 0 0 62 62
f0_23 f0_255 f2_404 0.18 -0.18 0.83 0 0 0 62 64
f0_23 f0_259 f1h_159 -0.54 0.54 0.46 0 0 0 63 67
f0_23 f0_259 f1w_317 0.07 -0.07 0.29 0 0 0 63 63
f0_23 f0_558 f0_880 0.21 -0.21 0.36 0 0 0 64 65
f0_23 f0_558 f0_985 0.28 -0.28 0.69 0 0 0 64 65
f0_23 f0_558 f1h_198 0.23 -0.23 0.36 0 0 0 64 70
f0_23 f0_558 f1h_252 0.22 -0.22 0.53 0 0 0 64 66
f0_23 f0_558 f1w_317 0.34 -0.34 -0.15 0 0 0 64 63
f0_23 f0_831 f0_859 0.11 -0.11 0.68 0 0 0 62 68
f0_23 f0_831 f1h_198 0.15 -0.15 0.39 0 0 0 62 70
f0_23 f0_831 f1h_457 0.15 -0.15 0.51 0 0 0 62 64
f0_23 f0_831 f1w_317 0.56 -0.56 0.18 0 0 0 62 63
f0_23 f0_831 f2_77 0.03 -0.03 0.37 0 0 0 62 66
f0_23 f0_831 f2_157 0.5 -0.5 -0.21 0 0 0 62 64
f0_23 f0_831 f2_170 -0.15 0.15 0.47 0 0 0 62 66
f0_23 f0_831 f2_338 0.18 -0.18 0.38 0 0 0 62 67
f0_23 f0_831 f2_873 0.48 -0.48 0.33 0 0 0 62 64
f0_23 f0_859 f0_891 0.12 -0.12 0.89 0 0 0 68 65
f0_23 f0_859 f2_142 0.03 -0.03 0.73 0 0 0 68 68
f0_23 f0_880 f0_930 0.1 -0.1 0.24 0 0 0 65 66
f0_23 f0_880 f1h_198 -0.3 0.3 0.7 0 0 0 65 70
f0_23 f0_880 f1h_279 -0.43 0.43 0.23 0 0 0 65 68
f0_23 f0_880 f1h_406 0.44 -0.44 0.66 0 0 0 65 67
f0_23 f0_880 f1w_37 -0.29 0.29 0.34 0 0 0 65 61
f0_23 f0_880 f2_157 0.85 -0.85 -0.39 0 0 0 65 64
f0_23 f0_880 f2_170 0.28 -0.28 -0.08 0 0 0 65 66
f0_23 f0_880 f2_196 -0.28 0.28 0.41 0 0 0 65 62
f0_23 f0_880 f2_864 -0.54 0.54 0.43 0 0 0 65 65
f0_23 f0_880 f2_899 -0.4 0.4 0.4 0 0 0 65 63
f0_23 f0_891 f2_157 -0.39 0.39 0.8 0 0 0 65 64
f0_23 f0_891 f2_170 -0.37 0.37 0.83 0 0 0 65 66
f0_23 f0_891 f2_338 -0.11 0.11 0.93 0 0 0 65 67
f0_23 f0_930 f0_985 0.05 -0.05 0.67 0 0 0 66 65
f0_23 f0_930 f1h_198 0.28 -0.28 0.22 0 0 0 66 70
f0_23 f0_930 f1h_252 -0.01 0.01 0.63 0 0 0 66 66
f0_23 f0_930 f1w_317 0.3 -0.3 0.26 0 0 0 66 63
f0_23 f0_930 f2_157 0.34 -0.34 -0.2 0 0 0 66 64
f0_23 f0_930 f2_530 -0.03 0.03 0.62 0 0 0 66 65
f0_23 f0_930 f2_558 0.63 -0.63 -0.41 0 0 0 66 69
f0_23 f0_930 f2_700 0.09 -0.09 0.48 0 0 0 66 64
f0_23 f0_930 f2_822 -0.1 0.1 0.65 0 0 0 66 61
f0_23 f0_930 f2_873 0.42 -0.42 0.2 0 0 0 66 64
f0_23 f0_930 f2_899 -0.19 0.19 0.39 0 0 0 66 63
f0_23 f0_985 f1h_279 0.03 -0.03 0.34 0 0 0 65 68
f0_23 f0_985 f1h_406 0.15 -0.15 0.32 0 0 0 65 67
f0_23 f0_985 f1w_37 -0.22 0.22 0.39 0 0 0 65 61
f0_23 f0_985 f2_196 -0.25 0.25 0.49 0 0 0 65 62
f0_23 f0_985 f2_338 -0.16 0.16 0.54 0 0 0 65 67
f0_23 f0_985 f2_864 -0.25 0.25 0.66 0 0 0 65 65
f0_23 f0_985 f2_873 -0.14 0.14 0.26 0 0 0 65 64
f0_23 f1h_159 f1h_198 0.28 -0.28 0.49 0 0 0 67 70
f0_23 f1h_159 f1w_484 0.14 -0.14 0.72 0 0 0 67 63
f0_23 f1h_159 f2_61 0.07 -0.07 0.62 0 0 0 67 60
f0_23 f1h_192 f1h_198 -0.03 0.03 0.34 0 0 0 66 70
f0_23 f1h_192 f1h_252 0.24 -0.24 0.32 0 0 0 66 66
f0_23 f1h_192 f1w_317 -0.46 0.46 -0.21 0 0 0 66 63
f0_23 f1h_192 f2_822 -0.17 0.17 0.94 0 0 0 66 61
f0_23 f1h_192 f2_899 -0.34 0.34 0.58 0 0 0 66 63
f0_23 f1h_198 f1w_37 -0.2 0.2 0.45 0 0 0 70 61
f0_23 f1h_198 f1w_220 -0.2 0.2 0.81 0 0 0 70 63
f0_23 f1h_198 f2_142 -0.23 0.23 0.41 0 0 0 70 68
f0_23 f1h_198 f2_196 -0.31 0.31 0.04 0 0 0 70 62
f0_23 f1h_198 f2_700 -0.13 0.13 0.6 0 0 0 70 64
f0_23 f1h_198 f2_806 -0.34 0.34 0.64 0 0 0 70 65
f0_23 f1h_252 f1h_279 -0.01 0.01 0.45 0 0 0 66 68
f0_23 f1h_252 f1h_457 -0.01 0.01 0.39 0 0 0 66 64
f0_23 f1h_252 f2_77 -0.14 0.14 0.44 0 0 0 66 66
f0_23 f1h_252 f2_196 -0.59 0.59 -0.34 0 0 0 66 62
f0_23 f1h_252 f2_338 -0.54 0.54 0.03 0 0 0 66 67
f0_23 f1h_252 f2_864 -0.14 0.14 0.78 0 0 0 66 65
f0_23 f1h_252 f2_879 -0.32 0.32 0.47 0 0 0 66 66
f0_23 f1h_279 f1w_484 -0.05 0.05 0.31 0 0 0 68 63
f0_23 f1h_279 f2_530 -0.08 0.08 0.41 0 0 0 68 65
f0_23 f1h_279 f2_558 0 0 0.85 0 0 0 68 69
f0_23 f1h_279 f2_700 -0.15 0.15 0.2 0 0 0 68 64
f0_23 f1h_279 f2_822 -0.18 0.18 0.52 0 0 0 68 61
f0_23 f1h_279 f2_873 0.28 -0.28 0.89 0 0 0 68 64
f0_23 f1h_279 f2_899 -0.12 0.12 0.3 0 0 0 68 63
f0_23 f1h_406 f2_196 -0.49 0.49 0.47 0 0 0 67 62
f0_23 f1h_457 f1w_317 -0.04 0.04 0.27 0 0 0 64 63
f0_23 f1w_37 f1w_317 0.56 -0.56 -0.1 0 0 0 61 63
f0_23 f1w_37 f1w_484 0.17 -0.17 0.55 0 0 0 61 63
f0_23 f1w_317 f2_77 -0.45 0.45 0.43 0 0 0 63 66
f0_23 f1w_317 f2_142 -0.37 0.37 0.08 0 0 0 63 68
f0_23 f1w_317 f2_157 -0.24 0.24 0.46 0 0 0 63 64
f0_23 f1w_317 f2_338 -0.41 0.41 0.34 0 0 0 63 67
f0_23 f1w_317 f2_489 -0.34 0.34 0.45 0 0 0 63 64
f0_23 f1w_317 f2_558 -0.3 0.3 0.69 0 0 0 63 69
f0_23 f1w_317 f2_623 -0.54 0.54 0.44 0 0 0 63 68
f0_23 f1w_317 f2_822 -0.42 0.42 0.51 0 0 0 63 61
f0_23 f1w_317 f2_864 -0.51 0.51 0.26 0 0 0 63 65
f0_23 f1w_317 f2_899 -0.15 0.15 0.38 0 0 0 63 63
f0_23 f1w_484 f2_170 -0.18 0.18 0.65 0 0 0 63 66
f0_23 f1w_484 f2_623 -0.3 0.3 0.7 0 0 0 63 68
f0_23 f2_61 f2_157 0.37 -0.37 -0.12 0 0 0 60 64
f0_23 f2_61 f2_879 -0.23 0.23 0.36 0 0 0 60 66
f0_23 f2_142 f2_157 -0.2 0.2 0.55 0 0 0 68 64
f0_23 f2_142 f2_170 -0.24 0.24 0.5 0 0 0 68 66
f0_23 f2_142 f2_196 -0.13 0.13 0.75 0 0 0 68 62
f0_23 f2_142 f2_899 0.12 -0.12 0.04 0 0 0 68 63
f0_23 f2_157 f2_404 0.26 -0.26 0.45 0 0 0 64 64
f0_23 f2_170 f2_806 0.01 -0.01 0.35 0 0 0 66 65
f0_23 f2_170 f2_879 -0.11 0.11 0.17 0 0 0 66 66
f0_23 f2_196 f2_806 -0.27 0.27 0.37 0 0 0 62 65
f0_23 f2_196 f2_879 -0.19 0.19 0.25 0 0 0 62 66
f0_23 f2_404 f2_558 -0.18 0.18 0.71 0 0 0 64 69
f0_23 f2_404 f2_822 -0.31 0.31 0.59 0 0 0 64 61
f0_23 f2_404 f2_873 -0.02 0.02 0.91 0 0 0 64 64
f0_23 f2_558 f2_864 -0.19 0.19 0.45 0 0 0 69 65
f0_23 f2_558 f2_879 -0.28 0.28 0.16 0 0 0 69 66
f0_23 f2_700 f2_864 -0.13 0.13 0.63 0 0 0 64 65
f0_24 f0_748 f2_913 0.42 -0.42 0.85 0 0 0 61 59
f0_24 f0_781 f1h_174 0.55 -0.55 0.62 0 0 0 62 55
f0_24 f0_781 f2_276 0.82 -0.82 0.58 0 0 0 62 58
f0_24 f0_781 f2_390 0.51 -0.51 1 0 0 0 62 60
f0_24 f1h_174 f1h_386 0.07 -0.07 1.01 0 0 0 55 62
f0_24 f1h_174 f2_276 0.42 -0.42 0.39 0 0 0 55 58
f0_24 f1h_174 f2_390 -0.19 0.19 -0.05 0 0 0 55 60
f0_24 f1h_174 f2_503 -0.68 0.68 0.33 0 0 0 55 60
f0_24 f1h_174 f2_909 -0.32 0.32 0.73 0 0 0 55 60
f0_24 f2_276 f2_585 -0.33 0.33 0.64 0 0 0 58 56
f0_24 f2_390 f2_585 -0.01 0.01 0.26 0 0 0 60 56
f0_24 f2_395 f2_913 -0.2 0.2 0.72 0 0 0 61 59
f0_24 f2_436 f2_913 0.19 -0.19 0.72 0 0 0 59 59
f0_25 f0_125 f0_461 -0.16 0.16 0.36 0 0 0 70 61
f0_25 f0_125 f0_759 -0.02 0.02 0.38 0 0 0 70 65
f0_25 f0_125 f1h_6 0.54 -0.54 0.53 0 0 0 70 64
f0_25 f0_453 f0_461 0.08 -0.08 0.55 0 0 0 66 61
f0_25 f0_453 f1h_6 0.43 -0.43 0.73 0 0 0 66 64
f0_25 f0_461 f0_873 0.03 -0.03 0.46 0 0 0 61 64
f0_25 f0_461 f0_914 0.23 -0.23 0.45 0 0 0 61 65
f0_25 f0_461 f0_996 0.1 -0.1 0.36 0 0 0 61 62
f0_25 f0_461 f1h_6 0.22 -0.22 0.33 0 0 0 61 64
f0_25 f0_461 f1h_163 -0.03 0.03 0.12 0 0 0 61 64
f0_25 f0_461 f1h_233 0.22 -0.22 0.56 0 0 0 61 62
f0_25 f0_461 f2_21 0.16 -0.16 0.75 0 0 0 61 62
f0_25 f0_461 f2_479 0.43 -0.43 0.55 0 0 0 61 68
f0_25 f0_461 f2_817 0.09 -0.09 0.4 0 0 0 61 65
f0_25 f0_461 f2_941 0.25 -0.25 0.81 0 0 0 61 66
f0_25 f0_461 f2_980 0.12 -0.12 0.48 0 0 0 61 67
f0_25 f0_759 f0_873 -0.05 0.05 0.58 0 0 0 65 64
f0_25 f0_759 f0_914 0.25 -0.25 0.53 0 0 0 65 65
f0_25 f0_759 f0_996 -0.06 0.06 0.34 0 0 0 65 62
f0_25 f0_759 f1h_6 0.26 -0.26 0.49 0 0 0 65 64
f0_25 f0_759 f1h_233 0.05 -0.05 0.57 0 0 0 65 62
f0_25 f0_759 f2_21 -0.1 0.1 0.87 0 0 0 65 62
f0_25 f0_759 f2_79 -0.08 0.08 0.64 0 0 0 65 65
f0_25 f0_759 f2_479 0.21 -0.21 0.84 0 0 0 65 68
f0_25 f0_759 f2_941 0.19 -0.19 0.7 0 0 0 65 66
f0_25 f0_759 f2_980 0.07 -0.07 0.48 0 0 0 65 67
f0_25 f0_873 f1h_6 -0.11 0.11 0.57 0 0 0 64 64
f0_25 f0_873 f2_980 0.36 -0.36 0.79 0 0 0 64 67
f0_25 f0_914 f1h_6 0.09 -0.09 0.7 0 0 0 65 64
f0_25 f0_914 f1h_163 -0.29 0.29 0.66 0 0 0 65 64
f0_25 f0_996 f1h_6 0.31 -0.31 0.61 0 0 0 62 64
f0_25 f0_996 f1h_163 0.15 -0.15 0.32 0 0 0 62 64
f0_25 f0_996 f2_980 0.1 -0.1 0.75 0 0 0 62 67
f0_25 f1h_6 f1h_163 -0.53 0.53 -0.19 0 0 0 64 64
f0_25 f1h_6 f1h_494 0.1 -0.1 0.51 0 0 0 64 60
f0_25 f1h_6 f1h_496 0.04 -0.04 0.97 0 0 0 64 68
f0_25 f1h_6 f2_21 -0.2 0.2 0.42 0 0 0 64 62
f0_25 f1h_6 f2_79 0.43 -0.43 0.2 0 0 0 64 65
f0_25 f1h_6 f2_479 0.16 -0.16 1.04 0 0 0 64 68
f0_25 f1h_6 f2_817 0.01 -0.01 1.48 0 0 0 64 65
f0_25 f1h_6 f2_941 0.39 -0.39 0.99 0 0 0 64 66
f0_25 f1h_6 f2_980 -0.11 0.11 0.56 0 0 0 64 67
f0_25 f1h_163 f1h_233 0.14 -0.14 0.65 0 0 0 64 62
f0_25 f1h_163 f1h_494 0.29 -0.29 0.41 0 0 0 64 60
f0_25 f1h_163 f2_21 -0.15 0.15 0.52 0 0 0 64 62
f0_25 f1h_163 f2_79 0.09 -0.09 0.4 0 0 0 64 65
f0_25 f1h_163 f2_479 0.2 -0.2 0.61 0 0 0 64 68
f0_25 f1h_163 f2_941 0.28 -0.28 0.78 0 0 0 64 66
f0_25 f1h_163 f2_980 0.28 -0.28 0.41 0 0 0 64 67
f0_25 f1h_494 f2_21 -0.34 0.34 0.84 0 0 0 60 62
f0_25 f1h_494 f2_479 -0.06 0.06 1.13 0 0 0 60 68
f0_25 f1h_494 f2_980 -0.39 0.39 0.39 0 0 0 60 67
f0_25 f1w_146 f2_980 0.21 -0.21 0.68 0 0 0 64 67
f0_25 f2_21 f2_817 0.23 -0.23 0.77 0 0 0 62 65
f0_25 f2_21 f2_980 0.11 -0.11 0.64 0 0 0 62 67
f0_25 f2_479 f2_817 0.02 -0.02 1.15 0 0 0 68 65
f0_26 f0_19 f1h_2 0.02 -0.02 0.85 0 0 0 60 62
f0_26 f0_19 f1h_127 0.78 -0.78 0.84 0 0 0 60 62
f0_26 f0_19 f1w_33 -0.17 0.17 0.75 0 0 0 60 62
f0_26 f0_19 f1w_227 -0.33 0.33 0.47 0 0 0 60 57
f0_26 f0_19 f1w_444 -0.15 0.15 0.71 0 0 0 60 64
f0_26 f0_19 f2_427 0.22 -0.22 0.97 0 0 0 60 60
f0_26 f0_74 f1w_222 0.41 -0.41 0.13 0 0 0 62 61
f0_26 f0_84 f1w_222 0.34 -0.34 0.48 0 0 0 61 61
f0_26 f0_141 f1h_127 1.41 -1.41 -0.13 0 0 0 63 62
f0_26 f0_476 f1h_127 0.84 -0.84 0.9 0 0 0 59 62
f0_26 f0_476 f2_427 0.61 -0.61 0.75 0 0 0 59 60
f0_26 f0_765 f1h_127 1.59 -1.59 0.01 0 0 0 64 62
f0_26 f0_765 f2_427 0.79 -0.79 0 0 0 0 64 60
f0_26 f0_854 f1w_222 0.65 -0.65 0.62 0 0 0 58 61
f0_26 f0_854 f1w_227 0.38 -0.38 0.47 0 0 0 58 57
f0_26 f1h_2 f1h_103 -0.26 0.26 0.58 0 0 0 62 63
f0_26 f1h_40 f1h_90 -0.53 0.53 0.57 0 0 0 60 57
f0_26 f1h_40 f1w_227 -0.42 0.42 1.01 0 0 0 60 57
f0_26 f1h_40 f2_415 -0.26 0.26 1.03 0 0 0 60 61
f0_26 f1h_90 f1h_103 0.18 -0.18 0.52 0 0 0 57 63
f0_26 f1h_90 f1w_222 0.67 -0.67 -0.08 0 0 0 57 61
f0_26 f1h_90 f2_427 0.26 -0.26 0.56 0 0 0 57 60
f0_26 f1h_90 f2_493 0.19 -0.19 0.46 0 0 0 57 57
f0_26 f1h_103 f1h_127 0.75 -0.75 0.54 0 0 0 63 62
f0_26 f1h_103 f1w_227 0.19 -0.19 0.66 0 0 0 63 57
f0_26 f1h_103 f1w_444 -0.21 0.21 0.45 0 0 0 63 64
f0_26 f1h_103 f2_427 0.22 -0.22 0.49 0 0 0 63 60
f0_26 f1h_127 f1h_475 -1.02 1.02 0.62 0 0 0 62 59
f0_26 f1h_127 f1w_30 -0.69 0.69 0.85 0 0 0 62 64
f0_26 f1h_127 f2_40 -0.97 0.97 0.62 0 0 0 62 62
f0_26 f1h_127 f2_96 -1.05 1.05 0.57 0 0 0 62 60
f0_26 f1h_127 f2_353 -0.99 0.99 -0.02 0 0 0 62 60
f0_26 f1h_127 f2_405 -0.33 0.33 0.55 0 0 0 62 59
f0_26 f1h_127 f2_817 -0.95 0.95 0.47 0 0 0 62 61
f0_26 f1h_475 f1w_222 0.6 -0.6 0.49 0 0 0 59 61
f0_26 f1w_30 f2_427 0.25 -0.25 1 0 0 0 64 60
f0_26 f1w_222 f2_353 -0.34 0.34 0.3 0 0 0 61 60
f0_26 f1w_222 f2_817 -0.33 0.33 0.57 0 0 0 61 61
f0_26 f1w_222 f2_999 -0.85 0.85 0.52 0 0 0 61 63
f0_26 f1w_227 f2_40 -0.72 0.72 0.86 0 0 0 57 62
f0_26 f1w_340 f2_353 -0.29 0.29 0.73 0 0 0 65 60
f0_26 f2_353 f2_405 0.09 -0.09 0.61 0 0 0 60 59
f0_26 f2_405 f2_415 0.09 -0.09 0.9 0 0 0 59 61
f0_26 f2_405 f2_427 0.01 -0.01 0.64 0 0 0 59 60
f0_27 f0_8 f0_462 -0.28 0.28 0.8 0 0 0 64 62
f0_27 f0_8 f0_542 -0.19 0.19 0.77 0 0 0 64 61
f0_27 f0_8 f0_848 -0.45 0.45 0.59 0 0 0 64 62
f0_27 f0_8 f1h_62 -0.32 0.32 1.02 0 0 0 64 60
f0_27 f0_8 f1h_103 -0.36 0.36 0.74 0 0 0 64 65
f0_27 f0_8 f1w_268 -0.14 0.14 1.05 0 0 0 64 62
f0_27 f0_8 f2_310 -0.1 0.1 1.25 0 0 0 64 64
f0_27 f0_8 f2_642 -0.2 0.2 0.92 0 0 0 64 64
f0_27 f0_8 f2_892 -0.19 0.19 0.61 0 0 0 64 63
f0_27 f0_8 f2_900 -0.43 0.43 0.67 0 0 0 64 64
f0_27 f0_8 f2_984 -0.43 0.43 0.67 0 0 0 64 66
f0_27 f0_113 f0_462 0.24 -0.24 0.65 0 0 0 63 62
f0_27 f0_113 f0_526 -0.23 0.23 0.54 0 0 0 63 65
f0_27 f0_113 f0_542 0.07 -0.07 0.66 0 0 0 63 61
f0_27 f0_113 f0_614 -0.15 0.15 0.43 0 0 0 63 61
f0_27 f0_113 f1h_103 -0.12 0.12 0.65 0 0 0 63 65
f0_27 f0_113 f1h_180 0.11 -0.11 0.49 0 0 0 63 61
f0_27 f0_113 f1w_135 -0.09 0.09 1.22 0 0 0 63 62
f0_27 f0_113 f1w_268 0.19 -0.19 0.66 0 0 0 63 62
f0_27 f0_113 f1w_494 0.23 -0.23 0.56 0 0 0 63 64
f0_27 f0_113 f2_277 0.6 -0.6 0.5 0 0 0 63 62
f0_27 f0_113 f2_310 0.1 -0.1 0.79 0 0 0 63 64
f0_27 f0_113 f2_327 -0.09 0.09 0.91 0 0 0 63 66
f0_27 f0_113 f2_574 -0.69 0.69 0.74 0 0 0 63 64
f0_27 f0_113 f2_892 0.11 -0.11 0.73 0 0 0 63 63
f0_27 f0_113 f2_900 -0.25 0.25 0.46 0 0 0 63 64
f0_27 f0_229 f1h_103 0.19 -0.19 0.3 0 0 0 61 65
f0_27 f0_229 f1w_135 0.02 -0.02 0.97 0 0 0 61 62
f0_27 f0_229 f2_277 0.36 -0.36 0.72 0 0 0 61 62
f0_27 f0_229 f2_574 -0.09 0.09 0.84 0 0 0 61 64
f0_27 f0_229 f2_945 0.42 -0.42 0.45 0 0 0 61 61
f0_27 f0_462 f0_614 -0.1 0.1 0.38 0 0 0 62 61
f0_27 f0_462 f0_876 -0.06 0.06 0.83 0 0 0 62 62
f0_27 f0_542 f0_876 -0.1 0.1 0.99 0 0 0 61 62
f0_27 f0_542 f1h_103 0.06 -0.06 0.5 0 0 0 61 65
f0_27 f0_542 f1w_135 -0.22 0.22 0.84 0 0 0 61 62
f0_27 f0_542 f2_277 0.43 -0.43 0.69 0 0 0 61 62
f0_27 f0_542 f2_310 0.13 -0.13 0.52 0 0 0 61 64
f0_27 f0_542 f2_574 -0.27 0.27 0.62 0 0 0 61 64
f0_27 f0_542 f2_945 0.33 -0.33 0.41 0 0 0 61 61
f0_27 f0_614 f0_848 -0.34 0.34 0.43 0 0 0 61 62
f0_27 f0_614 f1h_62 -0.27 0.27 0.62 0 0 0 61 60
f0_27 f0_614 f1h_103 -0.05 0.05 0.63 0 0 0 61 65
f0_27 f0_614 f1w_135 -0.05 0.05 0.83 0 0 0 61 62
f0_27 f0_614 f2_310 0.1 -0.1 0.69 0 0 0 61 64
f0_27 f0_614 f2_327 -0.13 0.13 0.74 0 0 0 61 66
f0_27 f0_614 f2_376 -0.31 0.31 0.08 0 0 0 61 63
f0_27 f0_614 f2_574 -0.28 0.28 0.68 0 0 0 61 64
f0_27 f0_614 f2_642 0.13 -0.13 0.43 0 0 0 61 64
f0_27 f0_614 f2_892 0.07 -0.07 0.76 0 0 0 61 63
f0_27 f0_614 f2_900 -0.1 0.1 0.59 0 0 0 61 64
f0_27 f0_614 f2_945 0.32 -0.32 0.47 0 0 0 61 61
f0_27 f0_614 f2_984 -0.29 0.29 0.41 0 0 0 61 66
f0_27 f0_848 f1h_180 0.02 -0.02 0.68 0 0 0 62 61
f0_27 f0_848 f2_277 0.38 -0.38 0.57 0 0 0 62 62
f0_27 f0_848 f2_310 0.09 -0.09 0.21 0 0 0 62 64
f0_27 f0_848 f2_945 0.34 -0.34 0.23 0 0 0 62 61
f0_27 f0_876 f2_376 -0.15 0.15 0.87 0 0 0 62 63
f0_27 f0_876 f2_945 0.2 -0.2 0.75 0 0 0 62 61
f0_27 f1h_37 f1h_103 0.27 -0.27 0.51 0 0 0 63 65
f0_27 f1h_62 f1h_180 -0.05 0.05 0.76 0 0 0 60 61
f0_27 f1h_103 f1h_180 -0.07 0.07 0.69 0 0 0 65 61
f0_27 f1h_103 f1h_255 -0.11 0.11 0.43 0 0 0 65 64
f0_27 f1h_103 f1h_426 -0.26 0.26 0.43 0 0 0 65 64
f0_27 f1h_103 f1w_268 0.08 -0.08 0.37 0 0 0 65 62
f0_27 f1h_103 f2_376 -0.1 0.1 0.47 0 0 0 65 63
f0_27 f1h_103 f2_892 0.14 -0.14 0.48 0 0 0 65 63
f0_27 f1h_103 f2_900 -0.2 0.2 0.33 0 0 0 65 64
f0_27 f1h_180 f2_310 -0.02 0.02 0.93 0 0 0 61 64
f0_27 f1h_180 f2_642 0.1 -0.1 0.61 0 0 0 61 64
f0_27 f1h_180 f2_892 0.09 -0.09 0.72 0 0 0 61 63
f0_27 f1h_180 f2_900 -0.1 0.1 0.61 0 0 0 61 64
f0_27 f1h_180 f2_984 -0.1 0.1 0.61 0 0 0 61 66
f0_27 f1h_255 f2_277 0.35 -0.35 0.58 0 0 0 64 62
f0_27 f1h_255 f2_310 0.13 -0.13 0.63 0 0 0 64 64
f0_27 f1h_426 f2_310 0.46 -0.46 0.73 0 0 0 64 64
f0_27 f1w_135 f1w_268 -0.12 0.12 0.86 0 0 0 62 62
f0_27 f1w_135 f2_376 -0.08 0.08 0.83 0 0 0 62 63
f0_27 f1w_135 f2_900 -0.01 0.01 0.63 0 0 0 62 64
f0_27 f1w_268 f2_945 0.06 -0.06 0.66 0 0 0 62 61
f0_27 f1w_323 f2_310 -0.07 0.07 1.04 0 0 0 60 64
f0_27 f2_277 f2_327 0.03 -0.03 0.28 0 0 0 62 66
f0_27 f2_277 f2_376 -0.39 0.39 0.7 0 0 0 62 63
f0_27 f2_277 f2_892 -0.04 0.04 0.98 0 0 0 62 63
f0_27 f2_277 f2_984 -0.35 0.35 0.66 0 0 0 62 66
f0_27 f2_310 f2_327 -0.09 0.09 0.71 0 0 0 64 66
f0_27 f2_310 f2_376 -0.23 0.23 0.55 0 0 0 64 63
f0_27 f2_310 f2_892 0.16 -0.16 0.58 0 0 0 64 63
f0_27 f2_310 f2_984 -0.26 0.26 0.45 0 0 0 64 66
f0_27 f2_327 f2_945 0.12 -0.12 0.65 0 0 0 66 61
f0_27 f2_892 f2_945 0.13 -0.13 0.73 0 0 0 63 61
f0_27 f2_900 f2_945 0.31 -0.31 0.58 0 0 0 64 61
f0_27 f2_945 f2_984 -0.31 0.31 0.56 0 0 0 61 66
f0_29 f0_740 f0_960 0 0 0.88 0 0 0 63 63
f0_29 f0_740 f1h_171 0.16 -0.16 0.9 0 0 0 63 60
f0_29 f0_960 f1h_404 0.29 -0.29 1.15 0 0 0 63 64
f0_31 f0_656 f1h_117 0.82 -0.82 1.34 0 0 0 70 71
f0_31 f1h_205 f1h_210 -0.36 0.36 0.61 0 0 0 69 66
f0_32 f0_204 f1h_207 0.72 -0.72 0.56 0 0 0 64 61
f0_32 f0_723 f1h_207 0.64 -0.64 0.89 0 0 0 63 61
f0_32 f0_798 f2_29 0.66 -0.66 -0.03 0 0 0 60 59
f0_32 f0_810 f1h_274 0.19 -0.19 0.76 0 0 0 61 59
f0_32 f0_957 f1h_207 0.39 -0.39 0.32 0 0 0 62 61
f0_32 f0_957 f2_29 0.35 -0.35 0.43 0 0 0 62 59
f0_32 f1h_96 f1h_310 0.46 -0.46 0.89 0 0 0 61 64
f0_32 f1h_96 f1w_201 0.02 -0.02 0.55 0 0 0 61 65
f0_32 f1h_207 f1h_310 -0.11 0.11 0.74 0 0 0 61 64
f0_32 f1h_207 f2_29 0.11 -0.11 0.75 0 0 0 61 59
f0_32 f1h_207 f2_171 -0.04 0.04 0.02 0 0 0 61 65
f0_32 f1h_274 f2_984 0.5 -0.5 0.65 0 0 0 59 66
f0_32 f1w_201 f2_132 0.23 -0.23 0.73 0 0 0 65 66
f0_32 f1w_201 f2_984 0.72 -0.72 0.49 0 0 0 65 66
f0_32 f1w_484 f2_29 0.24 -0.24 0.35 0 0 0 62 59
f0_32 f2_29 f2_984 0.26 -0.26 0.6 0 0 0 59 66
f0_33 f0_43 f0_208 0.39 -0.39 0.6 0 0 0 68 66
f0_33 f0_43 f0_215 0 0 0.8 0 0 0 68 68
f0_33 f0_43 f2_142 0.2 -0.2 0.66 0 0 0 68 68
f0_33 f0_63 f0_86 -0.32 0.32 0.2 0 0 0 62 64
f0_33 f0_63 f0_118 -0.26 0.26 0.38 0 0 0 62 60
f0_33 f0_63 f0_628 -0.12 0.12 0.71 0 0 0 62 67
f0_33 f0_63 f0_953 0.1 -0.1 0.69 0 0 0 62 64
f0_33 f0_63 f1w_39 -0.32 0.32 0.46 0 0 0 62 66
f0_33 f0_63 f1w_317 0.21 -0.21 0.68 0 0 0 62 62
f0_33 f0_63 f2_142 -0.07 0.07 0.53 0 0 0 62 68
f0_33 f0_63 f2_222 -0.36 0.36 0.02 0 0 0 62 64
f0_33 f0_63 f2_547 0.12 -0.12 0.62 0 0 0 62 63
f0_33 f0_86 f0_89 0.05 -0.05 0.14 0 0 0 64 65
f0_33 f0_86 f0_118 0.01 -0.01 0.36 0 0 0 64 60
f0_33 f0_86 f0_176 0.18 -0.18 0.39 0 0 0 64 67
f0_33 f0_86 f0_208 0.49 -0.49 0.14 0 0 0 64 66
f0_33 f0_86 f0_215 0.08 -0.08 0.1 0 0 0 64 68
f0_33 f0_86 f0_575 -0.08 0.08 0.38 0 0 0 64 67
f0_33 f0_86 f0_808 0.15 -0.15 0.47 0 0 0 64 64
f0_33 f0_86 f1h_96 0.11 -0.11 0.36 0 0 0 64 65
f0_33 f0_86 f1h_381 0.09 -0.09 0.33 0 0 0 64 65
f0_33 f0_86 f1h_412 0.05 -0.05 0.53 0 0 0 64 64
f0_33 f0_86 f1w_224 0.28 -0.28 0.69 0 0 0 64 64
f0_33 f0_86 f1w_283 0.05 -0.05 0.5 0 0 0 64 67
f0_33 f0_86 f1w_305 -0.02 0.02 0.34 0 0 0 64 67
f0_33 f0_86 f2_142 0.22 -0.22 0.37 0 0 0 64 68
f0_33 f0_86 f2_201 0.1 -0.1 0.44 0 0 0 64 65
f0_33 f0_86 f2_222 0.11 -0.11 0.44 0 0 0 64 64
f0_33 f0_86 f2_242 0.07 -0.07 0.58 0 0 0 64 65
f0_33 f0_86 f2_472 0.21 -0.21 0.63 0 0 0 64 67
f0_33 f0_86 f2_548 -0.05 0.05 0.5 0 0 0 64 64
f0_33 f0_86 f2_822 0.26 -0.26 0.59 0 0 0 64 62
f0_33 f0_86 f2_866 0.25 -0.25 0.15 0 0 0 64 64
f0_33 f0_89 f2_547 0.21 -0.21 0.56 0 0 0 65 63
f0_33 f0_118 f1h_412 0.04 -0.04 0.41 0 0 0 60 64
f0_33 f0_118 f2_547 0.28 -0.28 0.51 0 0 0 60 63
f0_33 f0_118 f2_721 -0.14 0.14 0.7 0 0 0 60 64
f0_33 f0_119 f1h_412 -0.34 0.34 0.64 0 0 0 71 64
f0_33 f0_123 f0_215 -0.28 0.28 0.63 0 0 0 61 68
f0_33 f0_123 f1w_317 0.47 -0.47 0.57 0 0 0 61 62
f0_33 f0_176 f1w_317 0.61 -0.61 0.69 0 0 0 67 62
f0_33 f0_208 f0_808 -0.23 0.23 0.46 0 0 0 66 64
f0_33 f0_208 f1h_96 -0.36 0.36 0.59 0 0 0 66 65
f0_33 f0_208 f1h_412 -0.28 0.28 0 0 0 0 66 64
f0_33 f0_208 f1h_444 -0.53 0.53 0.61 0 0 0 66 66
f0_33 f0_208 f1h_451 0.03 -0.03 1.01 0 0 0 66 66
f0_33 f0_208 f1w_317 0.2 -0.2 0.6 0 0 0 66 62
f0_33 f0_208 f2_1 -0.19 0.19 0.85 0 0 0 66 70
f0_33 f0_208 f2_503 -0.26 0.26 0.33 0 0 0 66 65
f0_33 f0_208 f2_547 -0.22 0.22 0.7 0 0 0 66 63
f0_33 f0_208 f2_721 -0.37 0.37 0.47 0 0 0 66 64
f0_33 f0_215 f0_628 0.04 -0.04 0.61 0 0 0 68 67
f0_33 f0_215 f1w_39 -0.17 0.17 0.12 0 0 0 68 66
f0_33 f0_215 f1w_317 0.85 -0.85 0.02 0 0 0 68 62
f0_33 f0_215 f2_276 -0.01 0.01 0.53 0 0 0 68 63
f0_33 f0_215 f2_547 0.22 -0.22 0.24 0 0 0 68 63
f0_33 f0_215 f2_977 -0.13 0.13 0.15 0 0 0 68 64
f0_33 f0_307 f1h_96 0.3 -0.3 0.75 0 0 0 67 65
f0_33 f0_307 f1h_412 0.12 -0.12 0.37 0 0 0 67 64
f0_33 f0_307 f1w_317 0.86 -0.86 0.29 0 0 0 67 62
f0_33 f0_628 f1w_317 -0.25 0.25 0.22 0 0 0 67 62
f0_33 f0_628 f2_866 -0.03 0.03 0.71 0 0 0 67 64
f0_33 f0_768 f1w_317 0.53 -0.53 0.75 0 0 0 64 62
f0_33 f0_808 f1w_317 0.46 -0.46 0.79 0 0 0 64 62
f0_33 f0_808 f2_276 -0.29 0.29 0.57 0 0 0 64 63
f0_33 f0_808 f2_866 -0.19 0.19 0.71 0 0 0 64 64
f0_33 f0_808 f2_977 -0.13 0.13 0.48 0 0 0 64 64
f0_33 f0_953 f1h_444 -0.37 0.37 0.56 0 0 0 64 66
f0_33 f0_953 f1w_317 0.11 -0.11 0.68 0 0 0 64 62
f0_33 f1h_96 f2_276 -0.13 0.13 0.85 0 0 0 65 63
f0_33 f1h_96 f2_436 -0.18 0.18 0.6 0 0 0 65 62
f0_33 f1h_96 f2_503 -0.09 0.09 0.96 0 0 0 65 65
f0_33 f1h_96 f2_977 -0.01 0.01 0.77 0 0 0 65 64
f0_33 f1h_412 f1w_317 0.71 -0.71 0.27 0 0 0 64 62
f0_33 f1h_412 f2_142 0.18 -0.18 0.3 0 0 0 64 68
f0_33 f1h_444 f2_222 0.1 -0.1 0.7 0 0 0 66 64
f0_33 f1h_444 f2_276 -0.15 0.15 0.54 0 0 0 66 63
f0_33 f1h_444 f2_977 0.04 -0.04 0.5 0 0 0 66 64
f0_33 f1h_451 f2_142 -0.26 0.26 0.65 0 0 0 66 68
f0_33 f1h_451 f2_222 -0.41 0.41 0.93 0 0 0 66 64
f0_33 f1h_451 f2_548 -0.5 0.5 0.71 0 0 0 66 64
f0_33 f1w_39 f1w_317 0.15 -0.15 0.26 0 0 0 66 62
f0_33 f1w_39 f2_866 0.19 -0.19 0.43 0 0 0 66 64
f0_33 f1w_224 f1w_317 0.53 -0.53 0.93 0 0 0 64 62
f0_33 f1w_283 f1w_317 0.73 -0.73 0.33 0 0 0 67 62
f0_33 f1w_305 f2_547 0.32 -0.32 0.4 0 0 0 67 63
f0_33 f1w_317 f2_142 -0.16 0.16 0.37 0 0 0 62 68
f0_33 f1w_317 f2_409 -0.19 0.19 0.83 0 0 0 62 66
f0_33 f1w_317 f2_436 -0.69 0.69 0.39 0 0 0 62 62
f0_33 f1w_317 f2_472 -0.6 0.6 0.7 0 0 0 62 67
f0_33 f1w_317 f2_503 -0.66 0.66 0.48 0 0 0 62 65
f0_33 f1w_317 f2_547 -0.4 0.4 0.29 0 0 0 62 63
f0_33 f1w_317 f2_548 -0.74 0.74 0.24 0 0 0 62 64
f0_33 f1w_317 f2_721 -0.37 0.37 0.51 0 0 0 62 64
f0_33 f1w_317 f2_822 -0.35 0.35 0.91 0 0 0 62 62
f0_33 f1w_317 f2_977 -0.51 0.51 0.47 0 0 0 62 64
f0_33 f2_1 f2_142 0.1 -0.1 0.39 0 0 0 70 68
f0_33 f2_1 f2_222 -0.3 0.3 0.66 0 0 0 70 64
f0_33 f2_142 f2_503 -0.01 0.01 0.58 0 0 0 68 65
f0_33 f2_142 f2_547 -0.09 0.09 0.35 0 0 0 68 63
f0_33 f2_142 f2_721 -0.31 0.31 0.55 0 0 0 68 64
f0_33 f2_222 f2_503 0.42 -0.42 -0.07 0 0 0 64 65
f0_33 f2_222 f2_547 0.22 -0.22 0.65 0 0 0 64 63
f0_33 f2_503 f2_548 -0.24 0.24 0.41 0 0 0 65 64
f0_33 f2_547 f2_548 -0.36 0.36 0.54 0 0 0 63 64
f0_33 f2_547 f2_866 -0.13 0.13 0.37 0 0 0 63 64
f0_34 f0_442 f1h_434 0.38 -0.38 1 0 0 0 61 65
f0_34 f1h_233 f2_498 -0.98 0.98 1.27 0 0 0 65 71
f0_35 f1h_17 f1h_313 -0.07 0.07 1.19 0 0 0 71 70
f0_35 f1h_90 f1h_370 -0.65 0.65 0.53 0 0 0 64 67
f0_35 f1h_313 f1h_489 -0.16 0.16 1.42 0 0 0 70 64
f0_36 f0_18 f1w_255 0.25 -0.25 0.3 0 0 0 70 62
f0_36 f0_18 f2_171 0.07 -0.07 0.29 0 0 0 70 67
f0_36 f0_18 f2_242 0.57 -0.57 0.49 0 0 0 70 65
f0_36 f0_18 f2_985 -0.2 0.2 0.04 0 0 0 70 59
f0_36 f0_61 f0_95 0.01 -0.01 0.12 0 0 0 64 67
f0_36 f0_61 f1h_33 -0.33 0.33 0.18 0 0 0 64 64
f0_36 f0_61 f1h_381 -0.27 0.27 0.78 0 0 0 64 65
f0_36 f0_95 f0_101 -0.47 0.47 0.58 0 0 0 67 68
f0_36 f0_95 f0_200 -0.49 0.49 0.79 0 0 0 67 66
f0_36 f0_95 f0_404 0.11 -0.11 0.82 0 0 0 67 68
f0_36 f0_95 f0_432 -0.23 0.23 0.53 0 0 0 67 64
f0_36 f0_95 f0_437 -0.59 0.59 0.57 0 0 0 67 64
f0_36 f0_95 f0_579 -0.12 0.12 0.22 0 0 0 67 69
f0_36 f0_95 f0_690 -0.22 0.22 0.9 0 0 0 67 64
f0_36 f0_95 f0_827 -0.2 0.2 0.67 0 0 0 67 66
f0_36 f0_95 f1h_33 -0.41 0.41 0.47 0 0 0 67 64
f0_36 f0_95 f1h_37 -0.48 0.48 0.6 0 0 0 67 69
f0_36 f0_95 f1h_289 -0.48 0.48 0.34 0 0 0 67 65
f0_36 f0_95 f1h_372 -0.39 0.39 0.44 0 0 0 67 61
f0_36 f0_95 f1h_381 -0.48 0.48 0.57 0 0 0 67 65
f0_36 f0_95 f1h_444 -0.63 0.63 0.32 0 0 0 67 67
f0_36 f0_95 f1w_255 -0.5 0.5 0.16 0 0 0 67 62
f0_36 f0_95 f1w_482 -0.64 0.64 0.71 0 0 0 67 67
f0_36 f0_95 f2_143 -0.16 0.16 0.52 0 0 0 67 67
f0_36 f0_95 f2_199 -0.31 0.31 0.16 0 0 0 67 64
f0_36 f0_95 f2_242 -0.19 -0.19 0.66 0 0 0 67 65
f0_36 f0_95 f2_269 0.21 -0.21 -0.05 0 0 0 67 69
f0_36 f0_95 f2_285 -0.48 0.48 0.58 0 0 0 67 67
f0_36 f0_95 f2_387 -0.43 0.43 0.29 0 0 0 67 64
f0_36 f0_95 f2_416 0.09 -0.09 0.4 0 0 0 67 64
f0_36 f0_95 f2_547 -0.59 0.59 0.45 0 0 0 67 63
f0_36 f0_95 f2_783 -0.04 0.04 0.07 0 0 0 67 66
f0_36 f0_95 f2_949 -0.37 0.37 0.46 0 0 0 67 61
f0_36 f0_95 f2_985 -0.53 0.53 0.63 0 0 0 67 59
f0_36 f0_101 f1h_438 0.37 -0.37 1.07 0 0 0 68 68
f0_36 f0_303 f1h_438 0.36 -0.36 1.05 0 0 0 66 68
f0_36 f1h_33 f1h_438 0.59 -0.59 0.53 0 0 0 64 68
f0_36 f1h_33 f2_171 -0.1 0.1 0.43 0 0 0 64 67
f0_36 f1h_33 f2_896 -0.06 0.06 0.23 0 0 0 64 64
f0_36 f1h_289 f2_269 0.73 -0.73 0.35 0 0 0 65 69
f0_36 f1h_372 f2_171 -0.27 0.27 0.39 0 0 0 61 67
f0_36 f1h_381 f2_171 -0.29 0.29 0.28 0 0 0 65 67
f0_36 f1h_438 f2_143 -0.23 0.23 1.22 0 0 0 68 67
f0_36 f1h_438 f2_242 -0.28 0.28 0.72 0 0 0 68 65
f0_36 f1h_438 f2_985 -0.74 0.74 0.16 0 0 0 68 59
f0_36 f1w_255 f2_199 -0.19 0.19 0.67 0 0 0 62 64
f0_36 f1w_255 f2_269 0.87 -0.87 0.31 0 0 0 62 69
f0_36 f1w_255 f2_416 0.27 -0.27 0.66 0 0 0 62 64
f0_36 f1w_255 f2_864 -0.23 0.23 0.53 0 0 0 62 64
f0_36 f2_171 f2_416 0.45 -0.45 0.46 0 0 0 67 64
f0_36 f2_199 f2_387 0.31 -0.31 0.68 0 0 0 64 64
f0_36 f2_242 f2_269 0.81 -0.81 0.44 0 0 0 65 69
f0_36 f2_269 f2_285 -0.87 0.87 0.53 0 0 0 69 67
f0_36 f2_269 f2_416 -0.21 0.21 0.46 0 0 0 69 64
f0_36 f2_269 f2_547 -0.9 0.9 0.72 0 0 0 69 63
f0_36 f2_269 f2_949 -0.59 0.59 0.97 0 0 0 69 61
f0_36 f2_269 f2_985 -0.88 0.88 0.41 0 0 0 69 59
f0_37 f0_126 f1h_12 0.56 -0.56 0.77 0 0 0 56 64
f0_37 f1h_12 f1h_57 -0.36 0.36 1.16 0 0 0 64 61
f0_37 f1h_12 f1h_151 -0.06 0.06 1.01 0 0 0 64 68
f0_37 f1h_151 f2_309 -0.2 0.2 0.45 0 0 0 68 65
f0_38 f0_4 f0_197 -0.21 0.21 0.4 0 0 0 65 62
f0_38 f0_4 f0_382 -0.15 0.15 0.6 0 0 0 65 61
f0_38 f0_4 f0_493 0.01 -0.01 0.41 0 0 0 65 65
f0_38 f0_4 f0_807 0.06 -0.06 0.45 0 0 0 65 65
f0_38 f0_4 f0_960 0.24 -0.24 0.16 0 0 0 65 63
f0_38 f0_4 f1h_217 -0.01 0.01 0.53 0 0 0 65 62
f0_38 f0_4 f1h_309 0.54 -0.54 0.42 0 0 0 65 63
f0_38 f0_4 f1h_494 0.2 -0.2 0.18 0 0 0 65 59
f0_38 f0_4 f1w_34 -0.25 0.25 0.31 0 0 0 65 61
f0_38 f0_4 f1w_206 0.01 -0.01 0.46 0 0 0 65 63
f0_38 f0_4 f1w_424 0.16 -0.16 0.43 0 0 0 65 60
f0_38 f0_4 f2_99 0.33 -0.33 0.21 0 0 0 65 58
f0_38 f0_4 f2_109 -0.25 0.25 -0.01 0 0 0 65 67
f0_38 f0_4 f2_285 0.3 -0.3 0.27 0 0 0 65 64
f0_38 f0_4 f2_290 0.08 -0.08 0.1 0 0 0 65 56
f0_38 f0_50 f0_493 -0.34 0.34 0.71 0 0 0 63 65
f0_38 f0_50 f0_960 -0.13 0.13 0.9 0 0 0 63 63
f0_38 f0_50 f2_290 -0.19 0.19 0.45 0 0 0 63 56
f0_38 f0_197 f0_930 0.18 -0.18 0.24 0 0 0 62 62
f0_38 f0_197 f1h_309 0.7 -0.7 0.34 0 0 0 62 63
f0_38 f0_382 f0_960 0.13 -0.13 0.57 0 0 0 61 63
f0_38 f0_382 f2_99 0.33 -0.33 0.28 0 0 0 61 58
f0_38 f0_385 f0_493 0.01 -0.01 0.56 0 0 0 59 65
f0_38 f0_385 f0_534 0.29 -0.29 -0.2 0 0 0 59 63
f0_38 f0_385 f0_960 0.18 -0.18 0.29 0 0 0 59 63
f0_38 f0_385 f1h_274 0.13 -0.13 0.38 0 0 0 59 59
f0_38 f0_385 f1h_309 0.51 -0.51 0.39 0 0 0 59 63
f0_38 f0_385 f2_99 0.44 -0.44 0.55 0 0 0 59 58
f0_38 f0_385 f2_787 -0.08 0.08 0.36 0 0 0 59 68
f0_38 f0_448 f1h_309 0.51 -0.51 0.37 0 0 0 64 63
f0_38 f0_493 f0_536 -0.21 0.21 0.29 0 0 0 65 66
f0_38 f0_493 f0_660 0 0 0.67 0 0 0 65 58
f0_38 f0_493 f0_768 0.1 -0.1 0.76 0 0 0 65 62
f0_38 f0_493 f0_807 0.11 -0.11 0.57 0 0 0 65 65
f0_38 f0_493 f1h_77 -0.05 0.05 0.15 0 0 0 65 60
f0_38 f0_493 f1h_274 0.14 -0.14 0.81 0 0 0 65 59
f0_38 f0_493 f1h_309 0.79 -0.79 0.05 0 0 0 65 63
f0_38 f0_493 f1h_442 0.18 -0.18 0.64 0 0 0 65 65
f0_38 f0_493 f1h_494 0.17 -0.17 0.58 0 0 0 65 59
f0_38 f0_493 f1h_496 0.28 -0.28 0.63 0 0 0 65 66
f0_38 f0_493 f1w_34 -0.14 0.14 0.25 0 0 0 65 61
f0_38 f0_493 f1w_406 0.39 -0.39 0.63 0 0 0 65 61
f0_38 f0_493 f1w_424 0.39 -0.39 0.41 0 0 0 65 60
f0_38 f0_493 f2_99 0.38 -0.38 0.07 0 0 0 65 58
f0_38 f0_493 f2_103 -0.16 0.16 0.72 0 0 0 65 63
f0_38 f0_493 f2_259 0.11 -0.11 0.8 0 0 0 65 64
f0_38 f0_493 f2_290 -0.22 0.22 0.1 0 0 0 65 56
f0_38 f0_493 f2_371 -0.1 0.1 0.46 0 0 0 65 63
f0_38 f0_534 f0_930 0.2 -0.2 0.31 0 0 0 63 62
f0_38 f0_534 f1h_73 0.12 -0.12 0.49 0 0 0 63 60
f0_38 f0_534 f1w_405 0.01 -0.01 0.57 0 0 0 63 63
f0_38 f0_534 f2_99 0.47 -0.47 0.31 0 0 0 63 58
f0_38 f0_534 f2_109 -0.1 0.1 0.6 0 0 0 63 67
f0_38 f0_534 f2_285 0.59 -0.59 0.62 0 0 0 63 64
f0_38 f0_536 f0_930 0.3 -0.3 0.41 0 0 0 66 62
f0_38 f0_536 f1h_161 0.34 -0.34 0.08 0 0 0 66 65
f0_38 f0_640 f0_960 0.23 -0.23 0.49 0 0 0 62 63
f0_38 f0_640 f1h_217 0.37 -0.37 0.77 0 0 0 62 62
f0_38 f0_640 f1h_309 0.46 -0.46 0.61 0 0 0 62 63
f0_38 f0_660 f1w_424 0.28 -0.28 0.54 0 0 0 58 60
f0_38 f0_660 f2_99 0.32 -0.32 0.72 0 0 0 58 58
f0_38 f0_741 f0_807 0.13 -0.13 0.44 0 0 0 62 65
f0_38 f0_741 f0_960 -0.04 0.04 0.39 0 0 0 62 63
f0_38 f0_741 f1h_161 -0.2 0.2 0.5 0 0 0 62 65
f0_38 f0_741 f1h_309 0.31 -0.31 0.84 0 0 0 62 63
f0_38 f0_741 f1h_494 0.18 -0.18 0.31 0 0 0 62 59
f0_38 f0_741 f2_99 0.17 -0.17 0.48 0 0 0 62 58
f0_38 f0_768 f1h_161 0.03 -0.03 0.83 0 0 0 62 65
f0_38 f0_807 f0_930 -0.06 0.06 0.43 0 0 0 65 62
f0_38 f0_807 f1h_309 0.36 -0.36 0.32 0 0 0 65 63
f0_38 f0_807 f1w_328 -0.2 0.2 0.17 0 0 0 65 60
f0_38 f0_807 f1w_405 -0.22 0.22 0.51 0 0 0 65 63
f0_38 f0_930 f0_960 0.22 -0.22 -0.1 0 0 0 62 63
f0_38 f0_930 f1h_161 -0.01 0.01 0.46 0 0 0 62 65
f0_38 f0_930 f1h_217 0.08 -0.08 0.21 0 0 0 62 62
f0_38 f0_930 f1h_274 0 0 0.71 0 0 0 62 59
f0_38 f0_930 f1h_309 0.4 -0.4 0.48 0 0 0 62 63
f0_38 f0_930 f1h_494 0.15 -0.15 0.35 0 0 0 62 59
f0_38 f0_930 f1w_34 -0.26 0.26 0.44 0 0 0 62 61
f0_38 f0_930 f1w_206 0.19 -0.19 0.32 0 0 0 62 63
f0_38 f0_930 f1w_424 0.25 -0.25 0.57 0 0 0 62 60
f0_38 f0_930 f2_99 0.2 -0.2 0.28 0 0 0 62 58
f0_38 f0_930 f2_290 -0.23 0.23 0.06 0 0 0 62 56
f0_38 f0_930 f2_787 -0.01 0.01 0.14 0 0 0 62 68
f0_38 f0_960 f1h_73 -0.26 0.26 0.15 0 0 0 63 60
f0_38 f0_960 f1h_309 0.53 -0.53 -0.17 0 0 0 63 63
f0_38 f0_960 f1h_442 -0.11 0.11 0.45 0 0 0 63 65
f0_38 f0_960 f1h_455 -0.15 0.15 0.78 0 0 0 63 66
f0_38 f0_960 f1h_496 0.08 -0.08 0.78 0 0 0 63 66
f0_38 f0_960 f1w_34 -0.37 0.37 0.33 0 0 0 63 61
f0_38 f0_960 f1w_206 0.01 -0.01 0.1 0 0 0 63 63
f0_38 f0_960 f1w_228 -0.31 0.31 0.51 0 0 0 63 60
f0_38 f0_960 f1w_328 -0.11 0.11 0.4 0 0 0 63 60
f0_38 f0_960 f1w_405 -0.34 0.34 0.26 0 0 0 63 63
f0_38 f0_960 f1w_406 0.37 -0.37 0.43 0 0 0 63 61
f0_38 f0_960 f1w_424 0.14 -0.14 0.19 0 0 0 63 60
f0_38 f0_960 f2_99 0.45 -0.45 -0.21 0 0 0 63 58
f0_38 f0_960 f2_109 -0.23 0.23 -0.03 0 0 0 63 67
f0_38 f0_960 f2_285 0.21 -0.21 0.54 0 0 0 63 64
f0_38 f1h_73 f1h_161 0.07 -0.07 0.57 0 0 0 60 65
f0_38 f1h_73 f1h_217 0.02 -0.02 0.5 0 0 0 60 62
f0_38 f1h_73 f1h_309 0.58 -0.58 0.42 0 0 0 60 63
f0_38 f1h_73 f1w_206 0.03 -0.03 0.71 0 0 0 60 63
f0_38 f1h_73 f2_290 0.07 -0.07 -0.11 0 0 0 60 56
f0_38 f1h_73 f2_787 0.05 -0.05 0.43 0 0 0 60 68
f0_38 f1h_77 f2_109 -0.09 0.09 0.31 0 0 0 60 67
f0_38 f1h_77 f2_285 0.33 -0.33 0.81 0 0 0 60 64
f0_38 f1h_161 f1h_309 0.32 -0.32 -0.35 0 0 0 65 63
f0_38 f1h_161 f1h_442 0.05 -0.05 0.56 0 0 0 65 65
f0_38 f1h_161 f1w_141 -0.15 0.15 0.66 0 0 0 65 64
f0_38 f1h_161 f1w_215 0.05 -0.05 0.59 0 0 0 65 59
f0_38 f1h_161 f1w_328 -0.16 0.16 0.48 0 0 0 65 60
f0_38 f1h_161 f1w_424 0.3 -0.3 0.45 0 0 0 65 60
f0_38 f1h_161 f2_99 0.29 -0.29 0.29 0 0 0 65 58
f0_38 f1h_161 f2_436 -0.27 0.27 0.4 0 0 0 65 60
f0_38 f1h_217 f1w_215 0.13 -0.13 0.7 0 0 0 62 59
f0_38 f1h_217 f2_99 0.31 -0.31 0.6 0 0 0 62 58
f0_38 f1h_248 f1w_424 0.36 -0.36 0.66 0 0 0 65 60
f0_38 f1h_248 f2_99 0.38 -0.38 0.47 0 0 0 65 58
f0_38 f1h_274 f1w_405 -0.14 0.14 0.77 0 0 0 59 63
f0_38 f1h_309 f1h_359 -0.7 0.7 0.53 0 0 0 63 67
f0_38 f1h_309 f1h_494 -0.45 0.45 0.62 0 0 0 63 59
f0_38 f1h_309 f1w_215 -0.12 0.12 0.88 0 0 0 63 59
f0_38 f1h_309 f1w_405 -0.35 0.35 0.42 0 0 0 63 63
f0_38 f1h_309 f1w_424 0.11 -0.11 0.54 0 0 0 63 60
f0_38 f1h_309 f2_99 -0.22 0.22 0.08 0 0 0 63 58
f0_38 f1h_309 f2_103 -0.53 0.53 -0.02 0 0 0 63 63
f0_38 f1h_309 f2_109 -0.69 0.47 0.1 0 0 0 63 67
f0_38 f1h_309 f2_285 0.15 -0.15 0.81 0 0 0 63 64
f0_38 f1h_309 f2_290 -0.63 0.36 0.18 0 0 0 63 56
f0_38 f1h_309 f2_371 -0.42 0.42 0.52 0 0 0 63 63
f0_38 f1h_309 f2_436 -0.7 0.25 0.33 0 0 0 63 60
f0_38 f1h_455 f2_290 0.01 -0.01 0.52 0 0 0 66 56
f0_38 f1h_494 f1w_328 -0.16 0.16 0.3 0 0 0 59 60
f0_38 f1h_496 f2_290 0.07 -0.07 0.33 0 0 0 66 56
f0_38 f1h_496 f2_436 -0.23 0.23 0.57 0 0 0 66 60
f0_38 f1w_34 f1w_215 0.24 -0.24 0.48 0 0 0 61 59
f0_38 f1w_206 f1w_215 0.04 -0.04 0.74 0 0 0 63 59
f0_38 f1w_206 f2_99 0.36 -0.36 0.5 0 0 0 63 58
f0_38 f1w_215 f1w_424 0.24 -0.24 0.72 0 0 0 59 60
f0_38 f1w_215 f2_99 0.34 -0.34 0.36 0 0 0 59 58
f0_38 f1w_228 f1w_424 0.55 -0.55 0.39 0 0 0 60 60
f0_38 f1w_228 f2_290 -0.02 0.02 0.6 0 0 0 60 56
f0_38 f1w_328 f2_99 0.13 -0.13 0.79 0 0 0 60 58
f0_38 f1w_405 f2_99 0.17 -0.17 0.18 0 0 0 63 58
f0_38 f1w_405 f2_787 0.06 -0.06 0.68 0 0 0 63 68
f0_38 f1w_406 f1w_424 -0.03 0.03 0.77 0 0 0 61 60
f0_38 f1w_406 f2_99 0.16 -0.16 0.55 0 0 0 61 58
f0_38 f1w_406 f2_436 -0.4 0.4 0.53 0 0 0 61 60
f0_38 f1w_424 f1w_484 -0.22 0.22 0.72 0 0 0 60 62
f0_38 f1w_424 f2_761 -0.42 0.42 0.53 0 0 0 60 62
f0_38 f1w_424 f2_787 -0.58 0.58 0.2 0 0 0 60 68
f0_38 f1w_484 f2_99 0.18 -0.18 0.86 0 0 0 62 58
f0_38 f2_99 f2_371 -0.45 0.45 0.32 0 0 0 58 63
f0_38 f2_99 f2_436 -0.53 0.53 0.34 0 0 0 58 60
f0_38 f2_99 f2_761 -0.39 0.39 0.61 0 0 0 58 62
f0_38 f2_99 f2_787 -0.22 0.22 0.25 0 0 0 58 68
f0_38 f2_109 f2_290 0.06 -0.06 0.01 0 0 0 67 56
f0_38 f2_109 f2_761 0.18 -0.18 0.59 0 0 0 67 62
f0_38 f2_109 f2_787 0.27 -0.27 0.5 0 0 0 67 68
f0_38 f2_285 f2_787 -0.4 0.4 0.7 0 0 0 64 68
f0_39 f0_123 f1h_480 -0.5 0.5 0.92 0 0 0 60 69
f0_39 f0_123 f2_261 -0.44 0.44 1.09 0 0 0 60 67
f0_39 f0_123 f2_849 -0.33 0.33 0.49 0 0 0 60 67
f0_39 f0_147 f1h_463 0.66 -0.66 0.25 0 0 0 67 66
f0_39 f0_147 f2_261 -0.61 0.61 0.37 0 0 0 67 67
f0_39 f0_373 f1h_480 -0.38 0.38 0.47 0 0 0 66 69
f0_39 f0_373 f2_246 0.11 -0.11 0.79 0 0 0 66 68
f0_39 f0_373 f2_849 0.02 -0.02 0.66 0 0 0 66 67
f0_39 f1h_29 f2_937 -0.06 0.06 1.04 0 0 0 71 68
f0_39 f1h_340 f1h_480 -0.02 0.02 0.41 0 0 0 64 69
f0_39 f1h_340 f2_3 0.87 -0.87 -0.08 0 0 0 64 65
f0_39 f1h_340 f2_180 0.21 -0.21 0.84 0 0 0 64 64
f0_39 f1h_340 f2_246 0.13 -0.13 0.51 0 0 0 64 68
f0_39 f1h_463 f1h_480 -0.39 0.39 0.37 0 0 0 66 69
f0_39 f1h_463 f2_180 -0.16 0.16 0.91 0 0 0 66 64
f0_39 f1h_463 f2_717 -0.11 0.11 1.07 0 0 0 66 67
f0_39 f1h_480 f2_306 0.34 -0.34 0.33 0 0 0 69 64
f0_39 f1h_480 f2_666 0.37 -0.37 0.01 0 0 0 69 65
f0_39 f1w_437 f2_3 0.46 -0.46 0.55 0 0 0 73 65
f0_39 f1w_449 f2_180 0.39 -0.39 0.43 0 0 0 67 64
f0_39 f2_3 f2_937 -0.35 0.35 0.74 0 0 0 65 68
f0_39 f2_180 f2_306 -0.15 0.15 0.67 0 0 0 64 64
f0_39 f2_180 f2_849 -0.12 0.12 0.88 0 0 0 64 67
f0_39 f2_849 f2_937 0.2 -0.2 0.34 0 0 0 67 68
f0_40 f0_54 f0_103 -0.41 0.41 0.71 0 0 0 59 59
f0_40 f0_54 f1h_96 -0.59 0.59 0.69 0 0 0 59 62
f0_40 f0_54 f1h_207 -0.27 0.27 0.21 0 0 0 59 58
f0_40 f0_54 f2_959 0.23 -0.23 1.03 0 0 0 59 62
f0_40 f0_99 f0_486 0.52 -0.52 0.38 0 0 0 61 58
f0_40 f0_99 f0_545 0.44 -0.44 0.39 0 0 0 61 62
f0_40 f0_99 f0_848 0.56 -0.56 0.45 0 0 0 61 63
f0_40 f0_99 f1h_207 0.04 -0.04 -0.43 0 0 0 61 58
f0_40 f0_99 f1h_289 0.32 -0.32 0.2 0 0 0 61 61
f0_40 f0_99 f1w_162 0.12 -0.12 0.12 0 0 0 61 66
f0_40 f0_99 f1w_207 0.3 -0.3 0.3 0 0 0 61 64
f0_40 f0_99 f2_691 0.42 -0.42 0.26 0 0 0 61 61
f0_40 f0_99 f2_873 0.37 -0.37 0.39 0 0 0 61 60
f0_40 f0_103 f0_176 0.27 -0.27 0.41 0 0 0 59 65
f0_40 f0_103 f0_486 0.08 -0.08 0.37 0 0 0 59 58
f0_40 f0_103 f0_545 0.54 -0.54 0.37 0 0 0 59 62
f0_40 f0_103 f1h_207 -0.24 0.24 0.17 0 0 0 59 58
f0_40 f0_103 f1h_289 0.23 -0.23 0.13 0 0 0 59 61
f0_40 f0_103 f1h_444 0.14 -0.14 0.63 0 0 0 59 62
f0_40 f0_103 f1w_161 0.13 -0.13 0.27 0 0 0 59 64
f0_40 f0_103 f2_474 0.25 -0.25 -0.08 0 0 0 59 60
f0_40 f0_103 f2_691 0.1 -0.1 0.04 0 0 0 59 61
f0_40 f0_103 f2_959 0.49 -0.49 0.34 0 0 0 59 62
f0_40 f0_133 f0_486 0.09 -0.09 0.2 0 0 0 63 58
f0_40 f0_133 f1h_277 0.07 -0.07 0.76 0 0 0 63 59
f0_40 f0_133 f1w_161 0.3 -0.3 0.44 0 0 0 63 64
f0_40 f0_133 f2_891 -0.1 0.1 0.68 0 0 0 63 59
f0_40 f0_133 f2_959 0.7 -0.7 0.49 0 0 0 63 62
f0_40 f0_176 f0_462 -0.53 0.53 0.57 0 0 0 65 63
f0_40 f0_176 f0_486 -0.38 0.12 0.56 0 0 0 65 58
f0_40 f0_176 f0_545 0.25 -0.25 0.51 0 0 0 65 62
f0_40 f0_176 f0_848 -0.12 0.12 1.09 0 0 0 65 63
f0_40 f0_176 f1h_289 -0.21 0.21 0.75 0 0 0 65 61
f0_40 f0_176 f1w_146 -0.32 0.32 0.73 0 0 0 65 61
f0_40 f0_176 f1w_162 -0.03 0.03 0.43 0 0 0 65 66
f0_40 f0_176 f1w_207 -0.26 0.26 0.63 0 0 0 65 64
f0_40 f0_176 f2_171 -0.53 0.53 0.38 0 0 0 65 62
f0_40 f0_176 f2_691 -0.4 0.4 0.53 0 0 0 65 61
f0_40 f0_176 f2_873 -0.27 0.27 0.7 0 0 0 65 60
f0_40 f0_319 f0_778 -0.21 0.21 0.93 0 0 0 63 59
f0_40 f0_319 f1h_207 -0.39 0.39 0.3 0 0 0 63 58
f0_40 f0_319 f1h_253 -0.01 0.01 0.45 0 0 0 63 60
f0_40 f0_319 f2_691 -0.09 0.09 0.57 0 0 0 63 61
f0_40 f0_319 f2_959 0.34 -0.34 0.57 0 0 0 63 62
f0_40 f0_357 f1h_207 -0.2 0.2 -0.11 0 0 0 57 58
f0_40 f0_357 f1h_289 0.36 -0.36 0.45 0 0 0 57 61
f0_40 f0_357 f2_647 -0.08 0.08 0.43 0 0 0 57 62
f0_40 f0_462 f1h_253 0.21 -0.21 0.34 0 0 0 63 60
f0_40 f0_462 f1h_289 0.16 -0.16 0.14 0 0 0 63 61
f0_40 f0_462 f2_647 -0.03 0.03 0.16 0 0 0 63 62
f0_40 f0_486 f1h_96 -0.32 0.32 0.13 0 0 0 58 62
f0_40 f0_486 f1h_207 -0.37 0.37 0.06 0 0 0 58 58
f0_40 f0_486 f1h_253 0.01 -0.01 0.43 0 0 0 58 60
f0_40 f0_486 f1h_444 0.37 -0.37 0.68 0 0 0 58 62
f0_40 f0_486 f1w_162 0.16 -0.16 -0.05 0 0 0 58 66
f0_40 f0_486 f1w_448 -0.21 0.21 0.41 0 0 0 58 64
f0_40 f0_486 f2_171 -0.35 0.35 0.31 0 0 0 58 62
f0_40 f0_486 f2_474 0.07 -0.07 0.44 0 0 0 58 60
f0_40 f0_486 f2_647 -0.28 0.28 0.26 0 0 0 58 62
f0_40 f0_486 f2_959 0.46 -0.46 0.65 0 0 0 58 62
f0_40 f0_545 f1h_96 -0.64 0.64 0.36 0 0 0 62 62
f0_40 f0_545 f1h_207 -0.56 0.56 0.31 0 0 0 62 58
f0_40 f0_545 f1h_444 0.03 -0.03 1.01 0 0 0 62 62
f0_40 f0_545 f1w_448 -0.39 0.39 0.78 0 0 0 62 64
f0_40 f0_545 f2_171 -0.65 0.65 0.31 0 0 0 62 62
f0_40 f0_545 f2_474 -0.52 0.52 0.6 0 0 0 62 60
f0_40 f0_587 f2_647 -0.02 0.02 0.48 0 0 0 60 62
f0_40 f0_778 f1h_62 -0.09 0.09 0.48 0 0 0 59 61
f0_40 f0_778 f1h_84 -0.19 0.19 0.77 0 0 0 59 61
f0_40 f0_778 f1w_146 -0.07 0.07 0.61 0 0 0 59 61
f0_40 f0_778 f2_171 -0.2 0.2 0.45 0 0 0 59 62
f0_40 f0_778 f2_873 0.18 -0.18 0.55 0 0 0 59 60
f0_40 f0_791 f1h_207 0.07 -0.07 0.47 0 0 0 59 58
f0_40 f0_791 f2_647 0.06 -0.06 0.16 0 0 0 59 62
f0_40 f0_791 f2_691 0.22 -0.22 0.28 0 0 0 59 61
f0_40 f0_848 f1h_207 -0.29 0.29 0.46 0 0 0 63 58
f0_40 f0_848 f1h_444 0.35 -0.35 1.34 0 0 0 63 62
f0_40 f0_848 f2_474 -0.38 0.38 0.93 0 0 0 63 60
f0_40 f0_848 f2_647 -0.36 0.36 0.33 0 0 0 63 62
f0_40 f0_859 f1h_207 -0.01 0.01 0.25 0 0 0 63 58
f0_40 f0_859 f1h_253 0.31 -0.31 0.42 0 0 0 63 60
f0_40 f0_859 f2_647 0.1 -0.1 0.39 0 0 0 63 62
f0_40 f1h_62 f1h_207 0 0 0.38 0 0 0 61 58
f0_40 f1h_62 f1h_253 0.17 -0.17 0.04 0 0 0 61 60
f0_40 f1h_62 f2_647 -0.09 0.09 -0.02 0 0 0 61 62
f0_40 f1h_84 f1h_253 0.4 -0.4 0.09 0 0 0 61 60
f0_40 f1h_84 f2_691 0.31 -0.31 0.39 0 0 0 61 61
f0_40 f1h_84 f2_959 0.75 -0.75 0.42 0 0 0 61 62
f0_40 f1h_96 f1h_207 -0.02 0.02 0.13 0 0 0 62 58
f0_40 f1h_96 f1h_289 0.17 -0.17 0.12 0 0 0 62 61
f0_40 f1h_96 f2_647 0.08 -0.08 0.33 0 0 0 62 62
f0_40 f1h_96 f2_691 0.19 -0.19 0.14 0 0 0 62 61
f0_40 f1h_104 f1h_207 -0.24 0.24 0.32 0 0 0 63 58
f0_40 f1h_207 f1h_253 0.1 -0.1 0.52 0 0 0 58 60
f0_40 f1h_207 f1h_277 0.04 -0.04 0 0 0 0 58 59
f0_40 f1h_207 f1h_289 0.32 -0.32 0.28 0 0 0 58 61
f0_40 f1h_207 f1w_146 0.03 -0.03 0.28 0 0 0 58 61
f0_40 f1h_207 f1w_161 0.14 -0.14 0.07 0 0 0 58 64
f0_40 f1h_207 f1w_162 0.18 -0.18 0.07 0 0 0 58 66
f0_40 f1h_207 f1w_207 0.23 -0.23 0.03 0 0 0 58 64
f0_40 f1h_207 f1w_448 0.1 -0.1 0.11 0 0 0 58 64
f0_40 f1h_207 f2_277 0.22 -0.22 0.24 0 0 0 58 60
f0_40 f1h_207 f2_285 0.24 -0.24 0.41 0 0 0 58 65
f0_40 f1h_207 f2_647 -0.28 0.28 -0.03 0 0 0 58 62
f0_40 f1h_207 f2_873 0.27 -0.27 0.3 0 0 0 58 60
f0_40 f1h_207 f2_911 0.03 -0.03 0.41 0 0 0 58 66
f0_40 f1h_253 f1w_146 -0.23 0.23 0.33 0 0 0 60 61
f0_40 f1h_253 f1w_161 0.14 -0.14 0.65 0 0 0 60 64
f0_40 f1h_253 f1w_207 0.08 -0.08 0.36 0 0 0 60 64
f0_40 f1h_253 f2_171 -0.11 0.11 0.24 0 0 0 60 62
f0_40 f1h_253 f2_277 -0.11 0.11 0.68 0 0 0 60 60
f0_40 f1h_253 f2_691 0.12 -0.12 0.34 0 0 0 60 61
f0_40 f1h_253 f2_873 -0.07 0.07 0.33 0 0 0 60 60
f0_40 f1h_253 f2_891 -0.14 0.14 0.62 0 0 0 60 59
f0_40 f1h_253 f2_959 0.35 -0.35 0.58 0 0 0 60 62
f0_40 f1h_277 f2_647 -0.26 0.26 0.46 0 0 0 59 62
f0_40 f1h_289 f1h_444 -0.15 0.15 0.83 0 0 0 61 62
f0_40 f1h_289 f1w_161 0.14 -0.14 0.59 0 0 0 61 64
f0_40 f1h_289 f1w_207 -0.05 0.05 0.33 0 0 0 61 64
f0_40 f1h_289 f2_171 -0.38 0.38 -0.01 0 0 0 61 62
f0_40 f1h_289 f2_474 -0.17 0.17 0.4 0 0 0 61 60
f0_40 f1h_289 f2_647 -0.77 0.77 -0.2 0 0 0 61 62
f0_40 f1h_289 f2_691 -0.15 0.15 0.34 0 0 0 61 61
f0_40 f1h_289 f2_891 -0.33 0.33 0.38 0 0 0 61 59
f0_40 f1h_289 f2_959 0.36 -0.36 0.59 0 0 0 61 62
f0_40 f1h_444 f1w_162 -0.85 0.85 0.39 0 0 0 62 66
f0_40 f1h_444 f1w_207 -0.09 0.09 0.8 0 0 0 62 64
f0_40 f1h_444 f2_171 -0.52 0.52 0.17 0 0 0 62 62
f0_40 f1h_444 f2_691 -0.5 0.5 0.46 0 0 0 62 61
f0_40 f1h_444 f2_873 -0.04 0.04 0.64 0 0 0 62 60
f0_40 f1h_444 f2_959 0.18 -0.18 0.69 0 0 0 62 62
f0_40 f1w_146 f2_647 0.06 -0.06 0.24 0 0 0 61 62
f0_40 f1w_146 f2_691 0.2 -0.2 0.29 0 0 0 61 61
f0_40 f1w_161 f1w_162 -0.25 0.25 0.42 0 0 0 64 66
f0_40 f1w_161 f2_171 -0.36 0.36 0.25 0 0 0 64 62
f0_40 f1w_161 f2_647 -0.36 0.36 0.38 0 0 0 64 62
f0_40 f1w_161 f2_873 0.02 -0.02 0.38 0 0 0 64 60
f0_40 f1w_162 f2_474 0.01 -0.01 0.2 0 0 0 66 60
f0_40 f1w_207 f2_474 -0.23 0.23 0.5 0 0 0 64 60
f0_40 f1w_207 f2_647 -0.21 0.21 0.18 0 0 0 64 62
f0_40 f1w_448 f2_647 -0.15 0.15 0.58 0 0 0 64 62
f0_40 f1w_448 f2_691 -0.14 0.14 0.29 0 0 0 64 61
f0_40 f2_277 f2_647 -0.11 0.11 0.44 0 0 0 60 62
f0_40 f2_285 f2_691 0.18 -0.18 0.2 0 0 0 65 61
f0_40 f2_474 f2_691 0.09 -0.09 0.54 0 0 0 60 61
f0_40 f2_474 f2_873 0.18 -0.18 0.53 0 0 0 60 60
f0_40 f2_647 f2_691 0.21 -0.21 0.05 0 0 0 62 61
f0_40 f2_647 f2_873 0.16 -0.16 0.22 0 0 0 62 60
f0_40 f2_647 f2_891 0.03 -0.03 0.49 0 0 0 62 59
f0_40 f2_647 f2_959 0.87 -0.87 0.16 0 0 0 62 62
f0_40 f2_691 f2_873 0.12 -0.12 0.02 0 0 0 61 60
f0_40 f2_873 f2_959 0.45 -0.45 0.79 0 0 0 60 62
f0_40 f2_911 f2_959 0.63 -0.63 0.72 0 0 0 66 62
f0_41 f0_4 f0_61 0.39 -0.39 0.61 0 0 0 69 67
f0_41 f0_4 f1h_289 0.39 -0.39 0.54 0 0 0 69 66
f0_41 f0_4 f1h_345 -0.05 0.05 0.51 0 0 0 69 68
f0_41 f0_4 f2_792 0.2 -0.2 0.4 0 0 0 69 67
f0_41 f0_4 f2_832 0.24 -0.24 0.51 0 0 0 69 63
f0_41 f0_61 f0_711 -0.17 0.17 0.11 0 0 0 67 62
f0_41 f0_61 f0_992 -0.33 0.33 0.73 0 0 0 67 69
f0_41 f0_61 f2_631 -0.52 0.52 0.28 0 0 0 67 67
f0_41 f0_61 f2_647 0.12 -0.12 0.6 0 0 0 67 68
f0_41 f0_61 f2_931 -0.38 0.38 0.4 0 0 0 67 68
f0_41 f0_120 f1h_234 0.08 -0.08 0.89 0 0 0 70 69
f0_41 f0_120 f2_485 -0.03 0.03 0.98 0 0 0 70 67
f0_41 f0_120 f2_685 -0.32 0.32 0.37 0 0 0 70 64
f0_41 f0_192 f1h_345 -0.24 0.24 0.55 0 0 0 66 68
f0_41 f0_200 f1h_345 -0.32 0.32 0.24 0 0 0 66 68
f0_41 f0_200 f1h_369 0.14 -0.14 0.78 0 0 0 66 64
f0_41 f0_200 f2_832 -0.04 0.04 0.49 0 0 0 66 63
f0_41 f0_229 f1h_234 0.21 -0.21 0.95 0 0 0 64 69
f0_41 f0_229 f1h_289 0.1 -0.1 0.68 0 0 0 64 66
f0_41 f0_229 f1h_345 -0.27 0.27 0.25 0 0 0 64 68
f0_41 f0_229 f1h_369 0.01 -0.01 0.46 0 0 0 64 64
f0_41 f0_436 f1h_345 -0.13 0.13 0.34 0 0 0 66 68
f0_41 f0_437 f1h_345 -0.24 0.24 0.03 0 0 0 65 68
f0_41 f0_437 f2_647 0.36 -0.36 0.34 0 0 0 65 68
f0_41 f0_463 f0_711 -0.05 0.05 0.76 0 0 0 68 62
f0_41 f0_463 f1h_345 -0.43 0.43 0.18 0 0 0 68 68
f0_41 f0_465 f1h_345 -0.13 0.13 0.48 0 0 0 68 68
f0_41 f0_465 f2_792 0.13 -0.13 0.35 0 0 0 68 67
f0_41 f0_595 f1h_345 -0.11 0.11 0.21 0 0 0 71 68
f0_41 f0_711 f1h_289 0.07 -0.07 0.48 0 0 0 62 66
f0_41 f0_711 f1h_345 -0.23 0.23 0.32 0 0 0 62 68
f0_41 f0_711 f1h_369 0.25 -0.25 0.59 0 0 0 62 64
f0_41 f0_711 f1w_117 0.07 -0.07 0.66 0 0 0 62 69
f0_41 f0_711 f2_366 0.21 -0.21 0.58 0 0 0 62 70
f0_41 f0_711 f2_547 -0.04 0.04 0.48 0 0 0 62 65
f0_41 f0_711 f2_647 0.18 -0.18 0.54 0 0 0 62 68
f0_41 f0_711 f2_931 0.2 -0.2 0.68 0 0 0 62 68
f0_41 f0_749 f1h_345 -0.24 0.24 0.27 0 0 0 67 68
f0_41 f0_749 f2_647 0.06 -0.06 0.9 0 0 0 67 68
f0_41 f0_992 f1h_289 -0.1 0.1 0.48 0 0 0 69 66
f0_41 f0_992 f1h_345 -0.1 0.1 0.5 0 0 0 69 68
f0_41 f1h_227 f1h_234 -0.1 0.1 0.71 0 0 0 64 69
f0_41 f1h_227 f1h_345 -0.33 0.33 0.48 0 0 0 64 68
f0_41 f1h_227 f2_485 -0.12 0.12 0.8 0 0 0 64 67
f0_41 f1h_227 f2_685 -0.32 0.32 0.56 0 0 0 64 64
f0_41 f1h_234 f1w_117 -0.15 0.15 0.79 0 0 0 69 69
f0_41 f1h_234 f1w_281 0.18 -0.18 0.61 0 0 0 69 66
f0_41 f1h_234 f1w_491 -0.13 0.13 0.52 0 0 0 69 68
f0_41 f1h_234 f2_366 0.73 -0.73 0.11 0 0 0 69 70
f0_41 f1h_234 f2_631 -0.13 0.13 0.52 0 0 0 69 67
f0_41 f1h_234 f2_647 0.37 -0.37 0.31 0 0 0 69 68
f0_41 f1h_234 f2_832 0 0 0.23 0 0 0 69 63
f0_41 f1h_289 f1w_56 -0.16 0.16 0.6 0 0 0 66 68
f0_41 f1h_289 f1w_117 -0.07 0.07 0.44 0 0 0 66 69
f0_41 f1h_289 f1w_281 0.5 -0.5 0.27 0 0 0 66 66
f0_41 f1h_289 f2_631 -0.21 0.21 0.62 0 0 0 66 67
f0_41 f1h_289 f2_647 0.13 -0.13 0.47 0 0 0 66 68
f0_41 f1h_289 f2_685 -0.37 0.37 0.23 0 0 0 66 64
f0_41 f1h_289 f2_879 -0.27 0.27 0.21 0 0 0 66 67
f0_41 f1h_289 f2_931 0.05 -0.05 0.62 0 0 0 66 68
f0_41 f1h_345 f1w_56 0.31 -0.31 0.21 0 0 0 68 68
f0_41 f1h_345 f1w_281 0.5 -0.5 0.13 0 0 0 68 66
f0_41 f1h_345 f2_547 0.36 -0.36 0.04 0 0 0 68 65
f0_41 f1h_345 f2_631 0.22 -0.22 0.42 0 0 0 68 67
f0_41 f1h_345 f2_643 0.22 -0.22 0.15 0 0 0 68 67
f0_41 f1h_345 f2_931 0.42 -0.42 0.1 0 0 0 68 68
f0_41 f1h_369 f1w_117 -0.26 0.26 0.34 0 0 0 64 69
f0_41 f1h_369 f1w_281 0.03 -0.03 0.88 0 0 0 64 66
f0_41 f1h_369 f2_142 -0.01 0.01 0.49 0 0 0 64 69
f0_41 f1h_369 f2_251 -0.37 0.37 0.71 0 0 0 64 70
f0_41 f1h_369 f2_485 -0.04 0.04 0.79 0 0 0 64 67
f0_41 f1h_369 f2_631 0.21 -0.21 0.4 0 0 0 64 67
f0_41 f1h_369 f2_643 -0.18 0.18 0.79 0 0 0 64 67
f0_41 f1h_369 f2_792 0.37 -0.37 0.11 0 0 0 64 67
f0_41 f1w_56 f2_142 -0.11 0.11 0.85 0 0 0 68 69
f0_41 f1w_56 f2_832 0.02 -0.02 0.52 0 0 0 68 63
f0_41 f1w_56 f2_879 -0.26 0.26 0.65 0 0 0 68 67
f0_41 f1w_117 f2_485 0.09 -0.09 0.67 0 0 0 69 67
f0_41 f1w_117 f2_643 0.02 -0.02 0.61 0 0 0 69 67
f0_41 f1w_117 f2_792 -0.22 0.22 0.51 0 0 0 69 67
f0_41 f1w_281 f2_251 -0.59 0.59 0.2 0 0 0 66 70
f0_41 f1w_281 f2_547 -0.29 0.29 0.65 0 0 0 66 65
f0_41 f1w_281 f2_647 0.03 -0.03 0.67 0 0 0 66 68
f0_41 f1w_281 f2_832 -0.3 0.3 0.5 0 0 0 66 63
f0_41 f1w_491 f2_792 -0.11 0.11 0.55 0 0 0 68 67
f0_41 f2_142 f2_366 0.38 -0.38 0.49 0 0 0 69 70
f0_41 f2_142 f2_647 0.28 -0.28 0.52 0 0 0 69 68
f0_41 f2_142 f2_931 0.3 -0.3 0.7 0 0 0 69 68
f0_41 f2_163 f2_547 -0.16 0.16 0.37 0 0 0 66 65
f0_41 f2_163 f2_647 0.14 -0.14 0.63 0 0 0 66 68
f0_41 f2_163 f2_931 0.17 -0.17 0.63 0 0 0 66 68
f0_41 f2_366 f2_879 -0.49 0.49 0.39 0 0 0 70 67
f0_41 f2_485 f2_647 0.08 -0.08 0.91 0 0 0 67 68
f0_41 f2_485 f2_832 -0.13 0.13 0.58 0 0 0 67 63
f0_41 f2_547 f2_685 -0.31 0.31 0.4 0 0 0 65 64
f0_41 f2_643 f2_647 0.11 -0.11 0.74 0 0 0 67 68
f0_41 f2_643 f2_832 -0.01 0.01 0.55 0 0 0 67 63
f0_41 f2_647 f2_685 -0.44 0.44 0.16 0 0 0 68 64
f0_41 f2_647 f2_792 -0.36 0.36 0.38 0 0 0 68 67
f0_41 f2_647 f2_832 -0.16 0.16 0.13 0 0 0 68 63
f0_41 f2_832 f2_879 -0.24 0.24 0.31 0 0 0 63 67
f0_41 f2_832 f2_931 -0.26 0.26 0.13 0 0 0 63 68
f0_41 f2_879 f2_931 0.44 -0.44 0.48 0 0 0 67 68
f0_42 f0_102 f0_219 -0.31 0.31 0.98 0 0 0 73 71
f0_42 f0_102 f2_827 -0.17 0.17 1.17 0 0 0 73 73
f0_42 f0_219 f1h_90 -0.31 0.31 0.42 0 0 0 71 65
f0_42 f0_219 f1w_227 0 0 1.17 0 0 0 71 67
f0_42 f0_258 f1h_90 -0.2 0.2 0.65 0 0 0 65 65
f0_42 f0_258 f1w_227 0.1 -0.1 0.94 0 0 0 65 67
f0_42 f0_645 f1h_207 -0.38 0.38 0.56 0 0 0 70 66
f0_42 f0_645 f2_3 -0.28 0.28 0.53 0 0 0 70 67
f0_42 f0_905 f1h_207 0.14 -0.14 0.47 0 0 0 71 66
f0_42 f1h_90 f2_439 0.46 -0.46 0.62 0 0 0 65 67
f0_42 f1h_207 f1w_227 0.3 -0.3 0.12 0 0 0 66 67
f0_42 f1h_207 f2_177 0.12 -0.12 -0.23 0 0 0 66 70
f0_42 f1w_227 f2_444 -0.23 0.23 0.96 0 0 0 67 67
f0_42 f2_3 f2_177 0.09 -0.09 0.58 0 0 0 67 70
f0_42 f2_177 f2_827 -0.05 0.05 0.55 0 0 0 70 73
f0_43 f0_11 f2_675 0.24 -0.24 0.43 0 0 0 62 69
f0_43 f0_42 f1h_174 0.02 -0.02 0.63 0 0 0 72 63
f0_43 f0_42 f2_647 -0.13 0.13 0.77 0 0 0 72 68
f0_43 f0_123 f1h_174 0.22 -0.22 0.45 0 0 0 63 63
f0_43 f0_137 f1h_272 0.93 -0.93 0.36 0 0 0 68 68
f0_43 f0_137 f2_283 0.03 -0.03 0.5 0 0 0 68 66
f0_43 f0_213 f0_230 0.52 -0.52 0.39 0 0 0 70 65
f0_43 f0_213 f1h_273 0.22 -0.22 0.22 0 0 0 70 68
f0_43 f0_213 f2_104 0.07 -0.07 0.5 0 0 0 70 72
f0_43 f0_213 f2_201 0.46 -0.46 0.53 0 0 0 70 66
f0_43 f0_230 f1h_174 0.12 -0.12 0.31 0 0 0 65 63
f0_43 f0_230 f1h_405 -0.5 0.5 0.75 0 0 0 65 65
f0_43 f0_230 f2_351 -0.41 0.41 0.45 0 0 0 65 64
f0_43 f0_828 f1h_405 -0.18 0.18 0.69 0 0 0 65 65
f0_43 f0_828 f2_675 -0.04 0.04 1.02 0 0 0 65 69
f0_43 f1h_174 f2_283 -0.32 0.32 0.07 0 0 0 63 66
f0_43 f1h_174 f2_409 -0.19 0.19 0.31 0 0 0 63 68
f0_43 f1h_174 f2_675 0.11 -0.11 0.73 0 0 0 63 69
f0_43 f1h_273 f2_675 0.16 -0.16 0.66 0 0 0 68 69
f0_43 f1h_405 f2_118 0.32 -0.32 0.82 0 0 0 65 65
f0_43 f1h_405 f2_647 0.34 -0.34 0.09 0 0 0 65 68
f0_43 f2_118 f2_351 -0.17 0.17 0.77 0 0 0 65 64
f0_43 f2_118 f2_675 -0.07 0.07 1.07 0 0 0 65 69
f0_43 f2_132 f2_351 0.2 -0.2 0.85 0 0 0 71 64
f0_43 f2_201 f2_351 -0.18 0.18 0.63 0 0 0 66 64
f0_43 f2_201 f2_675 -0.14 0.14 0.77 0 0 0 66 69
f0_43 f2_283 f2_647 0.19 -0.19 0.55 0 0 0 66 68
f0_43 f2_351 f2_647 0.03 -0.03 0.57 0 0 0 64 68
f0_43 f2_384 f2_675 0.01 -0.01 0.82 0 0 0 67 69
f0_43 f2_399 f2_675 0.21 -0.21 0.92 0 0 0 69 69
f0_43 f2_409 f2_647 0.07 -0.07 0.58 0 0 0 68 68
f0_43 f2_647 f2_675 -0.15 0.15 0.25 0 0 0 68 69
f0_44 f0_50 f1h_438 0.89 -0.89 0.88 0 0 0 67 69
f0_44 f0_385 f1h_9 -0.3 0.3 0.92 0 0 0 63 68
f0_44 f0_748 f1w_35 0.33 -0.33 0.68 0 0 0 67 65
f0_44 f0_748 f2_858 0.21 -0.21 0.44 0 0 0 67 63
f0_44 f0_768 f1h_438 1.14 -1.14 0.92 0 0 0 66 69
f0_44 f0_827 f2_361 -0.38 0.38 0.44 0 0 0 69 70
f0_44 f1h_9 f1w_214 0.2 -0.2 0.99 0 0 0 68 61
f0_44 f1h_173 f1h_438 1.01 -1.01 0.97 0 0 0 71 69
f0_44 f1h_345 f1w_35 0.45 -0.45 0.44 0 0 0 68 65
f0_44 f1h_345 f2_858 0.55 -0.55 0.3 0 0 0 68 63
f0_44 f1h_426 f1h_438 1.13 -1.13 0.54 0 0 0 69 69
f0_44 f1h_438 f1w_102 -1.28 1.05 0.39 0 0 0 69 67
f0_44 f1h_438 f2_20 -0.91 0.81 0.31 0 0 0 69 69
f0_44 f1h_438 f2_226 -0.62 0.62 0.64 0 0 0 69 67
f0_44 f1h_438 f2_361 -0.94 0.81 0.49 0 0 0 69 70
f0_44 f1h_438 f2_954 -0.63 0.63 0.97 0 0 0 69 67
f0_44 f1w_35 f1w_221 0.03 -0.03 1.35 0 0 0 65 69
f0_44 f1w_102 f2_858 0.34 -0.34 0.58 0 0 0 67 63
f0_44 f2_290 f2_858 0.34 -0.34 0.55 0 0 0 61 63
f0_44 f2_373 f2_858 -0.29 0.29 0.45 0 0 0 68 63
f0_45 f0_15 f0_68 -0.06 0.06 0.61 0 0 0 64 67
f0_45 f0_15 f0_197 -0.26 0.26 1.03 0 0 0 64 68
f0_45 f0_15 f0_420 -0.09 0.09 0.58 0 0 0 64 61
f0_45 f0_15 f1h_73 0.07 -0.07 0.8 0 0 0 64 65
f0_45 f0_15 f1h_407 -0.34 0.34 0.3 0 0 0 64 67
f0_45 f0_15 f1h_417 0.09 -0.09 0.92 0 0 0 64 69
f0_45 f0_68 f0_76 0.19 -0.19 0.18 0 0 0 67 66
f0_45 f0_68 f0_163 -0.32 0.32 0.34 0 0 0 67 69
f0_45 f0_68 f0_290 0.09 -0.09 0.4 0 0 0 67 67
f0_45 f0_68 f0_420 0.14 -0.14 0.35 0 0 0 67 61
f0_45 f0_68 f0_655 -0.13 0.13 0.33 0 0 0 67 66
f0_45 f0_68 f0_740 -0.15 0.15 0.22 0 0 0 67 69
f0_45 f0_68 f0_745 -0.3 0.3 0.38 0 0 0 67 69
f0_45 f0_68 f0_785 0.12 -0.12 0.3 0 0 0 67 71
f0_45 f0_68 f1h_7 -0.1 0.1 0.58 0 0 0 67 68
f0_45 f0_68 f1h_108 0.15 -0.15 0.16 0 0 0 67 70
f0_45 f0_68 f1h_123 0.02 -0.02 0.48 0 0 0 67 69
f0_45 f0_68 f1h_128 0.38 -0.38 0.4 0 0 0 67 64
f0_45 f0_68 f1h_193 0.11 -0.11 0.66 0 0 0 67 68
f0_45 f0_68 f1h_335 0.34 -0.34 0.77 0 0 0 67 71
f0_45 f0_68 f1h_394 0.11 -0.11 0.51 0 0 0 67 69
f0_45 f0_68 f1h_406 0.36 -0.36 0.38 0 0 0 67 68
f0_45 f0_68 f1w_418 0.11 -0.11 -0.1 0 0 0 67 66
f0_45 f0_76 f0_470 -0.09 0.09 0.33 0 0 0 66 67
f0_45 f0_76 f0_930 -0.16 0.16 0.47 0 0 0 66 67
f0_45 f0_76 f1h_57 -0.23 0.23 0.28 0 0 0 66 67
f0_45 f0_76 f1h_404 -0.19 0.19 0.72 0 0 0 66 68
f0_45 f0_76 f1h_406 -0.14 0.14 0.57 0 0 0 66 68
f0_45 f0_104 f0_987 -0.73 0.73 0.72 0 0 0 69 70
f0_45 f0_104 f1h_28 -0.13 0.13 0.5 0 0 0 69 67
f0_45 f0_104 f1h_108 -0.45 0.45 0.61 0 0 0 69 70
f0_45 f0_104 f1h_193 -0.36 0.36 0.86 0 0 0 69 68
f0_45 f0_104 f1h_394 0.09 -0.09 0.48 0 0 0 69 69
f0_45 f0_104 f1h_407 -0.24 0.24 0.03 0 0 0 69 67
f0_45 f0_104 f1w_224 -0.51 0.51 0.47 0 0 0 69 65
f0_45 f0_104 f1w_418 -0.44 0.35 0.19 0 0 0 69 66
f0_45 f0_104 f2_14 -0.33 0.33 0.17 0 0 0 69 65
f0_45 f0_163 f0_197 0.16 -0.16 0.97 0 0 0 69 68
f0_45 f0_163 f0_420 0.17 -0.17 0.25 0 0 0 69 61
f0_45 f0_163 f0_741 0.15 -0.15 0.85 0 0 0 69 67
f0_45 f0_163 f1h_73 0.24 -0.24 0.57 0 0 0 69 65
f0_45 f0_163 f1h_108 -0.18 0.18 -0.17 0 0 0 69 70
f0_45 f0_163 f1h_407 -0.24 0.24 0.47 0 0 0 69 67
f0_45 f0_163 f1h_417 0.47 -0.47 0.38 0 0 0 69 69
f0_45 f0_172 f1h_108 0.05 -0.05 0.7 0 0 0 70 70
f0_45 f0_172 f2_14 -0.19 0.19 0.35 0 0 0 70 65
f0_45 f0_252 f1h_28 0.3 -0.3 0.27 0 0 0 70 67
f0_45 f0_252 f1h_123 -0.08 0.08 0.69 0 0 0 70 69
f0_45 f0_252 f1h_128 0.29 -0.29 0.14 0 0 0 70 64
f0_45 f0_252 f1h_407 0.09 -0.09 0.06 0 0 0 70 67
f0_45 f0_252 f1w_224 -0.2 0.2 0.68 0 0 0 70 65
f0_45 f0_252 f1w_418 -0.25 0.25 0.03 0 0 0 70 66
f0_45 f0_254 f1h_7 -0.01 0.01 0.77 0 0 0 67 68
f0_45 f0_254 f1h_123 -0.12 0.12 0.73 0 0 0 67 69
f0_45 f0_254 f1h_128 0.33 -0.33 0.58 0 0 0 67 64
f0_45 f0_254 f1w_418 -0.09 0.09 0.49 0 0 0 67 66
f0_45 f0_290 f0_420 0.09 -0.09 0.32 0 0 0 67 61
f0_45 f0_290 f1h_108 -0.05 0.05 0.2 0 0 0 67 70
f0_45 f0_290 f1h_128 -0.03 0.03 1.05 0 0 0 67 64
f0_45 f0_290 f1h_417 -0.06 0.06 0.54 0 0 0 67 69
f0_45 f0_420 f0_614 -0.04 0.04 0.39 0 0 0 61 66
f0_45 f0_420 f0_655 -0.31 0.31 0.06 0 0 0 61 66
f0_45 f0_420 f0_946 -0.19 0.19 0.19 0 0 0 61 67
f0_45 f0_420 f1h_7 -0.03 0.03 0.28 0 0 0 61 68
f0_45 f0_420 f1h_28 -0.26 0.26 0.08 0 0 0 61 67
f0_45 f0_420 f1h_57 0.1 -0.1 0.57 0 0 0 61 67
f0_45 f0_420 f1h_73 -0.07 0.07 0.32 0 0 0 61 65
f0_45 f0_420 f1h_123 -0.54 0.54 -0.5 0 0 0 61 69
f0_45 f0_420 f1h_128 0.31 -0.31 0.24 0 0 0 61 64
f0_45 f0_420 f1h_193 -0.05 0.05 -0.13 0 0 0 61 68
f0_45 f0_420 f1h_236 -0.11 0.11 0.49 0 0 0 61 66
f0_45 f0_420 f1h_394 0.14 -0.14 0.39 0 0 0 61 69
f0_45 f0_420 f1h_404 -0.19 0.19 0.54 0 0 0 61 68
f0_45 f0_420 f1w_224 -0.19 0.19 0.36 0 0 0 61 65
f0_45 f0_420 f1w_281 -0.06 0.06 0.65 0 0 0 61 67
f0_45 f0_420 f1w_397 0.03 -0.03 0.03 0 0 0 61 66
f0_45 f0_420 f1w_418 -0.1 0.1 0.13 0 0 0 61 66
f0_45 f0_470 f1h_7 0.16 -0.16 0.51 0 0 0 67 68
f0_45 f0_470 f1h_108 0.07 -0.07 0.49 0 0 0 67 70
f0_45 f0_470 f1h_123 -0.06 0.06 0.51 0 0 0 67 69
f0_45 f0_470 f1h_193 0.26 -0.26 0.47 0 0 0 67 68
f0_45 f0_470 f1w_418 -0.01 0.01 0.57 0 0 0 67 66
f0_45 f0_470 f2_14 -0.17 0.17 0.73 0 0 0 67 65
f0_45 f0_614 f1h_123 0.13 -0.13 0.38 0 0 0 66 69
f0_45 f0_614 f1h_193 0.11 -0.11 0.55 0 0 0 66 68
f0_45 f0_614 f1h_335 0.36 -0.36 0.5 0 0 0 66 71
f0_45 f0_614 f1h_394 0.29 -0.29 0.56 0 0 0 66 69
f0_45 f0_655 f1h_108 0.12 -0.12 0.08 0 0 0 66 70
f0_45 f0_740 f0_988 0.25 -0.25 0.79 0 0 0 69 72
f0_45 f0_740 f1h_28 -0.05 0.05 0.72 0 0 0 69 67
f0_45 f0_740 f1h_73 0.21 -0.21 0.31 0 0 0 69 65
f0_45 f0_740 f1h_123 0.18 -0.18 0.68 0 0 0 69 69
f0_45 f0_740 f1h_407 -0.01 0.01 0.25 0 0 0 69 67
f0_45 f0_741 f1h_7 0.07 -0.07 0.75 0 0 0 67 68
f0_45 f0_745 f0_930 0.02 -0.02 0.29 0 0 0 69 67
f0_45 f0_745 f1h_57 -0.33 0.33 0.08 0 0 0 69 67
f0_45 f0_745 f1h_404 0.12 -0.12 0.78 0 0 0 69 68
f0_45 f0_745 f1h_406 0.55 -0.55 0.58 0 0 0 69 68
f0_45 f0_769 f1h_108 0.18 -0.18 0.52 0 0 0 69 70
f0_45 f0_769 f1h_128 0.1 -0.1 0.48 0 0 0 69 64
f0_45 f0_769 f1h_407 0.33 -0.33 0.68 0 0 0 69 67
f0_45 f0_930 f0_987 0.63 -0.63 -0.47 0 0 0 67 70
f0_45 f0_930 f1h_28 0.04 -0.04 0.53 0 0 0 67 67
f0_45 f0_930 f1h_123 0.17 -0.17 0.26 0 0 0 67 69
f0_45 f0_930 f1h_128 0.55 -0.55 0.18 0 0 0 67 64
f0_45 f0_930 f1h_193 0.25 -0.25 0.52 0 0 0 67 68
f0_45 f0_930 f1h_335 0.5 -0.5 0.46 0 0 0 67 71
f0_45 f0_930 f1h_394 0.42 -0.42 -0.03 0 0 0 67 69
f0_45 f0_930 f1w_224 0.23 -0.23 0.24 0 0 0 67 65
f0_45 f0_930 f1w_418 0.31 -0.31 -0.07 0 0 0 67 66
f0_45 f0_946 f1h_108 0.22 -0.22 0.32 0 0 0 67 70
f0_45 f0_946 f1h_417 0.48 -0.48 0.49 0 0 0 67 69
f0_45 f0_987 f1w_323 0.32 -0.32 0.65 0 0 0 70 65
f0_45 f0_988 f1h_128 0.03 -0.03 0.93 0 0 0 72 64
f0_45 f1h_7 f1h_108 0.07 -0.07 0.4 0 0 0 68 70
f0_45 f1h_7 f1h_407 -0.37 0.37 0.35 0 0 0 68 67
f0_45 f1h_17 f1h_108 0.33 -0.33 0.08 0 0 0 70 70
f0_45 f1h_17 f1h_123 0.39 -0.39 0.21 0 0 0 70 69
f0_45 f1h_17 f1h_193 0.35 -0.35 0.44 0 0 0 70 68
f0_45 f1h_17 f1h_417 -0.14 0.14 -0.04 0 0 0 70 69
f0_45 f1h_28 f1h_367 0.22 -0.22 0.6 0 0 0 67 71
f0_45 f1h_28 f1w_323 0.13 -0.13 0.59 0 0 0 67 65
f0_45 f1h_57 f1h_108 0.19 -0.19 0.19 0 0 0 67 70
f0_45 f1h_57 f1h_128 0.55 -0.55 0.04 0 0 0 67 64
f0_45 f1h_57 f1h_193 -0.03 0.03 0.71 0 0 0 67 68
f0_45 f1h_57 f1h_335 0.25 -0.25 0.89 0 0 0 67 71
f0_45 f1h_57 f1w_418 -0.06 0.06 0.35 0 0 0 67 66
f0_45 f1h_73 f1h_108 -0.01 0.01 0.59 0 0 0 65 70
f0_45 f1h_73 f1w_418 0.03 -0.03 0 0 0 0 65 66
f0_45 f1h_73 f2_14 -0.35 0.35 0.38 0 0 0 65 65
f0_45 f1h_108 f1h_123 -0.15 0.15 0.26 0 0 0 70 69
f0_45 f1h_108 f1h_128 0.3 -0.3 0.47 0 0 0 70 64
f0_45 f1h_108 f1h_335 0.26 -0.26 -0.07 0 0 0 70 71
f0_45 f1h_108 f1h_404 -0.24 0.24 0.7 0 0 0 70 68
f0_45 f1h_108 f1h_417 0.17 -0.17 0.75 0 0 0 70 69
f0_45 f1h_108 f1w_224 -0.3 0.3 0.27 0 0 0 70 65
f0_45 f1h_108 f1w_281 -0.07 0.07 0.73 0 0 0 70 67
f0_45 f1h_108 f1w_459 0.11 -0.11 0.1 0 0 0 70 72
f0_45 f1h_123 f1h_339 -0.27 0.27 0.71 0 0 0 69 70
f0_45 f1h_123 f1h_367 -0.27 0.27 0.49 0 0 0 69 71
f0_45 f1h_123 f1h_406 0.56 -0.56 -0.28 0 0 0 69 68
f0_45 f1h_123 f1h_457 0.1 -0.1 0.57 0 0 0 69 67
f0_45 f1h_123 f1w_323 -0.11 0.11 0.55 0 0 0 69 65
f0_45 f1h_128 f1h_236 -0.19 0.19 0.94 0 0 0 64 66
f0_45 f1h_128 f1h_367 0.11 -0.11 -0.21 0 0 0 64 71
f0_45 f1h_128 f1h_457 -0.24 0.24 0.19 0 0 0 64 67
f0_45 f1h_193 f1h_339 0 0 0.86 0 0 0 68 70
f0_45 f1h_236 f1h_417 0.32 -0.32 0.56 0 0 0 66 69
f0_45 f1h_335 f1h_404 -0.51 0.51 0.67 0 0 0 71 68
f0_45 f1h_335 f1h_406 0.08 -0.08 0.83 0 0 0 71 68
f0_45 f1h_335 f1h_457 -0.1 0.1 1.14 0 0 0 71 67
f0_45 f1h_339 f1w_418 0.04 -0.04 0.54 0 0 0 70 66
f0_45 f1h_339 f2_14 -0.15 0.15 0.54 0 0 0 70 65
f0_45 f1h_367 f1h_407 -0.57 0.57 -0.5 0 0 0 71 67
f0_45 f1h_394 f1w_323 -0.11 0.11 0.81 0 0 0 69 65
f0_45 f1h_394 f1w_418 -0.2 0.2 0.75 0 0 0 69 66
f0_45 f1h_404 f2_14 -0.02 0.02 0.63 0 0 0 68 65
f0_45 f1h_406 f1h_417 -0.35 0.35 0.43 0 0 0 68 69
f0_45 f1h_407 f1w_281 0 0 0.24 0 0 0 67 67
f0_45 f1h_407 f1w_397 -0.59 0.59 0.34 0 0 0 67 66
f0_45 f1h_407 f1w_418 0.25 -0.25 -0.06 0 0 0 67 66
f0_45 f1h_417 f1w_224 0.11 -0.11 0.43 0 0 0 69 65
f0_45 f1h_417 f1w_418 -0.21 0.21 0.39 0 0 0 69 66
f0_45 f1h_417 f2_14 -0.29 0.29 0.36 0 0 0 69 65
f0_45 f1h_457 f1w_418 -0.25 0.25 0.18 0 0 0 67 66
f0_46 f0_253 f0_919 -0.08 0.08 0.66 0 0 0 69 68
f0_46 f0_253 f1h_425 0.2 -0.2 0.54 0 0 0 69 66
f0_46 f0_253 f1w_99 0.73 -0.73 0.52 0 0 0 69 59
f0_46 f0_253 f2_491 0.31 -0.31 1.03 0 0 0 69 65
f0_46 f0_253 f2_951 -0.01 0.01 0.62 0 0 0 69 57
f0_46 f0_604 f1w_99 0.39 -0.39 0.31 0 0 0 63 59
f0_46 f0_802 f0_930 0.41 -0.41 0.71 0 0 0 63 64
f0_46 f0_802 f1w_99 -0.25 0.25 0.8 0 0 0 63 59
f0_46 f0_802 f2_456 -0.13 0.13 0.75 0 0 0 63 64
f0_46 f0_919 f0_930 0.62 -0.62 1.09 0 0 0 68 64
f0_46 f0_919 f1h_340 0.65 -0.65 0.25 0 0 0 68 63
f0_46 f0_919 f1h_438 -0.32 0.32 0.74 0 0 0 68 66
f0_46 f0_919 f1w_99 1.17 -1.17 0.12 0 0 0 68 59
f0_46 f0_919 f1w_253 0.3 -0.3 0.76 0 0 0 68 64
f0_46 f0_919 f2_456 -0.03 0.03 0.59 0 0 0 68 64
f0_46 f0_930 f1h_253 -0.04 0.04 0.94 0 0 0 64 65
f0_46 f0_930 f1h_425 -0.36 0.36 0.49 0 0 0 64 66
f0_46 f0_930 f1h_438 0.3 -0.3 0.07 0 0 0 64 66
f0_46 f0_930 f1w_99 0.76 -0.76 0.36 0 0 0 64 59
f0_46 f0_930 f1w_253 -0.16 0.16 1.41 0 0 0 64 64
f0_46 f0_930 f2_491 -0.15 0.15 1.06 0 0 0 64 65
f0_46 f0_930 f2_951 -0.42 0.42 0.64 0 0 0 64 57
f0_46 f1h_253 f1w_99 -0.11 0.11 1.13 0 0 0 65 59
f0_46 f1h_340 f1w_99 0.16 -0.16 0.8 0 0 0 63 59
f0_46 f1h_340 f2_892 -0.09 0.09 0.54 0 0 0 63 66
f0_46 f1h_340 f2_951 0.09 -0.09 0.63 0 0 0 63 57
f0_46 f1h_425 f1w_99 0.51 -0.51 -0.13 0 0 0 66 59
f0_46 f1h_425 f1w_379 -0.1 0.1 0.87 0 0 0 66 59
f0_46 f1h_425 f2_951 -0.09 0.09 0.9 0 0 0 66 57
f0_46 f1w_99 f1w_253 -0.6 0.6 0.29 0 0 0 59 64
f0_46 f1w_99 f1w_475 -0.73 0.73 -0.34 0 0 0 59 62
f0_46 f1w_99 f2_370 -0.87 0.67 0.27 0 0 0 59 65
f0_46 f1w_99 f2_456 -0.96 0.96 0.17 0 0 0 59 64
f0_46 f1w_99 f2_892 -0.65 0.65 0.27 0 0 0 59 66
f0_46 f1w_99 f2_951 -1.04 1.04 -0.37 0 0 0 59 57
f0_46 f1w_253 f1w_379 -0.27 0.27 0.75 0 0 0 64 59
f0_46 f1w_253 f2_892 -0.42 0.42 0.54 0 0 0 64 66
f0_46 f1w_253 f2_951 -0.29 0.29 0.63 0 0 0 64 57
f0_46 f2_370 f2_951 0.36 -0.36 0.38 0 0 0 65 57
f0_47 f0_269 f0_953 0.05 -0.05 1.17 0 0 0 60 62
f0_47 f0_442 f0_953 -0.04 0.04 0.89 0 0 0 58 62
f0_47 f0_442 f2_409 -0.14 0.14 0.92 0 0 0 58 64
f0_48 f1h_265 f1h_385 0.42 -0.42 2.01 0 0 0 65 60
f0_49 f0_15 f1w_255 0.11 -0.11 0.97 0 0 0 63 62
f0_49 f0_105 f0_163 -0.09 0.09 -0.27 0 0 0 65 66
f0_49 f0_105 f1w_389 0.32 -0.32 0.4 0 0 0 65 63
f0_49 f0_163 f0_189 0.08 -0.08 0.62 0 0 0 66 65
f0_49 f0_163 f0_841 -0.23 0.23 0.1 0 0 0 66 65
f0_49 f0_163 f0_850 0.5 -0.5 0.57 0 0 0 66 69
f0_49 f0_163 f1h_299 -0.06 0.06 0.44 0 0 0 66 61
f0_49 f0_163 f1h_387 -0.12 0.12 0.35 0 0 0 66 61
f0_49 f0_163 f1w_40 0.35 -0.35 0.76 0 0 0 66 63
f0_49 f0_163 f1w_255 0.27 -0.27 0.6 0 0 0 66 62
f0_49 f0_189 f0_208 0.36 -0.36 0.59 0 0 0 65 65
f0_49 f0_189 f0_690 0.28 -0.28 0.78 0 0 0 65 63
f0_49 f0_189 f0_901 0.06 -0.06 0.48 0 0 0 65 68
f0_49 f0_189 f1w_389 -0.03 0.03 0.09 0 0 0 65 63
f0_49 f0_189 f2_700 0.12 -0.12 0.74 0 0 0 65 62
f0_49 f0_208 f1h_396 -0.48 0.48 0.26 0 0 0 65 64
f0_49 f0_208 f1h_457 0.05 -0.05 1.14 0 0 0 65 64
f0_49 f0_208 f1w_218 0.42 -0.42 -0.06 0 0 0 65 66
f0_49 f0_208 f1w_255 0 0 0.59 0 0 0 65 62
f0_49 f0_208 f2_466 -0.39 0.39 0.61 0 0 0 65 66
f0_49 f0_404 f2_700 0.27 -0.27 0.44 0 0 0 66 62
f0_49 f0_594 f0_850 0.14 -0.14 0.17 0 0 0 61 69
f0_49 f0_594 f2_466 0.13 -0.13 0.61 0 0 0 61 66
f0_49 f0_690 f0_841 -0.28 0.28 0.64 0 0 0 63 65
f0_49 f0_690 f1w_40 -0.01 0.01 0.93 0 0 0 63 63
f0_49 f0_729 f1h_387 -0.06 0.06 0.65 0 0 0 63 61
f0_49 f0_818 f1w_40 0.51 -0.51 0.46 0 0 0 64 63
f0_49 f0_818 f1w_255 0.27 -0.27 0.74 0 0 0 64 62
f0_49 f0_818 f2_466 -0.06 0.06 0.89 0 0 0 64 66
f0_49 f0_841 f1h_396 0.09 -0.09 0.11 0 0 0 65 64
f0_49 f0_841 f1h_457 0.56 -0.56 0.74 0 0 0 65 64
f0_49 f0_841 f1w_40 0.46 -0.46 -0.36 0 0 0 65 63
f0_49 f0_841 f1w_218 0.45 -0.45 0.22 0 0 0 65 66
f0_49 f0_841 f1w_255 0.45 -0.45 0.25 0 0 0 65 62
f0_49 f0_841 f1w_447 0.07 -0.07 0.8 0 0 0 65 65
f0_49 f0_841 f2_177 0.2 -0.2 0.17 0 0 0 65 65
f0_49 f0_841 f2_387 -0.21 0.21 0.44 0 0 0 65 62
f0_49 f0_841 f2_466 0.14 -0.14 0.47 0 0 0 65 66
f0_49 f0_850 f1h_292 -0.77 0.77 0.35 0 0 0 69 64
f0_49 f0_850 f1h_452 -0.36 0.36 0.74 0 0 0 69 62
f0_49 f0_850 f1w_290 -0.33 0.33 0.64 0 0 0 69 67
f0_49 f0_850 f2_20 -0.02 0.02 0.66 0 0 0 69 66
f0_49 f0_850 f2_135 -0.11 0.11 1.18 0 0 0 69 67
f0_49 f0_850 f2_700 -0.41 0.41 0.67 0 0 0 69 62
f0_49 f0_901 f1h_292 -0.14 0.14 0.65 0 0 0 68 64
f0_49 f0_901 f2_466 -0.63 0.63 -0.04 0 0 0 68 66
f0_49 f0_992 f1w_255 -0.01 0.01 0.25 0 0 0 68 62
f0_49 f0_992 f1w_389 0.3 -0.3 0.96 0 0 0 68 63
f0_49 f1h_198 f1w_255 0.39 -0.39 0.49 0 0 0 68 62
f0_49 f1h_292 f1h_350 0.11 -0.11 0.38 0 0 0 64 66
f0_49 f1h_299 f1w_218 0.34 -0.34 0.44 0 0 0 61 66
f0_49 f1h_299 f1w_389 0.38 -0.38 0.61 0 0 0 61 63
f0_49 f1h_299 f2_177 0.12 -0.12 0.76 0 0 0 61 65
f0_49 f1h_350 f1w_389 0.47 -0.47 0.17 0 0 0 66 63
f0_49 f1h_350 f2_387 -0.04 0.04 0.13 0 0 0 66 62
f0_49 f1h_387 f1w_389 0.14 -0.14 0.45 0 0 0 61 63
f0_49 f1h_387 f2_177 0.05 -0.05 0.62 0 0 0 61 65
f0_49 f1h_396 f2_24 0.64 -0.64 0.33 0 0 0 64 66
f0_49 f1h_396 f2_700 0.26 -0.26 0.14 0 0 0 64 62
f0_49 f1h_411 f1h_452 -0.04 0.04 0.71 0 0 0 64 62
f0_49 f1h_411 f2_24 0.15 -0.15 0.99 0 0 0 64 66
f0_49 f1h_452 f1w_255 -0.3 0.3 -0.24 0 0 0 62 62
f0_49 f1h_452 f2_177 0.05 -0.05 0.46 0 0 0 62 65
f0_49 f1h_452 f2_436 -0.07 0.07 0.78 0 0 0 62 65
f0_49 f1h_457 f1w_214 -0.57 0.57 0.72 0 0 0 64 58
f0_49 f1w_40 f1w_80 -0.35 0.35 0.32 0 0 0 63 68
f0_49 f1w_40 f1w_389 -0.28 0.28 0.02 0 0 0 63 63
f0_49 f1w_40 f1w_484 -0.35 0.35 -0.05 0 0 0 63 64
f0_49 f1w_40 f2_20 -0.17 0.17 0.53 0 0 0 63 66
f0_49 f1w_80 f1w_255 0.25 -0.25 0.34 0 0 0 68 62
f0_49 f1w_214 f2_466 0.08 -0.08 0.35 0 0 0 58 66
f0_49 f1w_218 f2_700 -0.26 0.26 0.55 0 0 0 66 62
f0_49 f1w_255 f1w_290 -0.06 0.06 0.18 0 0 0 62 67
f0_49 f1w_255 f1w_389 -0.09 0.09 0.4 0 0 0 62 63
f0_49 f1w_255 f1w_484 -0.15 0.15 0.67 0 0 0 62 64
f0_49 f1w_255 f2_20 -0.23 0.23 0.49 0 0 0 62 66
f0_49 f1w_255 f2_700 -0.18 0.18 0.72 0 0 0 62 62
f0_49 f1w_255 f2_765 -0.28 0.28 0.72 0 0 0 62 70
f0_49 f1w_290 f1w_389 0.35 -0.35 0.92 0 0 0 67 63
f0_49 f1w_290 f2_177 0.05 -0.05 0.67 0 0 0 67 65
f0_49 f1w_389 f2_135 -0.22 0.22 0.84 0 0 0 63 67
f0_49 f1w_389 f2_466 -0.39 0.39 0.19 0 0 0 63 66
f0_49 f1w_484 f2_466 -0.1 0.1 0.63 0 0 0 64 66
f0_49 f2_20 f2_466 -0.16 0.16 0.43 0 0 0 66 66
f0_49 f2_135 f2_466 -0.21 0.21 0.68 0 0 0 67 66
f0_49 f2_177 f2_466 -0.24 0.24 0.14 0 0 0 65 66
f0_50 f0_11 f0_953 0.64 -0.64 0.18 0 0 0 60 63
f0_50 f0_11 f1h_289 0.37 -0.37 0.12 0 0 0 60 61
f0_50 f0_38 f0_103 -0.44 0.44 0.49 0 0 0 63 61
f0_50 f0_38 f0_953 0.2 -0.2 0.44 0 0 0 63 63
f0_50 f0_38 f0_955 -0.15 0.15 0.52 0 0 0 63 62
f0_50 f0_38 f1h_272 0.05 -0.05 0.47 0 0 0 63 63
f0_50 f0_38 f1h_289 0.02 -0.02 0.64 0 0 0 63 61
f0_50 f0_38 f1h_406 -0.29 0.29 0.63 0 0 0 63 62
f0_50 f0_44 f0_230 -0.13 0.13 0.46 0 0 0 67 61
f0_50 f0_44 f0_603 0.11 -0.11 0.34 0 0 0 67 65
f0_50 f0_44 f0_736 0.47 -0.47 0.21 0 0 0 67 65
f0_50 f0_44 f0_781 -0.09 0.09 0.34 0 0 0 67 63
f0_50 f0_44 f1h_173 0.41 -0.41 0.06 0 0 0 67 66
f0_50 f0_44 f1h_174 0.45 -0.45 0.2 0 0 0 67 57
f0_50 f0_44 f1h_224 -0.03 0.03 0.61 0 0 0 67 61
f0_50 f0_44 f1h_272 0.33 -0.33 0.18 0 0 0 67 63
f0_50 f0_44 f1h_289 0.17 -0.17 0.46 0 0 0 67 61
f0_50 f0_44 f1h_406 -0.01 0.01 0.48 0 0 0 67 62
f0_50 f0_44 f1h_455 0.54 -0.54 0.67 0 0 0 67 65
f0_50 f0_44 f1w_53 0.07 -0.07 0.32 0 0 0 67 61
f0_50 f0_44 f1w_146 -0.02 0.02 0.56 0 0 0 67 62
f0_50 f0_67 f0_255 -0.11 0.11 0.3 0 0 0 63 60
f0_50 f0_67 f0_628 -0.2 0.2 0.19 0 0 0 63 65
f0_50 f0_67 f0_660 -0.29 0.29 0.46 0 0 0 63 60
f0_50 f0_67 f0_736 -0.15 0.15 0.31 0 0 0 63 65
f0_50 f0_67 f0_829 -0.2 0.2 0.31 0 0 0 63 61
