id parent1 parent2 LLRparent1 LLRparent2 LLRpair OHparent1 OHparent2 MEpair SNPd.id.parent1 SNPd.id.parent2
f1h_1 f0_3 f0_169 -0.3 0.3 12.47 0 0 0 655 668
f1h_2 f0_94 f0_185 2.33 -2.33 12.39 0 0 0 675 687
f1h_3 f0_56 f0_170 3.73 -3.73 12.6 0 0 0 687 683
f1h_4 f0_138 f0_190 -0.09 0.09 15.12 0 0 0 682 668
f1h_5 f0_87 f0_196 3.08 -3.08 11.94 0 0 0 688 694
f1h_6 f0_7 f0_188 -2.72 2.72 13.24 0 0 0 680 673
f1h_8 f0_6 f0_190 -0.35 0.35 14.21 0 0 0 651 656
f1h_9 f0_33 f0_76 -0.52 0.52 12.18 0 0 0 661 663
f1h_10 f0_142 f0_182 0.09 -0.09 14.15 0 0 0 697 683
f1h_12 f0_50 f0_152 2.79 -2.79 12.4 0 0 0 672 693
f1h_13 f0_76 f0_81 -0.1 0.1 13.91 0 0 0 652 652
f1h_14 f0_99 f0_160 1.58 -1.58 12.85 0 0 0 674 668
f1h_15 f0_87 f0_155 3.3 -3.3 11.83 0 0 0 674 669
f1h_16 f0_19 f0_86 -1.9 1.9 11.98 0 0 0 672 667
f1h_17 f0_82 f0_107 1.69 -1.69 11.5 0 0 0 671 652
f1h_22 f0_2 f0_11 -0.24 0.24 14.84 0 0 0 644 664
f1h_23 f0_112 f0_161 -0.88 0.88 13.84 0 0 0 649 648
f1h_24 f0_105 f0_148 2.04 -2.04 11.9 0 0 0 661 663
f1h_25 f0_57 f0_155 0.22 -0.22 14.85 0 0 0 686 687
f1h_26 f0_77 f0_184 -3.09 3.09 11.26 0 0 0 673 661
f1h_27 f0_81 f0_111 1.34 -1.34 12.41 0 0 0 659 651
f1h_28 f0_27 f0_194 -0.22 0.22 15.79 0 0 0 677 673
f1h_29 f0_101 f0_158 -0.61 0.61 13.59 0 0 0 662 661
f1h_30 f0_65 f0_80 -2.36 2.36 12.59 0 0 0 674 660
f1h_32 f0_11 f0_47 -1.49 1.49 12.79 0 0 0 681 671
f1h_33 f0_146 f0_158 0.82 -0.82 13.46 0 0 0 673 657
f1h_35 f0_24 f0_115 -1.27 1.27 12.73 0 0 0 680 678
f1h_37 f0_42 f0_174 -1.11 1.11 15.69 0 0 0 671 668
f1h_38 f0_160 f0_168 0.65 -0.65 14.21 0 0 0 665 637
f1h_39 f0_33 f0_118 -1.64 1.64 12.77 0 0 0 659 651
f1h_40 f0_61 f0_139 0.59 -0.59 14.45 0 0 0 681 682
f1h_41 f0_139 f0_142 -1.26 1.26 14.2 0 0 0 678 686
f1h_42 f0_11 f0_111 -0.68 0.68 12.49 0 0 0 677 655
f1h_44 f0_168 f0_170 -0.29 0.29 13.16 0 0 0 646 670
f1h_45 f0_9 f0_166 4.4 -4.4 13.19 0 0 0 678 682
f1h_47 f0_30 f0_80 -0.69 0.69 13.56 0 0 0 642 653
f1h_48 f0_154 f0_171 -3.47 3.47 12.62 0 0 0 670 671
f1h_49 f0_152 f0_176 3.92 -3.92 12.3 0 0 0 681 667
f1h_50 f0_120 f0_156 4.03 -4.03 9.68 0 0 0 673 669
f1h_51 f0_79 f0_147 -4.58 4.58 12.01 0 0 0 667 647
f1h_52 f0_44 f0_170 1.87 -1.87 14.05 0 0 0 676 681
f1h_53 f0_98 f0_143 0.64 -0.64 13.67 0 0 0 667 666
f1h_54 f0_62 f0_177 -2.86 2.86 11.93 0 0 0 662 665
f1h_55 f0_138 f0_179 0.08 -0.08 11.84 0 0 0 668 659
f1h_56 f0_143 f0_183 -0.4 0.4 15.18 0 0 0 666 676
f1h_57 f0_35 f0_46 -2.78 2.78 12.76 0 0 0 669 692
f1h_58 f0_124 f0_200 -0.11 0.11 13.68 0 0 0 690 672
f1h_59 f0_87 f0_188 1.98 -1.98 12.5 0 0 0 675 657
f1h_60 f0_98 f0_118 -1.34 1.34 14.23 0 0 0 666 655
f1h_62 f0_65 f0_114 -1.66 1.66 13.92 0 0 0 675 658
f1h_64 f0_148 f0_183 1.21 -1.21 12.39 0 0 0 656 681
f1h_65 f0_28 f0_197 -1.48 1.48 10.27 0 0 0 673 662
f1h_66 f0_58 f0_138 -0.84 0.84 12.78 0 0 0 660 671
f1h_68 f0_25 f0_195 0.45 -0.45 14.06 0 0 0 660 660
f1h_69 f0_136 f0_175 1.2 -1.2 12.58 0 0 0 686 659
f1h_70 f0_22 f0_63 0.05 -0.05 13.92 0 0 0 659 671
f1h_72 f0_61 f0_153 1.4 -1.4 13.87 0 0 0 679 669
f1h_73 f0_2 f0_37 -3.11 3.11 13.32 0 0 0 665 672
f1h_74 f0_49 f0_149 -4.17 4.17 11.94 0 0 0 678 678
f1h_75 f0_20 f0_55 1.23 -1.23 13.26 0 0 0 655 667
f1h_76 f0_118 f0_187 -3.34 3.34 12.56 0 0 0 653 649
f1h_77 f0_89 f0_138 -2.31 2.31 13.11 0 0 0 667 679
f1h_78 f0_30 f0_78 -0.8 0.8 14.14 0 0 0 667 686
f1h_79 f0_37 f0_65 -3.44 3.44 13.64 0 0 0 676 687
f1h_81 f0_55 f0_130 4.31 -4.31 11.38 0 0 0 679 680
f1h_82 f0_117 f0_130 -3.6 3.6 12.74 0 0 0 652 664
f1h_83 f0_20 f0_160 0.46 -0.46 13.27 0 0 0 657 679
f1h_84 f0_41 f0_141 -5.2 5.2 10.86 0 0 0 658 665
f1h_85 f0_81 f0_97 0.57 -0.57 13.43 0 0 0 652 659
f1h_86 f0_111 f0_131 2.23 -2.23 15.02 0 0 0 661 684
f1h_87 f0_13 f0_178 0.74 -0.74 13.22 0 0 0 685 673
f1h_88 f0_61 f0_184 0.77 -0.77 15.57 0 0 0 689 668
f1h_89 f0_26 f0_83 0.58 -0.58 13.77 0 0 0 682 664
f1h_90 f0_101 f0_170 0.37 -0.37 13.99 0 0 0 646 662
f1h_91 f0_52 f0_134 -1.65 1.65 13.31 0 0 0 662 676
f1h_92 f0_9 f0_94 5.07 -5.07 11.13 0 0 0 670 677
f1h_93 f0_28 f0_160 1.11 -1.11 13.47 0 0 0 663 669
f1h_94 f0_58 f0_82 -0.83 0.83 14.15 0 0 0 662 671
f1h_96 f0_127 f0_182 -0.42 0.42 15.82 0 0 0 674 670
f1h_97 f0_80 f0_82 4.29 -4.29 12.78 0 0 0 664 676
f1h_98 f0_59 f0_160 -0.24 0.24 14.11 0 0 0 673 669
f1h_99 f0_11 f0_200 -4.65 4.65 10.81 0 0 0 680 659
f1h_100 f0_91 f0_144 0.75 -0.75 14.67 0 0 0 661 679
f1h_102 f0_57 f0_74 1.65 -1.65 12.69 0 0 0 661 642
f1h_104 f0_34 f0_200 -3.53 3.53 10.72 0 0 0 684 671
f1h_105 f0_17 f0_161 1.42 -1.42 13.8 0 0 0 656 655
f1h_106 f0_35 f0_60 -0.01 0.01 13.71 0 0 0 668 671
f1h_107 f0_9 f0_96 -1.89 1.89 13.06 0 0 0 652 654
f1h_108 f0_13 f0_107 2.65 -2.65 13.18 0 0 0 663 652
f1h_111 f0_89 f0_122 -4.33 4.33 12.28 0 0 0 652 658
f1h_112 f0_14 f0_163 -0.33 0.33 13.43 0 0 0 654 655
f1h_113 f0_40 f0_198 0.49 -0.49 14.58 0 0 0 656 652
f1h_114 f0_29 f0_150 1.99 -1.99 12.87 0 0 0 678 680
f1h_116 f0_107 f0_198 -0.22 0.22 13.99 0 0 0 656 651
f1h_118 f0_41 f0_102 -2.45 2.45 11.75 0 0 0 664 662
f1h_119 f0_59 f0_113 -2.41 2.41 14.24 0 0 0 670 675
f1h_120 f0_11 f0_108 -5.12 5.12 11.93 0 0 0 686 681
f1h_123 f0_172 f0_191 1.22 -1.22 13.69 0 0 0 666 662
f1h_124 f0_34 f0_46 0.36 -0.36 14.79 0 0 0 680 691
f1h_125 f0_5 f0_28 -2.58 2.58 12.91 0 0 0 663 664
f1h_126 f0_123 f0_179 0.55 -0.55 12.82 0 0 0 666 678
f1h_127 f0_28 f0_143 -2.44 2.44 13.91 0 0 0 658 657
f1h_128 f0_19 f0_29 -0.41 0.41 13.74 0 0 0 667 666
f1h_130 f0_106 f0_192 -0.53 0.53 16.48 0 0 0 671 672
f1h_131 f0_66 f0_169 -4.12 4.12 11.41 0 0 0 660 668
f1h_132 f0_88 f0_118 -1.06 1.06 15.67 0 0 0 686 664
f1h_133 f0_66 f0_106 1.43 -1.43 14.17 0 0 0 674 670
f1h_134 f0_39 f0_48 0.14 -0.14 13.52 0 0 0 671 676
f1h_135 f0_47 f0_49 1.99 -1.99 11.74 0 0 0 669 667
f1h_136 f0_24 f0_73 0.03 -0.03 12.19 0 0 0 672 677
f1h_137 f0_56 f0_162 -3.25 3.25 11.4 0 0 0 692 684
f1h_138 f0_76 f0_117 -2.05 2.05 15.08 0 0 0 679 678
f1h_139 f0_22 f0_156 -4.03 4.03 12.39 0 0 0 654 665
f1h_140 f0_87 f0_157 -0.41 0.41 13.83 0 0 0 687 689
f1h_141 f0_187 f0_190 1.96 -1.96 12.87 0 0 0 652 661
f1h_142 f0_17 f0_140 -0.46 0.46 14.23 0 0 0 652 654
f1h_143 f0_116 f0_199 2.2 -2.2 13.01 0 0 0 655 666
f1h_147 f0_61 f0_188 -0.44 0.44 13.67 0 0 0 674 659
f1h_148 f0_9 f0_33 -0.46 0.46 13.59 0 0 0 664 658
f1h_149 f0_38 f0_114 -2.24 2.24 12.27 0 0 0 671 674
f1h_150 f0_24 f0_70 -1.9 1.9 12.83 0 0 0 666 650
f1h_151 f0_150 f0_197 3.84 -3.84 13.26 0 0 0 658 650
f1h_153 f0_142 f0_145 -3.47 3.47 12.78 0 0 0 704 686
f1h_154 f0_118 f0_143 2.25 -2.25 13.04 0 0 0 654 658
f1h_155 f0_109 f0_110 -1.95 1.95 13.57 0 0 0 670 673
f1h_156 f0_28 f0_133 0.23 -0.23 12.07 0 0 0 671 688
f1h_157 f0_150 f0_181 -0.03 0.03 14.61 0 0 0 677 670
f1h_158 f0_101 f0_121 -2.36 2.36 13.3 0 0 0 681 677
f1h_159 f0_96 f0_105 -0.39 0.39 12.94 0 0 0 681 664
f1h_160 f0_112 f0_139 -2.36 2.36 12.38 0 0 0 660 677
f1h_161 f0_129 f0_198 1.37 -1.37 16.55 0 0 0 680 664
f1h_163 f0_73 f0_198 -0.77 0.77 13.97 0 0 0 692 673
f1h_164 f0_67 f0_72 1.37 -1.37 13.59 0 0 0 659 683
f1h_166 f0_25 f0_183 -0.13 0.13 13.81 0 0 0 670 686
f1h_167 f0_64 f0_76 4.55 -4.55 11.9 0 0 0 655 664
f1h_168 f0_60 f0_88 2.15 -2.15 11.95 0 0 0 660 670
f1h_171 f0_31 f0_194 -2.23 2.23 12.52 0 0 0 666 659
f1h_175 f0_46 f0_199 -0.69 0.69 14.05 0 0 0 678 662
f1h_177 f0_11 f0_32 -2.06 2.06 14.27 0 0 0 666 673
f1h_178 f0_115 f0_196 1.42 -1.42 12.52 0 0 0 649 660
f1h_179 f0_73 f0_156 -3.38 3.38 14.21 0 0 0 693 674
f1h_180 f0_131 f0_170 -0.57 0.57 12.88 0 0 0 666 669
f1h_181 f0_2 f0_56 -1.86 1.86 14.21 0 0 0 648 675
f1h_182 f0_68 f0_73 -0.98 0.98 12.56 0 0 0 685 699
f1h_183 f0_42 f0_78 -0.83 0.83 14.11 0 0 0 666 674
f1h_184 f0_9 f0_199 -1.08 1.08 13.81 0 0 0 674 672
f1h_185 f0_46 f0_116 -3.2 3.2 12.68 0 0 0 684 654
f1h_186 f0_2 f0_188 -3 3 11.43 0 0 0 661 668
f1h_188 f0_46 f0_142 -1.08 1.08 14.76 0 0 0 692 698
f1h_189 f0_131 f0_184 0.74 -0.74 13.39 0 0 0 675 656
f1h_190 f0_115 f0_184 -1.56 1.56 12.54 0 0 0 682 671
f1h_194 f0_139 f0_165 1.74 -1.74 13.73 0 0 0 690 682
f1h_195 f0_22 f0_197 2.61 -2.61 11.15 0 0 0 675 675
f1h_196 f0_64 f0_170 1.4 -1.4 13.54 0 0 0 667 687
f1h_197 f0_33 f0_65 -2.21 2.21 12.4 0 0 0 665 680
f1h_198 f0_42 f0_68 -1.24 1.24 14.14 0 0 0 664 655
f1h_199 f0_42 f0_155 0.67 -0.67 13.07 0 0 0 666 666
f1h_200 f0_61 f0_149 -0.98 0.98 12.59 0 0 0 680 664
f1h_201 f0_63 f0_70 0.64 -0.64 13.64 0 0 0 685 663
f1h_202 f0_12 f0_194 0.15 -0.15 14.99 0 0 0 667 656
f1h_203 f0_27 f0_97 -1.97 1.97 14.79 0 0 0 675 672
f1h_205 f0_8 f0_78 0.43 -0.43 12.88 0 0 0 638 650
f1h_206 f0_10 f0_100 5.27 -5.27 9.87 0 0 0 663 675
f1h_207 f0_41 f0_117 4.33 -4.33 12.93 0 0 0 663 663
f1h_208 f0_36 f0_91 -1.6 1.6 13.45 0 0 0 669 655
f1h_209 f0_9 f0_25 2.41 -2.41 14.6 0 0 0 678 674
f1h_210 f0_73 f0_144 -0.94 0.94 15.91 0 0 0 680 679
f1h_212 f0_173 f0_198 1.7 -1.7 13.3 0 0 0 676 667
f1h_213 f0_87 f0_168 3.19 -3.19 14.41 0 0 0 681 658
f1h_215 f0_43 f0_92 3.32 -3.32 13.33 0 0 0 690 683
f1h_216 f0_160 f0_167 -1.39 1.39 11.81 0 0 0 656 660
f1h_217 f0_144 f0_167 -1.26 1.26 13.7 0 0 0 668 674
f1h_218 f0_32 f0_126 -1.75 1.75 12.13 0 0 0 681 672
f1h_219 f0_19 f0_36 -3.18 3.18 12.76 0 0 0 654 660
f1h_220 f0_161 f0_167 0.22 -0.22 14.35 0 0 0 665 681
f1h_221 f0_186 f0_188 1.7 -1.7 12.47 0 0 0 680 680
f1h_222 f0_20 f0_87 1.49 -1.49 12.83 0 0 0 666 691
f1h_223 f0_79 f0_108 -7.66 7.66 10.66 0 0 0 652 652
f1h_224 f0_9 f0_156 2.36 -2.36 12.91 0 0 0 672 668
f1h_226 f0_34 f0_153 2.65 -2.65 13.4 0 0 0 668 667
f1h_227 f0_136 f0_195 -1.46 1.46 14.05 0 0 0 667 656
f1h_230 f0_27 f0_183 -1.55 1.55 13.77 0 0 0 662 679
f1h_231 f0_21 f0_101 -0.4 0.4 13.71 0 0 0 652 660
f1h_232 f0_84 f0_189 1.12 -1.12 13.9 0 0 0 672 672
f1h_235 f0_112 f0_164 1.19 -1.19 14.44 0 0 0 649 667
f1h_236 f0_74 f0_92 1.17 -1.17 14.06 0 0 0 657 679
f1h_237 f0_128 f0_153 1.57 -1.57 10.84 0 0 0 668 673
f1h_238 f0_94 f0_200 -0.86 0.86 12.78 0 0 0 675 655
f1h_239 f0_2 f0_19 -0.83 0.83 13.02 0 0 0 666 680
f1h_240 f0_70 f0_170 1.3 -1.3 11.89 0 0 0 666 687
f1h_241 f0_50 f0_116 -0.78 0.78 12.17 0 0 0 648 646
f1h_242 f0_79 f0_84 -0.88 0.88 11.79 0 0 0 678 668
f1h_243 f0_159 f0_190 -1.31 1.31 14.59 0 0 0 659 670
f1h_244 f0_29 f0_177 -2.79 2.79 13.55 0 0 0 672 664
f1h_245 f0_43 f0_195 0.08 -0.08 14.07 0 0 0 693 668
f1h_246 f0_63 f0_196 2.29 -2.29 12.82 0 0 0 667 681
f1h_247 f0_1 f0_63 1.84 -1.84 12.88 0 0 0 682 681
f1h_248 f0_10 f0_130 -1.14 1.14 12.78 0 0 0 670 676
f1h_250 f0_3 f0_104 1.5 -1.5 13.22 0 0 0 675 690
f1h_251 f0_35 f0_72 -0.27 0.27 12.39 0 0 0 663 681
f1h_252 f0_175 f0_196 2.11 -2.11 10.59 0 0 0 647 681
f1h_253 f0_48 f0_173 2.87 -2.87 13.03 0 0 0 686 678
f1h_254 f0_123 f0_132 -1.04 1.04 12.99 0 0 0 671 662
f1h_255 f0_37 f0_147 -1.49 1.49 12.56 0 0 0 673 668
f1h_256 f0_166 f0_180 1.27 -1.27 13.57 0 0 0 672 652
f1h_258 f0_154 f0_156 -0.14 0.14 15.08 0 0 0 674 673
f1h_260 f0_70 f0_93 2.36 -2.36 12.63 0 0 0 670 682
f1h_261 f0_20 f0_199 -1.28 1.28 13.89 0 0 0 664 676
f1h_262 f0_114 f0_120 -2.31 2.31 13.43 0 0 0 673 679
f1h_263 f0_27 f0_147 -2.26 2.26 13.14 0 0 0 667 655
f1h_264 f0_76 f0_120 -3.81 3.81 12.84 0 0 0 658 658
f1h_265 f0_12 f0_119 -0.78 0.78 13.61 0 0 0 685 676
f1h_266 f0_107 f0_151 -1.91 1.91 12.99 0 0 0 654 664
f1h_267 f0_90 f0_176 -0.59 0.59 14.66 0 0 0 669 679
f1h_268 f0_48 f0_103 2.15 -2.15 12.97 0 0 0 675 672
f1h_269 f0_60 f0_199 2.35 -2.35 13.28 0 0 0 670 673
f1h_270 f0_20 f0_68 2 -2 13.71 0 0 0 664 674
f1h_271 f0_4 f0_152 -1.04 1.04 14.05 0 0 0 671 677
f1h_272 f0_19 f0_175 -0.53 0.53 14.13 0 0 0 674 647
f1h_273 f0_62 f0_91 -0.11 0.11 13.69 0 0 0 664 670
f1h_274 f0_68 f0_196 0.69 -0.69 13.65 0 0 0 672 683
f1h_275 f0_46 f0_162 1.79 -1.79 11.99 0 0 0 700 693
f1h_276 f0_42 f0_140 -2.19 2.19 13.81 0 0 0 662 654
f1h_277 f0_150 f0_171 -0.7 0.7 14.77 0 0 0 679 672
f1h_278 f0_190 f0_197 0.73 -0.73 13.11 0 0 0 660 658
f1h_279 f0_31 f0_90 -2.87 2.87 13.12 0 0 0 669 655
f1h_280 f0_123 f0_156 -0.8 0.8 11.9 0 0 0 668 662
f1h_281 f0_1 f0_53 1.07 -1.07 14.81 0 0 0 680 676
f1h_282 f0_10 f0_30 1.88 -1.88 12.47 0 0 0 666 665
f1h_283 f0_186 f0_193 1.48 -1.48 14.74 0 0 0 681 682
f1h_285 f0_48 f0_187 -3.19 3.19 13.3 0 0 0 678 656
f1h_288 f0_112 f0_123 1.51 -1.51 11.59 0 0 0 663 669
f1h_289 f0_69 f0_200 -3.56 3.56 10.85 0 0 0 683 674
f1h_292 f0_103 f0_126 3.95 -3.95 11.17 0 0 0 671 668
f1h_293 f0_85 f0_190 -0.2 0.2 14.19 0 0 0 661 665
f1h_294 f0_88 f0_91 -1.12 1.12 14.84 0 0 0 674 652
f1h_295 f0_88 f0_195 -1.51 1.51 14.29 0 0 0 685 675
f1h_296 f0_141 f0_151 2.46 -2.46 13.63 0 0 0 674 668
f1h_297 f0_5 f0_152 0.07 -0.07 14.5 0 0 0 673 680
f1h_298 f0_20 f0_151 0.45 -0.45 12.66 0 0 0 641 653
f1h_299 f0_156 f0_160 1.75 -1.75 11.59 0 0 0 662 674
f1h_300 f0_17 f0_145 -2.67 2.67 12.57 0 0 0 660 668
f1h_301 f0_23 f0_87 -1.36 1.36 14.31 0 0 0 670 675
f1h_302 f0_80 f0_151 1.51 -1.51 14.08 0 0 0 678 676
f1h_303 f0_46 f0_186 1.02 -1.02 12.41 0 0 0 687 670
f1h_304 f0_66 f0_187 -3.21 3.21 12.07 0 0 0 677 661
f1h_305 f0_63 f0_148 -1.83 1.83 12.62 0 0 0 672 656
f1h_306 f0_67 f0_146 1.01 -1.01 13.28 0 0 0 666 684
f1h_308 f0_60 f0_152 1.94 -1.94 14.34 0 0 0 664 679
f1h_309 f0_25 f0_91 -2.53 2.53 13.89 0 0 0 670 666
f1h_310 f0_19 f0_69 0.75 -0.75 14.12 0 0 0 685 675
f1h_312 f0_102 f0_135 -0.73 0.73 13.24 0 0 0 664 676
f1h_313 f0_102 f0_125 -1.42 1.42 12.65 0 0 0 668 659
f1h_314 f0_20 f0_36 -0.29 0.29 12.86 0 0 0 657 677
f1h_315 f0_119 f0_141 -1.31 1.31 12.18 0 0 0 668 665
f1h_316 f0_138 f0_183 -0.09 0.09 12.05 0 0 0 681 672
f1h_317 f0_102 f0_195 0.39 -0.39 14.96 0 0 0 663 665
f1h_318 f0_121 f0_162 1.2 -1.2 13.86 0 0 0 662 671
f1h_319 f0_79 f0_162 0.28 -0.28 14.12 0 0 0 672 671
f1h_321 f0_23 f0_84 -0.66 0.66 13.72 0 0 0 667 668
f1h_322 f0_155 f0_183 -1.05 1.05 13.67 0 0 0 675 687
f1h_323 f0_44 f0_101 1.71 -1.71 12.83 0 0 0 680 676
f1h_324 f0_109 f0_199 2.61 -2.61 12.97 0 0 0 673 673
f1h_325 f0_40 f0_75 -2.35 2.35 14.18 0 0 0 685 688
f1h_326 f0_49 f0_145 -5.05 5.05 13.16 0 0 0 674 668
f1h_327 f0_130 f0_186 -1.43 1.43 13.49 0 0 0 667 665
f1h_329 f0_83 f0_197 1.32 -1.32 13.53 0 0 0 658 653
f1h_331 f0_27 f0_48 2.1 -2.1 14.12 0 0 0 681 694
f1h_332 f0_39 f0_183 1.69 -1.69 12.1 0 0 0 674 678
f1h_333 f0_30 f0_136 0.21 -0.21 14.05 0 0 0 663 668
f1h_334 f0_10 f0_137 2.12 -2.12 13.29 0 0 0 664 663
f1h_335 f0_66 f0_169 -1.84 1.84 11.72 0 0 0 683 685
f1h_336 f0_2 f0_177 -1.56 1.56 12.93 0 0 0 662 662
f1h_337 f0_7 f0_198 -2.04 2.04 14.97 0 0 0 674 663
f1h_338 f0_59 f0_83 0.8 -0.8 12.62 0 0 0 671 663
f1h_339 f0_16 f0_87 0.06 -0.06 14.25 0 0 0 670 678
f1h_341 f0_74 f0_162 -0.68 0.68 12.64 0 0 0 645 668
f1h_342 f0_65 f0_88 -1.47 1.47 13.91 0 0 0 679 679
f1h_343 f0_131 f0_182 2.95 -2.95 13.16 0 0 0 674 657
f1h_344 f0_80 f0_151 -0.52 0.52 13.78 0 0 0 678 675
f1h_345 f0_89 f0_144 -0.58 0.58 13.5 0 0 0 654 668
f1h_346 f0_94 f0_124 0.1 -0.1 13.37 0 0 0 674 678
f1h_347 f0_54 f0_105 -1.44 1.44 13.58 0 0 0 675 662
f1h_348 f0_32 f0_199 0.81 -0.81 14.8 0 0 0 668 658
f1h_350 f0_183 f0_190 -0.81 0.81 13.3 0 0 0 674 661
f1h_351 f0_73 f0_185 -2.96 2.96 11.59 0 0 0 692 695
f1h_352 f0_58 f0_87 -4.01 4.01 13.12 0 0 0 671 677
f1h_353 f0_81 f0_197 1.23 -1.23 13.71 0 0 0 655 654
f1h_355 f0_4 f0_133 0.41 -0.41 13.27 0 0 0 670 682
f1h_356 f0_50 f0_156 -0.74 0.74 14.82 0 0 0 665 669
f1h_357 f0_96 f0_100 -0.82 0.82 13.46 0 0 0 666 674
f1h_358 f0_122 f0_136 0.81 -0.81 13.67 0 0 0 689 689
f1h_360 f0_143 f0_187 -0.92 0.92 13.7 0 0 0 676 664
f1h_361 f0_137 f0_194 -2.32 2.32 11.53 0 0 0 663 666
f1h_362 f0_18 f0_42 0.15 -0.15 13.95 0 0 0 670 674
f1h_365 f0_117 f0_187 -3.48 3.48 12.99 0 0 0 671 661
f1h_366 f0_9 f0_155 4.27 -4.27 11.21 0 0 0 671 675
f1h_367 f0_7 f0_106 -1.23 1.23 14.07 0 0 0 659 660
f1h_368 f0_83 f0_97 0.47 -0.47 13.86 0 0 0 665 671
f1h_369 f0_102 f0_159 4.05 -4.05 10.74 0 0 0 663 657
f1h_370 f0_36 f0_73 2.91 -2.91 15.39 0 0 0 680 688
f1h_371 f0_26 f0_85 0.2 -0.2 12.26 0 0 0 685 653
f1h_373 f0_67 f0_92 2.33 -2.33 13.02 0 0 0 661 671
f1h_374 f0_50 f0_159 -0.81 0.81 13.15 0 0 0 648 646
f1h_376 f0_174 f0_200 1.89 -1.89 12.2 0 0 0 668 659
f1h_377 f0_102 f0_165 -1.26 1.26 11.67 0 0 0 672 684
f1h_378 f0_149 f0_173 1.21 -1.21 12.02 0 0 0 672 669
f1h_380 f0_96 f0_178 1.31 -1.31 13.12 0 0 0 679 675
f1h_381 f0_184 f0_190 -1.96 1.96 12.83 0 0 0 668 671
f1h_382 f0_26 f0_177 3.5 -3.5 12.68 0 0 0 693 661
f1h_383 f0_78 f0_128 -1.8 1.8 13.59 0 0 0 689 674
f1h_384 f0_112 f0_168 -0.89 0.89 15.65 0 0 0 664 656
f1h_385 f0_1 f0_58 1.64 -1.64 14.11 0 0 0 679 668
f1h_388 f0_29 f0_166 -0.6 0.6 14.08 0 0 0 662 673
f1h_389 f0_14 f0_155 1.45 -1.45 14.15 0 0 0 642 657
f1h_390 f0_16 f0_170 2.9 -2.9 13.47 0 0 0 675 688
f1h_391 f0_156 f0_198 1.83 -1.83 15.42 0 0 0 672 663
f1h_393 f0_122 f0_195 0.74 -0.74 13.49 0 0 0 688 676
f1h_394 f0_55 f0_200 -0.74 0.74 13.49 0 0 0 664 652
f1h_395 f0_154 f0_162 2.03 -2.03 14 0 0 0 662 665
f1h_396 f0_45 f0_121 -0.2 0.2 13.86 0 0 0 670 658
f1h_397 f0_91 f0_140 0.31 -0.31 13.8 0 0 0 654 655
f1h_400 f0_20 f0_37 0.71 -0.71 13.99 0 0 0 651 662
f1h_401 f0_100 f0_179 3.42 -3.42 15.11 0 0 0 682 676
f1h_402 f0_61 f0_119 2.41 -2.41 14.38 0 0 0 693 681
f1h_403 f0_45 f0_74 2.11 -2.11 13.08 0 0 0 678 661
f1h_404 f0_45 f0_135 1.12 -1.12 13.25 0 0 0 672 667
f1h_406 f0_82 f0_163 1.91 -1.91 13.5 0 0 0 662 651
f1h_407 f0_30 f0_36 -2.27 2.27 12.62 0 0 0 664 678
f1h_408 f0_87 f0_152 0.2 -0.2 13.73 0 0 0 667 668
f1h_409 f0_58 f0_118 -1.1 1.1 14.01 0 0 0 678 675
f1h_410 f0_102 f0_197 0.94 -0.94 15.32 0 0 0 670 672
f1h_411 f0_34 f0_141 2.73 -2.73 11.19 0 0 0 677 674
f1h_413 f0_23 f0_111 -3.41 3.41 13.59 0 0 0 686 668
f1h_414 f0_40 f0_113 -1.8 1.8 14.13 0 0 0 675 687
f1h_415 f0_54 f0_114 0.56 -0.56 12.71 0 0 0 669 660
f1h_416 f0_179 f0_186 -3.51 3.51 12.69 0 0 0 674 667
f1h_417 f0_34 f0_135 1.21 -1.21 14.92 0 0 0 672 672
f1h_418 f0_10 f0_88 2.22 -2.22 15.93 0 0 0 665 682
f1h_419 f0_66 f0_70 -0.87 0.87 13.09 0 0 0 676 660
f1h_420 f0_6 f0_72 1.65 -1.65 12.62 0 0 0 668 687
f1h_421 f0_53 f0_191 1.33 -1.33 13.2 0 0 0 669 670
f1h_423 f0_106 f0_145 -1.84 1.84 11.77 0 0 0 663 663
f1h_424 f0_93 f0_159 -1.98 1.98 13.71 0 0 0 664 659
f1h_425 f0_32 f0_51 1.22 -1.22 11.25 0 0 0 689 668
f1h_426 f0_135 f0_200 -0.61 0.61 13.87 0 0 0 674 661
f1h_427 f0_1 f0_184 2.3 -2.3 14.28 0 0 0 678 665
f1h_428 f0_15 f0_170 0.19 -0.19 16.42 0 0 0 666 674
f1h_429 f0_52 f0_197 -4.41 4.41 10.49 0 0 0 671 668
f1h_430 f0_7 f0_135 -3.24 3.24 13.41 0 0 0 661 660
f1h_432 f0_64 f0_122 0.99 -0.99 13.69 0 0 0 664 675
f1h_433 f0_155 f0_196 -2.07 2.07 14.64 0 0 0 688 700
f1h_434 f0_40 f0_136 0.12 -0.12 16.05 0 0 0 678 681
f1h_435 f0_168 f0_187 -1.96 1.96 12.27 0 0 0 655 658
f1h_436 f0_18 f0_157 2.98 -2.98 11.99 0 0 0 660 673
f1h_437 f0_61 f0_115 1.44 -1.44 12.55 0 0 0 675 672
f1h_438 f0_148 f0_183 3.55 -3.55 11.36 0 0 0 664 680
f1h_439 f0_45 f0_182 2.2 -2.2 11.43 0 0 0 663 656
f1h_440 f0_137 f0_149 -0.3 0.3 14.37 0 0 0 679 680
f1h_441 f0_108 f0_194 3.64 -3.64 11.78 0 0 0 661 654
f1h_442 f0_41 f0_167 -0.24 0.24 13.99 0 0 0 663 677
f1h_446 f0_78 f0_187 -2.93 2.93 12.21 0 0 0 678 655
f1h_447 f0_35 f0_199 0.68 -0.68 13.82 0 0 0 659 674
f1h_448 f0_159 f0_183 2.76 -2.76 12.2 0 0 0 664 684
f1h_449 f0_8 f0_176 -2.91 2.91 12.4 0 0 0 672 674
f1h_450 f0_71 f0_131 0.16 -0.16 12.4 0 0 0 671 671
f1h_451 f0_130 f0_136 -1.83 1.83 12.62 0 0 0 660 669
f1h_453 f0_18 f0_51 -1.28 1.28 13.28 0 0 0 659 671
f1h_455 f0_70 f0_101 -1.07 1.07 13.88 0 0 0 652 653
f1h_458 f0_29 f0_193 1.17 -1.17 13.7 0 0 0 666 662
f1h_459 f0_9 f0_31 -1.66 1.66 14.1 0 0 0 683 686
f1h_460 f0_92 f0_192 -3.91 3.91 14 0 0 0 670 665
f1h_462 f0_50 f0_56 -2.08 2.08 11.35 0 0 0 666 693
f1h_463 f0_9 f0_48 1.51 -1.51 13.95 0 0 0 680 687
f1h_464 f0_69 f0_164 -0.3 0.3 13.28 0 0 0 670 672
f1h_465 f0_54 f0_58 -1.22 1.22 14.32 0 0 0 671 664
f1h_466 f0_131 f0_195 1.44 -1.44 12.78 0 0 0 665 655
f1h_467 f0_3 f0_160 1.05 -1.05 14.61 0 0 0 666 680
f1h_468 f0_5 f0_169 -5.34 5.34 10.18 0 0 0 668 682
f1h_469 f0_63 f0_117 2.44 -2.44 13.85 0 0 0 664 655
f1h_470 f0_22 f0_187 -4.81 4.81 11.67 0 0 0 649 651
f1h_471 f0_96 f0_124 2.47 -2.47 11.48 0 0 0 662 668
f1h_472 f0_41 f0_54 -1.68 1.68 13.85 0 0 0 662 665
f1h_473 f0_118 f0_132 -1.22 1.22 12.58 0 0 0 672 675
f1h_477 f0_51 f0_196 3.12 -3.12 12.79 0 0 0 671 685
f1h_478 f0_45 f0_177 3.19 -3.19 12.34 0 0 0 669 653
f1h_479 f0_170 f0_195 -2.88 2.88 13.92 0 0 0 695 676
f1h_480 f0_78 f0_83 -1.31 1.31 13.08 0 0 0 679 664
f1h_482 f0_23 f0_89 -1.54 1.54 12.43 0 0 0 675 665
f1h_483 f0_19 f0_105 -0.45 0.45 12.23 0 0 0 658 652
f1h_484 f0_98 f0_142 1.46 -1.46 14.15 0 0 0 659 671
f1h_487 f0_17 f0_181 2.87 -2.87 12.11 0 0 0 644 657
f1h_489 f0_126 f0_170 1.98 -1.98 14.81 0 0 0 677 684
f1h_492 f0_8 f0_116 0.79 -0.79 12.97 0 0 0 664 647
f1h_493 f0_23 f0_132 -0.85 0.85 12.02 0 0 0 677 662
f1h_494 f0_88 f0_137 0.64 -0.64 14.53 0 0 0 669 665
f1h_495 f0_40 f0_176 0.13 -0.13 12.67 0 0 0 670 666
f1h_496 f0_71 f0_87 -3.8 3.8 13.37 0 0 0 681 685
f1h_497 f0_90 f0_103 2.25 -2.25 12.55 0 0 0 656 682
f1h_498 f0_80 f0_81 -0.43 0.43 13.51 0 0 0 663 654
f1h_499 f0_54 f0_80 1.35 -1.35 13.55 0 0 0 679 673
f1w_1 f0_850 f0_875 -2.5 2.5 11.66 0 0 0 666 659
f1w_3 f0_226 f0_230 -2.41 2.41 14.11 0 0 0 670 662
f1w_5 f0_442 f0_881 0.94 -0.94 14 0 0 0 680 663
f1w_6 f0_318 f0_560 4.78 -4.78 12.78 0 0 0 656 672
f1w_7 f0_246 f0_731 0.51 -0.51 14.62 0 0 0 665 682
f1w_8 f0_204 f0_244 -3.8 3.8 11.7 0 0 0 671 669
f1w_11 f0_242 f0_663 -2 2 12.93 0 0 0 667 658
f1w_15 f0_364 f0_413 0.29 -0.29 13.41 0 0 0 671 664
f1w_16 f0_625 f0_906 5.36 -5.36 11.23 0 0 0 663 665
f1w_17 f0_491 f0_908 -1.94 1.94 11.13 0 0 0 652 669
f1w_21 f0_294 f0_731 0.68 -0.68 15.11 0 0 0 674 686
f1w_24 f0_573 f0_970 -1.07 1.07 13.94 0 0 0 671 647
f1w_25 f0_754 f0_785 -2.85 2.85 12.94 0 0 0 670 666
f1w_26 f0_446 f0_499 1.23 -1.23 14.51 0 0 0 682 670
f1w_28 f0_774 f0_956 -0.49 0.49 14.65 0 0 0 683 670
f1w_29 f0_229 f0_917 0.36 -0.36 13.5 0 0 0 658 681
f1w_30 f0_713 f0_964 -0.06 0.06 14.71 0 0 0 674 677
f1w_32 f0_362 f0_511 -2.54 2.54 12.55 0 0 0 650 652
f1w_33 f0_381 f0_394 -0.98 0.98 15.04 0 0 0 661 656
f1w_35 f0_430 f0_559 -3.5 3.5 11.81 0 0 0 661 657
f1w_36 f0_387 f0_868 -1.16 1.16 14.64 0 0 0 659 670
f1w_38 f0_651 f0_655 -3.45 3.45 10.91 0 0 0 667 661
f1w_39 f0_429 f0_542 -0.77 0.77 12.26 0 0 0 670 668
f1w_40 f0_239 f0_465 1.76 -1.76 14.5 0 0 0 701 683
f1w_42 f0_353 f0_465 -0.62 0.62 14.02 0 0 0 680 676
f1w_44 f0_510 f0_692 -3.6 3.6 13.02 0 0 0 687 666
f1w_45 f0_797 f0_922 -1.05 1.05 13.08 0 0 0 655 660
f1w_47 f0_392 f0_558 -0.05 0.05 14.97 0 0 0 675 682
f1w_49 f0_219 f0_772 2.29 -2.29 14.58 0 0 0 673 687
f1w_51 f0_372 f0_481 -1.07 1.07 14.63 0 0 0 668 676
f1w_52 f0_330 f0_825 -0.38 0.38 12.64 0 0 0 673 663
f1w_53 f0_437 f0_527 -2.4 2.4 13.15 0 0 0 661 659
f1w_56 f0_238 f0_739 -1.77 1.77 12.6 0 0 0 672 661
f1w_59 f0_611 f0_652 4.41 -4.41 12.14 0 0 0 657 658
f1w_64 f0_239 f0_463 1.24 -1.24 14.92 0 0 0 667 643
f1w_65 f0_217 f0_302 -0.6 0.6 13.71 0 0 0 688 665
f1w_70 f0_306 f0_801 -1.6 1.6 13.46 0 0 0 671 671
f1w_71 f0_296 f0_561 1.46 -1.46 11.88 0 0 0 671 666
f1w_73 f0_203 f0_707 0.95 -0.95 11.31 0 0 0 655 676
f1w_75 f0_204 f0_517 0.81 -0.81 13.71 0 0 0 661 664
f1w_77 f0_205 f0_523 0.67 -0.67 13.23 0 0 0 668 659
f1w_79 f0_233 f0_754 -2.01 2.01 12.44 0 0 0 658 661
f1w_82 f0_261 f0_314 8.08 -8.08 11.14 0 0 0 668 669
f1w_83 f0_318 f0_502 -2.55 2.55 11.76 0 0 0 659 669
f1w_86 f0_271 f0_968 0.92 -0.92 13.11 0 0 0 647 662
f1w_90 f0_230 f0_246 2.27 -2.27 14.07 0 0 0 681 660
f1w_92 f0_482 f0_922 3.94 -3.94 12.07 0 0 0 649 660
f1w_95 f0_227 f0_332 -2.57 2.57 12.3 0 0 0 671 652
f1w_97 f0_644 f0_994 -1.67 1.67 14.6 0 0 0 683 680
f1w_98 f0_481 f0_534 1.11 -1.11 13.55 0 0 0 670 668
f1w_99 f0_293 f0_357 -0.86 0.86 12.37 0 0 0 683 659
f1w_101 f0_401 f0_876 -3.02 3.02 13.75 0 0 0 655 677
f1w_103 f0_505 f0_817 1.71 -1.71 12.31 0 0 0 670 674
f1w_105 f0_758 f0_876 3.47 -3.47 13.87 0 0 0 664 670
f1w_107 f0_528 f0_863 2.59 -2.59 12.43 0 0 0 685 693
f1w_109 f0_478 f0_764 3.61 -3.61 12.54 0 0 0 673 685
f1w_110 f0_318 f0_916 -3.11 3.11 9.85 0 0 0 659 658
f1w_111 f0_248 f0_354 0 0 13.79 0 0 0 672 668
f1w_113 f0_251 f0_588 1.31 -1.31 14.84 0 0 0 665 666
f1w_115 f0_864 f0_989 0.17 -0.17 13.4 0 0 0 658 667
f1w_117 f0_400 f0_865 -1.37 1.37 15.16 0 0 0 691 661
f1w_121 f0_265 f0_479 -2.74 2.74 13.41 0 0 0 667 668
f1w_124 f0_414 f0_818 1.12 -1.12 12.87 0 0 0 674 662
f1w_126 f0_812 f0_919 -0.54 0.54 12.57 0 0 0 670 670
f1w_129 f0_252 f0_373 -3.49 3.49 11.15 0 0 0 663 688
f1w_130 f0_214 f0_810 0.34 -0.34 13.26 0 0 0 688 686
f1w_132 f0_220 f0_593 0.71 -0.71 14.15 0 0 0 672 677
f1w_135 f0_524 f0_581 -3.32 3.32 14.04 0 0 0 680 669
f1w_137 f0_456 f0_844 3.53 -3.53 12.51 0 0 0 641 660
f1w_139 f0_600 f0_899 2.06 -2.06 12.93 0 0 0 667 664
f1w_140 f0_599 f0_881 0.41 -0.41 14.48 0 0 0 659 671
f1w_141 f0_412 f0_762 -1.91 1.91 13.71 0 0 0 683 688
f1w_143 f0_591 f0_770 -2.27 2.27 11.58 0 0 0 666 667
f1w_144 f0_337 f0_535 -0.53 0.53 13.53 0 0 0 682 688
f1w_147 f0_492 f0_743 -2.41 2.41 12.69 0 0 0 639 647
f1w_148 f0_616 f0_882 1 -1 14.21 0 0 0 674 669
f1w_149 f0_271 f0_961 -1.99 1.99 14.04 0 0 0 665 671
f1w_150 f0_296 f0_630 3.59 -3.59 11.8 0 0 0 679 660
f1w_151 f0_226 f0_660 -0.74 0.74 12.23 0 0 0 685 678
f1w_152 f0_386 f0_834 -2.16 2.16 12.62 0 0 0 674 683
f1w_154 f0_251 f0_700 0.61 -0.61 15 0 0 0 679 681
f1w_155 f0_405 f0_514 0.38 -0.38 11.8 0 0 0 675 667
f1w_156 f0_355 f0_363 -0.19 0.19 14.1 0 0 0 681 674
f1w_159 f0_356 f0_581 -0.45 0.45 14.88 0 0 0 655 668
f1w_160 f0_397 f0_491 -1.92 1.92 13.95 0 0 0 669 633
f1w_161 f0_225 f0_916 -1.37 1.37 13.51 0 0 0 676 666
f1w_165 f0_507 f0_999 0.13 -0.13 13.13 0 0 0 646 644
f1w_168 f0_543 f0_715 -2.62 2.62 10.73 0 0 0 649 660
f1w_169 f0_626 f0_816 0.43 -0.43 14.04 0 0 0 679 668
f1w_173 f0_377 f0_511 -1.94 1.94 13.59 0 0 0 656 658
f1w_176 f0_311 f0_963 -1.12 1.12 14.43 0 0 0 659 649
f1w_177 f0_507 f0_916 -2.63 2.63 13.43 0 0 0 674 681
f1w_180 f0_480 f0_808 1.71 -1.71 13.88 0 0 0 680 661
f1w_181 f0_378 f0_427 -0.27 0.27 15.58 0 0 0 679 691
f1w_182 f0_449 f0_845 1.66 -1.66 13.26 0 0 0 678 673
f1w_184 f0_232 f0_924 -0.2 0.2 11.02 0 0 0 666 660
f1w_186 f0_827 f0_944 4.87 -4.87 10.55 0 0 0 657 675
f1w_187 f0_531 f0_687 -0.4 0.4 14.05 0 0 0 675 678
f1w_188 f0_584 f0_762 0.08 -0.08 14.43 0 0 0 665 680
f1w_190 f0_940 f0_969 -2.48 2.48 13.47 0 0 0 660 659
f1w_195 f0_743 f0_843 0.93 -0.93 14.49 0 0 0 647 649
f1w_196 f0_380 f0_566 -3.36 3.36 10.76 0 0 0 689 676
f1w_197 f0_286 f0_539 -0.2 0.2 13.86 0 0 0 673 697
f1w_198 f0_695 f0_940 -1.04 1.04 15.52 0 0 0 682 679
f1w_199 f0_341 f0_843 1.27 -1.27 11.99 0 0 0 681 660
f1w_200 f0_708 f0_872 -0.51 0.51 14.91 0 0 0 657 659
f1w_201 f0_660 f0_820 -2.64 2.64 13.34 0 0 0 658 665
f1w_202 f0_268 f0_269 0.67 -0.67 11.94 0 0 0 663 671
f1w_203 f0_375 f0_511 4.71 -4.71 12.15 0 0 0 669 655
f1w_205 f0_786 f0_878 5.49 -5.49 10.47 0 0 0 659 657
f1w_206 f0_213 f0_388 -2.32 2.32 12.5 0 0 0 661 664
f1w_207 f0_399 f0_824 -2.05 2.05 12.84 0 0 0 664 667
f1w_208 f0_680 f0_780 -0.5 0.5 12.53 0 0 0 662 679
f1w_211 f0_557 f0_885 5.4 -5.4 11.58 0 0 0 667 681
f1w_212 f0_269 f0_633 0.85 -0.85 13.22 0 0 0 689 694
f1w_213 f0_616 f0_868 -0.57 0.57 14.51 0 0 0 672 669
f1w_214 f0_583 f0_669 -0.8 0.8 13.64 0 0 0 669 669
f1w_215 f0_286 f0_348 2.42 -2.42 14.05 0 0 0 661 655
f1w_216 f0_657 f0_838 -3.58 3.58 13.9 0 0 0 668 672
f1w_217 f0_500 f0_626 4.56 -4.56 10.71 0 0 0 657 688
f1w_219 f0_542 f0_853 0.98 -0.98 12.1 0 0 0 659 667
f1w_220 f0_600 f0_872 0.51 -0.51 14.8 0 0 0 672 668
f1w_223 f0_622 f0_969 0.13 -0.13 13.45 0 0 0 691 674
f1w_224 f0_287 f0_382 -1.33 1.33 11.68 0 0 0 649 672
f1w_225 f0_235 f0_863 -0.72 0.72 17.07 0 0 0 677 681
f1w_226 f0_686 f0_713 -5.29 5.29 11.06 0 0 0 653 660
f1w_228 f0_628 f0_897 1.77 -1.77 12.8 0 0 0 652 661
f1w_231 f0_358 f0_714 -1.23 1.23 13.51 0 0 0 669 650
f1w_232 f0_243 f0_375 -1.39 1.39 14.4 0 0 0 660 656
f1w_234 f0_480 f0_520 -2.83 2.83 13.77 0 0 0 689 670
f1w_236 f0_832 f0_848 0.57 -0.57 13.7 0 0 0 666 660
f1w_237 f0_519 f0_906 2.25 -2.25 13.01 0 0 0 662 667
f1w_238 f0_492 f0_947 1.36 -1.36 14.98 0 0 0 659 673
f1w_240 f0_470 f0_980 1.21 -1.21 13.45 0 0 0 648 658
f1w_241 f0_762 f0_989 -1.95 1.95 13.18 0 0 0 686 665
f1w_243 f0_231 f0_538 -2.35 2.35 12.27 0 0 0 680 670
f1w_244 f0_206 f0_829 -2.11 2.11 15.16 0 0 0 670 660
f1w_245 f0_234 f0_575 -1.89 1.89 13.23 0 0 0 681 670
f1w_246 f0_946 f0_951 -0.22 0.22 13.14 0 0 0 670 679
f1w_247 f0_725 f0_891 -0.96 0.96 13.94 0 0 0 689 667
f1w_250 f0_371 f0_980 5.8 -5.8 12.07 0 0 0 672 672
f1w_252 f0_277 f0_769 -1.96 1.96 12.51 0 0 0 669 657
f1w_254 f0_205 f0_862 -1.17 1.17 13.61 0 0 0 697 673
f1w_255 f0_944 f0_950 -5.02 5.02 10.43 0 0 0 685 676
f1w_256 f0_393 f0_962 2.64 -2.64 10.98 0 0 0 650 669
f1w_257 f0_404 f0_867 1.34 -1.34 14.82 0 0 0 667 657
f1w_259 f0_210 f0_525 4.41 -4.41 12.53 0 0 0 654 663
f1w_263 f0_566 f0_787 2.56 -2.56 11.77 0 0 0 667 686
f1w_266 f0_287 f0_482 -2.51 2.51 12.9 0 0 0 661 675
f1w_267 f0_565 f0_884 -4.07 4.07 11.96 0 0 0 668 667
f1w_269 f0_369 f0_427 -2.39 2.39 14.42 0 0 0 679 680
f1w_270 f0_279 f0_616 -0.91 0.91 13.77 0 0 0 691 688
f1w_271 f0_600 f0_776 1.02 -1.02 13.68 0 0 0 662 672
f1w_272 f0_558 f0_676 -0.31 0.31 12.58 0 0 0 675 673
f1w_273 f0_657 f0_848 2.7 -2.7 13.58 0 0 0 653 662
f1w_274 f0_209 f0_611 -4.65 4.65 11.28 0 0 0 670 659
f1w_276 f0_477 f0_772 3.72 -3.72 14.21 0 0 0 676 680
f1w_277 f0_512 f0_718 -4.12 4.12 13.98 0 0 0 672 677
f1w_279 f0_341 f0_696 -1.02 1.02 12.04 0 0 0 672 669
f1w_280 f0_295 f0_944 0.25 -0.25 14.67 0 0 0 700 689
f1w_281 f0_609 f0_782 0.08 -0.08 11.29 0 0 0 647 645
f1w_282 f0_314 f0_879 -3.42 3.42 11.9 0 0 0 674 668
f1w_286 f0_243 f0_473 -0.18 0.18 13.65 0 0 0 676 675
f1w_287 f0_734 f0_1000 -0.72 0.72 12.98 0 0 0 654 661
f1w_288 f0_628 f0_701 -0.47 0.47 14.26 0 0 0 648 656
f1w_289 f0_660 f0_756 -1.85 1.85 14.67 0 0 0 681 673
f1w_290 f0_246 f0_784 -2.49 2.49 12.43 0 0 0 656 677
f1w_291 f0_553 f0_709 2.93 -2.93 13.19 0 0 0 669 678
f1w_292 f0_626 f0_801 0.11 -0.11 13.98 0 0 0 674 658
f1w_294 f0_708 f0_933 -2.86 2.86 13.79 0 0 0 673 668
f1w_295 f0_243 f0_848 2.07 -2.07 12.9 0 0 0 674 670
f1w_297 f0_557 f0_930 -4.52 4.52 12.03 0 0 0 664 657
f1w_299 f0_392 f0_495 -3.27 3.27 13.68 0 0 0 686 698
f1w_301 f0_626 f0_822 0.34 -0.34 13.27 0 0 0 695 669
f1w_303 f0_786 f0_873 2.54 -2.54 12.38 0 0 0 662 663
f1w_305 f0_510 f0_644 -4.07 4.07 13.31 0 0 0 696 698
f1w_308 f0_582 f0_731 1.27 -1.27 12.51 0 0 0 674 685
f1w_314 f0_559 f0_841 -1.85 1.85 12.55 0 0 0 656 663
f1w_316 f0_274 f0_771 -1.12 1.12 12.99 0 0 0 661 671
f1w_318 f0_644 f0_761 0.55 -0.55 13.83 0 0 0 670 640
f1w_320 f0_604 f0_910 -1.43 1.43 14.75 0 0 0 669 672
f1w_321 f0_364 f0_903 -0.31 0.31 14.63 0 0 0 683 672
f1w_323 f0_291 f0_444 3.64 -3.64 14.96 0 0 0 675 678
f1w_324 f0_695 f0_779 4.26 -4.26 12.29 0 0 0 673 672
f1w_325 f0_614 f0_779 -1.94 1.94 14.22 0 0 0 651 643
f1w_326 f0_213 f0_794 -2.65 2.65 13.7 0 0 0 663 661
f1w_327 f0_236 f0_911 0.8 -0.8 14.13 0 0 0 678 691
f1w_329 f0_345 f0_532 -0.15 0.15 15.18 0 0 0 671 692
f1w_331 f0_513 f0_640 0.8 -0.8 12.2 0 0 0 673 663
f1w_332 f0_598 f0_823 0.08 -0.08 14.8 0 0 0 667 672
f1w_333 f0_455 f0_952 -1.6 1.6 14.14 0 0 0 689 659
f1w_335 f0_518 f0_832 -0.23 0.23 16.72 0 0 0 677 678
f1w_336 f0_235 f0_299 -2.68 2.68 11.91 0 0 0 667 654
f1w_339 f0_642 f0_700 2.03 -2.03 13.18 0 0 0 683 673
f1w_340 f0_564 f0_887 -0.02 0.02 14.87 0 0 0 670 659
f1w_341 f0_385 f0_965 2.71 -2.71 13.03 0 0 0 642 634
f1w_342 f0_499 f0_594 -0.8 0.8 13.09 0 0 0 648 656
f1w_343 f0_459 f0_886 -0.74 0.74 15.7 0 0 0 683 690
f1w_345 f0_439 f0_805 -0.95 0.95 14.59 0 0 0 668 677
f1w_348 f0_312 f0_810 -0.4 0.4 14.52 0 0 0 665 681
f1w_350 f0_537 f0_922 1.67 -1.67 13.87 0 0 0 672 685
f1w_354 f0_696 f0_965 -2.55 2.55 13.21 0 0 0 684 664
f1w_355 f0_538 f0_840 5.42 -5.42 12.9 0 0 0 682 672
f1w_356 f0_295 f0_547 1.55 -1.55 13.8 0 0 0 691 663
f1w_358 f0_278 f0_601 3.17 -3.17 12.72 0 0 0 679 660
f1w_359 f0_208 f0_302 -0.06 0.06 14.52 0 0 0 687 671
f1w_360 f0_277 f0_278 -0.11 0.11 12.78 0 0 0 668 661
f1w_362 f0_439 f0_873 2.8 -2.8 13.45 0 0 0 676 677
f1w_363 f0_650 f0_692 -2.51 2.51 12.55 0 0 0 678 660
f1w_364 f0_290 f0_929 -1.32 1.32 13.42 0 0 0 673 676
f1w_367 f0_210 f0_262 -1.15 1.15 13.2 0 0 0 670 672
f1w_368 f0_426 f0_502 1.23 -1.23 14.26 0 0 0 646 655
f1w_370 f0_505 f0_842 0.78 -0.78 12.4 0 0 0 650 658
f1w_371 f0_645 f0_660 -1.13 1.13 14.85 0 0 0 675 677
f1w_372 f0_292 f0_977 0.27 -0.27 15.3 0 0 0 681 670
f1w_375 f0_422 f0_906 -1.78 1.78 12.4 0 0 0 673 675
f1w_379 f0_205 f0_532 -3.82 3.82 10.56 0 0 0 679 683
f1w_380 f0_371 f0_461 2.52 -2.52 12.28 0 0 0 661 651
f1w_384 f0_426 f0_913 2.07 -2.07 13.96 0 0 0 646 657
f1w_386 f0_210 f0_310 -0.28 0.28 13.81 0 0 0 662 654
f1w_390 f0_238 f0_528 -3.7 3.7 12.94 0 0 0 677 668
f1w_393 f0_419 f0_547 1.35 -1.35 13.46 0 0 0 678 668
f1w_395 f0_449 f0_986 0.53 -0.53 14.6 0 0 0 687 664
f1w_396 f0_772 f0_804 0.24 -0.24 13.56 0 0 0 688 672
f1w_398 f0_528 f0_685 -1.7 1.7 13.96 0 0 0 668 673
f1w_399 f0_666 f0_739 0.52 -0.52 14.7 0 0 0 672 668
f1w_401 f0_413 f0_800 1.29 -1.29 13.55 0 0 0 668 680
f1w_406 f0_248 f0_439 -3.27 3.27 14.3 0 0 0 689 685
f1w_407 f0_519 f0_620 3.79 -3.79 10.72 0 0 0 667 664
f1w_408 f0_537 f0_582 1.2 -1.2 11.67 0 0 0 657 668
f1w_409 f0_310 f0_687 -0.25 0.25 11.76 0 0 0 662 660
f1w_410 f0_663 f0_823 3.26 -3.26 11 0 0 0 654 667
f1w_414 f0_358 f0_666 2.89 -2.89 15.23 0 0 0 668 676
f1w_415 f0_581 f0_913 -0.35 0.35 13.9 0 0 0 678 672
f1w_416 f0_370 f0_641 0.09 -0.09 13.93 0 0 0 678 670
f1w_417 f0_518 f0_611 -2.33 2.33 12.19 0 0 0 664 650
f1w_418 f0_322 f0_646 -3.09 3.09 12.39 0 0 0 677 666
f1w_422 f0_670 f0_889 -0.93 0.93 12.21 0 0 0 674 682
f1w_424 f0_351 f0_966 0.3 -0.3 15.33 0 0 0 674 672
f1w_425 f0_281 f0_478 0.09 -0.09 12.1 0 0 0 646 648
f1w_426 f0_369 f0_671 1.63 -1.63 13.9 0 0 0 673 674
f1w_429 f0_458 f0_757 0.51 -0.51 13.12 0 0 0 675 655
f1w_432 f0_649 f0_848 3.07 -3.07 11.93 0 0 0 643 669
f1w_433 f0_450 f0_630 0.81 -0.81 12.85 0 0 0 668 655
f1w_435 f0_374 f0_566 -2.76 2.76 11.95 0 0 0 672 666
f1w_437 f0_565 f0_861 1.05 -1.05 15.01 0 0 0 661 656
f1w_438 f0_434 f0_984 3.47 -3.47 11.55 0 0 0 682 671
f1w_440 f0_601 f0_826 -3.27 3.27 12.27 0 0 0 649 650
f1w_442 f0_262 f0_889 -0.83 0.83 12.66 0 0 0 667 661
f1w_443 f0_392 f0_441 -2.21 2.21 15.09 0 0 0 681 675
f1w_444 f0_526 f0_630 1.13 -1.13 12.34 0 0 0 663 645
f1w_445 f0_740 f0_850 -1.57 1.57 13.58 0 0 0 666 669
f1w_449 f0_581 f0_655 -1.18 1.18 12.28 0 0 0 677 676
f1w_450 f0_437 f0_743 -2.45 2.45 12.58 0 0 0 670 652
f1w_453 f0_541 f0_814 -1.95 1.95 13.26 0 0 0 677 664
f1w_455 f0_518 f0_538 -1.45 1.45 13.06 0 0 0 666 664
f1w_457 f0_352 f0_791 -4.45 4.45 9.82 0 0 0 655 665
f1w_458 f0_208 f0_425 0.68 -0.68 14.61 0 0 0 679 672
f1w_459 f0_534 f0_918 -4.52 4.52 11.13 0 0 0 662 660
f1w_460 f0_754 f0_992 1.85 -1.85 12.76 0 0 0 660 662
f1w_462 f0_878 f0_900 1.44 -1.44 12.29 0 0 0 648 649
f1w_463 f0_762 f0_814 -0.33 0.33 15.39 0 0 0 684 675
f1w_466 f0_521 f0_550 -3.53 3.53 12.18 0 0 0 675 674
f1w_470 f0_414 f0_794 -2.72 2.72 13.3 0 0 0 660 640
f1w_471 f0_231 f0_362 -0.96 0.96 14.1 0 0 0 672 653
f1w_472 f0_539 f0_611 -1.18 1.18 11.86 0 0 0 675 658
f1w_473 f0_636 f0_777 1.47 -1.47 12.86 0 0 0 662 662
f1w_474 f0_456 f0_921 -2.22 2.22 11.33 0 0 0 647 660
f1w_476 f0_233 f0_268 4.37 -4.37 11.38 0 0 0 668 663
f1w_477 f0_354 f0_411 0.7 -0.7 13.8 0 0 0 662 667
f1w_478 f0_674 f0_721 0.64 -0.64 14.21 0 0 0 677 673
f1w_479 f0_612 f0_844 -4.05 4.05 11.53 0 0 0 667 667
f1w_481 f0_217 f0_699 -4.44 4.44 10.63 0 0 0 688 672
f1w_486 f0_532 f0_797 1.01 -1.01 12.19 0 0 0 690 665
f1w_488 f0_390 f0_948 0.6 -0.6 13.64 0 0 0 680 656
f1w_490 f0_384 f0_526 0.8 -0.8 12.16 0 0 0 672 691
f1w_491 f0_233 f0_961 3.56 -3.56 12.22 0 0 0 677 679
f1w_494 f0_255 f0_390 0.91 -0.91 14.6 0 0 0 656 679
f1w_495 f0_545 f0_917 0.02 -0.02 12.86 0 0 0 669 678
f1w_497 f0_373 f0_381 0.14 -0.14 13.73 0 0 0 670 657
f1w_498 f0_261 f0_463 2.18 -2.18 11.91 0 0 0 671 656
f1w_500 f0_227 f0_777 -2.53 2.53 11.87 0 0 0 685 660
f2_1 f1h_285 f1w_77 2.3 -2.3 13.19 0 0 0 666 665
f2_5 f1h_135 f1h_136 3.37 -3.37 12.37 0 0 0 669 666
f2_6 f1h_5 f1h_74 1.8 -1.8 13.89 0 0 0 674 674
f2_7 f1w_340 f1w_359 1.1 -1.1 13.76 0 0 0 667 690
f2_8 f1h_268 f1h_451 0.79 -0.79 14.05 0 0 0 666 658
f2_9 f1h_345 f1w_268 1.71 -1.71 11.84 0 0 0 654 679
f2_11 f1h_348 f1w_371 1.97 -1.97 12.85 0 0 0 658 676
f2_14 f1w_56 f1w_348 0.12 -0.12 13.22 0 0 0 661 665
f2_17 f1h_247 f1w_29 2.25 -2.25 10.16 0 0 0 671 666
f2_22 f1h_77 f1w_4 -4.58 4.58 12.14 0 0 0 660 678
f2_23 f1h_53 f1h_458 -2.14 2.14 12.14 0 0 0 665 665
f2_24 f1w_184 f1w_226 1.08 -1.08 13.06 0 0 0 666 659
f2_25 f1h_135 f1h_455 -2.83 2.83 13.19 0 0 0 674 668
f2_28 f1h_273 f1w_387 2.56 -2.56 13.25 0 0 0 675 664
f2_29 f1h_148 f1w_461 1.02 -1.02 13.62 0 0 0 674 656
f2_32 f1h_309 f1w_290 -0.92 0.92 10.8 0 0 0 668 671
f2_34 f1w_50 f1w_288 -4.99 4.99 12.01 0 0 0 672 660
f2_36 f1h_175 f1w_26 4.81 -4.81 12.29 0 0 0 657 672
f2_39 f1h_177 f1w_437 2.69 -2.69 12.88 0 0 0 660 661
f2_40 f1h_389 f1w_323 6.99 -6.99 11.7 0 0 0 659 686
f2_41 f1h_104 f1h_353 2.86 -2.86 10.28 0 0 0 687 671
f2_43 f1h_140 f1w_448 -0.03 0.03 13.17 0 0 0 673 655
f2_47 f1w_379 f1w_392 -1.18 1.18 11.71 0 0 0 677 671
f2_49 f1h_472 f1w_242 -1.92 1.92 11.73 0 0 0 658 665
f2_51 f1h_16 f1w_399 2.22 -2.22 11.52 0 0 0 667 667
f2_52 f1h_424 f1w_399 -1.81 1.81 10.12 0 0 0 658 663
f2_54 f1h_186 f1w_301 2.24 -2.24 12.14 0 0 0 679 678
f2_56 f1w_291 f1w_430 -2.33 2.33 11.18 0 0 0 667 656
f2_60 f1w_408 f1w_491 -1.1 1.1 15 0 0 0 657 666
f2_62 f1h_88 f1h_332 -1.26 1.26 14.72 0 0 0 680 672
f2_63 f1h_303 f1w_284 1.22 -1.22 12.12 0 0 0 669 681
f2_66 f1h_12 f1h_326 3.43 -3.43 12.46 0 0 0 672 666
f2_67 f1h_49 f1h_356 2.92 -2.92 13.98 0 0 0 666 668
f2_68 f1w_147 f1w_152 1.97 -1.97 14.53 0 0 0 667 683
f2_70 f1h_184 f1h_210 -0.15 0.15 12.74 0 0 0 679 668
f2_71 f1h_224 f1h_423 0.88 -0.88 14.78 0 0 0 664 663
f2_74 f1w_305 f1w_498 0.11 -0.11 15.49 0 0 0 686 676
f2_75 f1h_53 f1h_401 -2.47 2.47 13.45 0 0 0 667 674
f2_77 f1w_32 f1w_187 0.3 -0.3 13.74 0 0 0 652 673
f2_79 f1h_215 f1w_376 0.04 -0.04 14.08 0 0 0 683 680
f2_81 f1h_329 f1w_237 -0.07 0.07 14.16 0 0 0 661 660
f2_82 f1h_114 f1w_311 -2.5 2.5 11.17 0 0 0 670 657
f2_83 f1h_335 f1w_50 3.02 -3.02 14.09 0 0 0 683 676
f2_88 f1h_226 f1h_269 -2.09 2.09 13.57 0 0 0 652 663
f2_90 f1h_417 f1w_151 1.85 -1.85 15.11 0 0 0 665 677
f2_93 f1w_142 f1w_463 -1.39 1.39 13.91 0 0 0 661 662
f2_95 f1h_116 f1w_485 -1.12 1.12 12.11 0 0 0 641 650
f2_97 f1h_72 f1h_417 0.72 -0.72 13.27 0 0 0 650 647
f2_100 f1w_132 f1w_206 -0.13 0.13 15.15 0 0 0 679 663
f2_101 f1w_212 f1w_391 -2.64 2.64 12.36 0 0 0 675 678
f2_102 f1h_87 f1h_358 -1.46 1.46 14.83 0 0 0 661 663
f2_105 f1h_186 f1w_279 1.77 -1.77 12.12 0 0 0 680 672
f2_106 f1h_177 f1h_300 0.32 -0.32 12.56 0 0 0 654 666
f2_107 f1h_91 f1w_95 -2.42 2.42 13.94 0 0 0 675 670
f2_109 f1w_35 f1w_190 2.75 -2.75 13.97 0 0 0 664 656
f2_110 f1h_6 f1h_98 -1.76 1.76 14.21 0 0 0 692 672
f2_111 f1h_274 f1w_220 2.96 -2.96 12.73 0 0 0 672 671
f2_112 f1w_313 f1w_497 2.21 -2.21 12.32 0 0 0 647 657
f2_113 f1w_6 f1w_92 -1.81 1.81 12.45 0 0 0 654 661
f2_114 f1h_397 f1w_348 2.59 -2.59 14.71 0 0 0 665 666
f2_115 f1h_242 f1w_294 1.83 -1.83 14.25 0 0 0 657 655
f2_117 f1h_177 f1h_463 5.13 -5.13 11.07 0 0 0 656 677
f2_118 f1h_140 f1w_188 -1.33 1.33 11.86 0 0 0 664 652
f2_120 f1h_128 f1h_469 1.67 -1.67 13.15 0 0 0 648 637
f2_121 f1h_87 f1h_407 -3.66 3.66 12.59 0 0 0 664 664
f2_123 f1h_199 f1h_246 -1.59 1.59 12.53 0 0 0 663 670
f2_124 f1h_314 f1w_464 2.55 -2.55 13.59 0 0 0 672 673
f2_126 f1h_74 f1h_100 -1.57 1.57 12.42 0 0 0 676 675
f2_131 f1w_73 f1w_168 1.89 -1.89 10.69 0 0 0 655 656
f2_132 f1w_373 f1w_397 0.71 -0.71 14.45 0 0 0 668 667
f2_135 f1h_338 f1w_333 -2.31 2.31 12.22 0 0 0 667 672
f2_136 f1h_75 f1h_280 -1.98 1.98 12.89 0 0 0 678 676
f2_137 f1h_131 f1h_283 -0.53 0.53 14.18 0 0 0 673 695
f2_138 f1w_108 f1w_318 2.23 -2.23 13.14 0 0 0 652 660
f2_140 f1w_47 f1w_343 1.8 -1.8 14.26 0 0 0 674 674
f2_141 f1h_342 f1w_332 -0.25 0.25 13.56 0 0 0 674 673
f2_142 f1h_78 f1w_403 -0.73 0.73 13.55 0 0 0 671 685
f2_145 f1h_356 f1w_357 0.08 -0.08 15.35 0 0 0 681 671
f2_146 f1w_401 f1w_441 1.61 -1.61 14.46 0 0 0 666 683
f2_150 f1h_275 f1w_441 -0.74 0.74 16.49 0 0 0 686 682
f2_153 f1h_358 f1w_26 1.54 -1.54 16.17 0 0 0 683 673
f2_155 f1h_131 f1w_129 -1.66 1.66 13.67 0 0 0 659 673
f2_156 f1h_118 f1h_262 -3.41 3.41 11.81 0 0 0 666 668
f2_159 f1h_98 f1h_246 -2.43 2.43 13.31 0 0 0 666 667
f2_163 f1h_244 f1w_92 2.29 -2.29 12.49 0 0 0 665 661
f2_166 f1h_68 f1h_427 -1.94 1.94 12.67 0 0 0 659 664
f2_168 f1h_319 f1h_331 0.91 -0.91 14.2 0 0 0 670 688
f2_173 f1h_334 f1h_389 -0.05 0.05 13.14 0 0 0 673 664
f2_174 f1h_420 f1w_150 1.95 -1.95 10.87 0 0 0 679 675
f2_183 f1h_301 f1w_490 2.47 -2.47 12.27 0 0 0 668 671
f2_184 f1w_32 f1w_481 -1.13 1.13 14.58 0 0 0 674 686
f2_186 f1h_8 f1w_296 2.51 -2.51 14.04 0 0 0 655 676
f2_187 f1h_322 f1w_231 -1.53 1.53 12.73 0 0 0 680 674
f2_190 f1h_185 f1h_275 -0.14 0.14 20.66 0 0 0 679 700
f2_191 f1h_356 f1w_26 -1.01 1.01 13.49 0 0 0 689 688
f2_192 f1h_6 f1h_424 -2.99 2.99 11.54 0 0 0 672 655
f2_195 f1w_208 f1w_216 1.13 -1.13 15.41 0 0 0 677 680
f2_196 f1h_118 f1h_348 -5.28 5.28 10.07 0 0 0 666 655
f2_197 f1h_48 f1w_130 -0.44 0.44 14.78 0 0 0 679 683
f2_198 f1h_185 f1w_377 1.27 -1.27 14.12 0 0 0 676 680
f2_199 f1h_269 f1w_144 0.69 -0.69 14.06 0 0 0 677 678
f2_202 f1h_339 f1w_348 0.19 -0.19 14.99 0 0 0 677 675
f2_203 f1h_149 f1w_320 -0.43 0.43 13.21 0 0 0 674 666
f2_206 f1h_33 f1h_460 1.25 -1.25 14.1 0 0 0 671 664
f2_208 f1h_159 f1h_183 3.52 -3.52 13.88 0 0 0 658 644
f2_210 f1h_323 f1w_147 1.02 -1.02 13.54 0 0 0 667 641
f2_213 f1h_253 f1w_281 -3.1 3.1 13.61 0 0 0 682 658
f2_215 f1h_52 f1h_325 1.8 -1.8 12.44 0 0 0 668 680
f2_220 f1w_284 f1w_453 4.34 -4.34 12.75 0 0 0 678 654
f2_221 f1w_107 f1w_420 2.11 -2.11 13.28 0 0 0 676 657
f2_224 f1h_273 f1w_395 -2.23 2.23 12.06 0 0 0 653 647
f2_225 f1h_93 f1h_496 0.41 -0.41 14.81 0 0 0 682 696
f2_226 f1w_176 f1w_268 -6.31 6.31 8.26 0 0 0 665 686
f2_227 f1h_425 f1w_216 3.11 -3.11 14.67 0 0 0 678 675
f2_228 f1w_298 f1w_347 4.09 -4.09 11.96 0 0 0 667 661
f2_229 f1h_40 f1h_434 2.43 -2.43 11.96 0 0 0 676 683
f2_230 f1h_155 f1w_126 -3.06 3.06 13.64 0 0 0 681 682
f2_232 f1h_75 f1w_126 0.44 -0.44 14.2 0 0 0 674 680
f2_233 f1h_39 f1w_196 0.39 -0.39 14.87 0 0 0 656 689
f2_234 f1h_269 f1h_309 -1.49 1.49 14.39 0 0 0 677 674
f2_236 f1w_6 f1w_187 -0.86 0.86 13.81 0 0 0 670 688
f2_238 f1h_319 f1w_173 -0.36 0.36 14.24 0 0 0 664 671
f2_239 f1h_74 f1h_402 0.26 -0.26 14.07 0 0 0 676 676
f2_241 f1h_303 f1w_119 1.61 -1.61 11.25 0 0 0 663 661
f2_245 f1h_159 f1w_467 -1.54 1.54 12.36 0 0 0 676 669
f2_246 f1h_241 f1w_472 -1.06 1.06 12.21 0 0 0 666 672
f2_249 f1h_442 f1w_406 3.62 -3.62 12.62 0 0 0 672 686
f2_250 f1h_334 f1w_76 3.45 -3.45 11.6 0 0 0 631 634
f2_251 f1h_22 f1h_241 -0.65 0.65 12.38 0 0 0 657 668
f2_252 f1h_317 f1w_4 -0.55 0.55 14.29 0 0 0 674 696
f2_254 f1h_209 f1w_345 1 -1 12.06 0 0 0 670 661
f2_255 f1w_288 f1w_497 -0.27 0.27 13.17 0 0 0 676 667
f2_256 f1h_77 f1h_154 -0.92 0.92 14.26 0 0 0 671 654
f2_259 f1w_38 f1w_76 -1.88 1.88 12.59 0 0 0 650 655
f2_261 f1h_49 f1w_429 0.4 -0.4 12.94 0 0 0 684 666
f2_262 f1h_342 f1h_432 2.7 -2.7 14.82 0 0 0 675 673
f2_263 f1h_302 f1w_77 -0.19 0.19 13.71 0 0 0 678 659
f2_264 f1h_247 f1w_215 -0.03 0.03 13.96 0 0 0 679 676
f2_266 f1h_473 f1w_330 -3.21 3.21 11.11 0 0 0 687 688
f2_270 f1w_307 f1w_459 -2.52 2.52 13.14 0 0 0 673 665
f2_271 f1h_13 f1w_345 0.27 -0.27 12.18 0 0 0 653 669
f2_272 f1h_484 f1w_287 -0.62 0.62 15.7 0 0 0 659 662
f2_274 f1h_492 f1w_28 4.6 -4.6 11.61 0 0 0 675 675
f2_275 f1h_45 f1h_76 -0.08 0.08 13.57 0 0 0 667 660
f2_276 f1h_200 f1w_140 1.4 -1.4 13.91 0 0 0 664 669
f2_277 f1h_215 f1w_497 -1.39 1.39 12.2 0 0 0 672 653
f2_278 f1h_269 f1w_417 -0.29 0.29 13.61 0 0 0 669 665
f2_279 f1h_348 f1w_427 2.79 -2.79 12.52 0 0 0 661 662
f2_280 f1w_177 f1w_214 0.5 -0.5 13.35 0 0 0 688 670
f2_282 f1h_8 f1w_217 0.15 -0.15 13.84 0 0 0 668 670
f2_285 f1h_184 f1w_240 2.13 -2.13 12.84 0 0 0 672 655
f2_286 f1h_321 f1w_427 0.42 -0.42 13 0 0 0 653 651
f2_287 f1h_310 f1h_380 -2.28 2.28 13.6 0 0 0 690 688
f2_291 f1h_133 f1w_103 -3.37 3.37 12.78 0 0 0 671 680
f2_292 f1h_479 f1w_466 2.4 -2.4 14.02 0 0 0 687 679
f2_293 f1h_140 f1w_50 1.69 -1.69 14.46 0 0 0 684 673
f2_294 f1w_135 f1w_362 -0.69 0.69 13.89 0 0 0 667 681
f2_296 f1h_326 f1h_447 -2.57 2.57 14.17 0 0 0 675 673
f2_297 f1h_477 f1w_132 -1.98 1.98 12.71 0 0 0 671 682
f2_298 f1h_105 f1h_134 -0.27 0.27 13.89 0 0 0 662 674
f2_300 f1h_4 f1h_346 -0.09 0.09 13.05 0 0 0 676 678
f2_303 f1h_270 f1w_168 3.73 -3.73 10.02 0 0 0 676 663
f2_304 f1w_31 f1w_207 -0.65 0.65 14.99 0 0 0 666 662
f2_309 f1w_321 f1w_454 -0.09 0.09 14.43 0 0 0 682 673
f2_311 f1h_5 f1w_343 -1.17 1.17 13.03 0 0 0 664 665
f2_312 f1w_44 f1w_410 -3.14 3.14 12.47 0 0 0 675 669
f2_313 f1h_292 f1w_315 1.07 -1.07 14.74 0 0 0 671 677
f2_314 f1h_480 f1w_167 3.2 -3.2 9.92 0 0 0 665 667
f2_315 f1h_124 f1h_470 0.77 -0.77 12.25 0 0 0 676 663
f2_316 f1h_245 f1w_444 -3.05 3.05 10.55 0 0 0 676 648
f2_317 f1h_306 f1w_445 -7.98 7.98 11.52 0 0 0 688 677
f2_320 f1w_139 f1w_379 -1.13 1.13 13.92 0 0 0 666 666
f2_322 f1w_142 f1w_310 3.22 -3.22 14.74 0 0 0 675 674
f2_323 f1h_396 f1w_42 -0.31 0.31 15.15 0 0 0 659 671
f2_324 f1h_417 f1h_432 1.54 -1.54 14.99 0 0 0 674 680
f2_326 f1w_225 f1w_417 -2.79 2.79 14.01 0 0 0 683 667
f2_327 f1h_127 f1w_100 2.6 -2.6 13.61 0 0 0 651 662
f2_330 f1w_125 f1w_488 4.56 -4.56 11.16 0 0 0 655 665
f2_332 f1h_30 f1w_398 -1.49 1.49 15.44 0 0 0 670 670
f2_333 f1h_62 f1h_329 1.79 -1.79 11.84 0 0 0 656 657
f2_334 f1h_203 f1w_109 -2.38 2.38 12.36 0 0 0 666 661
f2_337 f1h_275 f1w_238 -2.14 2.14 16.6 0 0 0 682 680
f2_342 f1w_154 f1w_442 -0.4 0.4 13.09 0 0 0 652 640
f2_347 f1h_251 f1w_179 0.64 -0.64 13.24 0 0 0 670 651
f2_348 f1h_97 f1w_478 -2.32 2.32 14.27 0 0 0 649 655
f2_349 f1h_449 f1w_377 0.65 -0.65 12.73 0 0 0 657 659
f2_351 f1w_169 f1w_232 0.62 -0.62 13.61 0 0 0 663 657
f2_356 f1w_116 f1w_497 -2.21 2.21 14.34 0 0 0 675 650
f2_359 f1h_248 f1w_253 -0.76 0.76 13.18 0 0 0 668 675
f2_361 f1h_420 f1w_404 1.37 -1.37 11.5 0 0 0 677 671
f2_363 f1h_382 f1w_335 -0.44 0.44 14.02 0 0 0 661 660
f2_364 f1w_25 f1w_111 3.91 -3.91 11.41 0 0 0 671 668
f2_366 f1h_111 f1w_147 -0.58 0.58 13.8 0 0 0 650 651
f2_368 f1h_267 f1w_316 -0.74 0.74 13.12 0 0 0 688 675
f2_369 f1h_161 f1w_455 -0.26 0.26 12.24 0 0 0 669 665
f2_371 f1w_276 f1w_388 -0.69 0.69 14.63 0 0 0 676 673
f2_373 f1h_167 f1w_376 -1.04 1.04 13.09 0 0 0 659 669
f2_378 f1h_303 f1w_462 1.04 -1.04 11.13 0 0 0 664 648
f2_382 f1h_70 f1w_121 0.77 -0.77 13.11 0 0 0 654 645
f2_383 f1h_212 f1h_324 1.02 -1.02 15.13 0 0 0 675 679
f2_385 f1h_16 f1w_325 0.79 -0.79 13.19 0 0 0 672 647
f2_390 f1h_41 f1w_266 2.42 -2.42 13.05 0 0 0 656 671
f2_391 f1h_205 f1w_247 0.19 -0.19 14.42 0 0 0 642 672
f2_392 f1h_367 f1w_478 1.63 -1.63 15.44 0 0 0 657 672
f2_393 f1h_334 f1w_135 2.32 -2.32 13.28 0 0 0 659 665
f2_394 f1h_369 f1w_173 -1.31 1.31 13.99 0 0 0 662 661
f2_396 f1w_69 f1w_276 -1.78 1.78 13 0 0 0 655 665
f2_397 f1h_241 f1w_78 -0.43 0.43 14.64 0 0 0 666 661
f2_399 f1h_261 f1w_481 1.19 -1.19 12.12 0 0 0 685 683
f2_400 f1h_134 f1h_492 -6.99 6.99 10.55 0 0 0 676 674
f2_401 f1h_82 f1h_244 0.81 -0.81 12.98 0 0 0 673 690
f2_404 f1h_88 f1w_5 1.55 -1.55 12.61 0 0 0 666 657
f2_405 f1h_417 f1h_471 -1.8 1.8 12.84 0 0 0 674 667
f2_406 f1h_324 f1w_115 -1.39 1.39 13.51 0 0 0 687 686
f2_407 f1h_389 f1w_394 -1.79 1.79 11.85 0 0 0 673 670
f2_408 f1h_41 f1w_458 0.59 -0.59 13.82 0 0 0 683 688
f2_409 f1h_3 f1w_121 -0.55 0.55 13.93 0 0 0 684 667
f2_411 f1h_400 f1h_498 0.38 -0.38 14.87 0 0 0 663 661
f2_413 f1h_102 f1w_98 -1.9 1.9 12.2 0 0 0 672 670
f2_414 f1h_32 f1h_160 -0.4 0.4 13.01 0 0 0 680 679
f2_415 f1h_246 f1w_45 1.71 -1.71 10.23 0 0 0 657 660
f2_417 f1w_100 f1w_190 -1.5 1.5 13.32 0 0 0 676 663
f2_418 f1h_232 f1w_311 -1.29 1.29 12.01 0 0 0 672 663
f2_419 f1h_343 f1h_408 -1.22 1.22 15.25 0 0 0 666 674
f2_420 f1h_113 f1h_347 0.24 -0.24 13.92 0 0 0 655 663
f2_421 f1h_108 f1w_484 -0.41 0.41 14.19 0 0 0 650 664
f2_423 f1w_160 f1w_320 -0.34 0.34 14.59 0 0 0 665 665
f2_425 f1h_239 f1w_4 0.14 -0.14 15.3 0 0 0 668 677
f2_426 f1w_113 f1w_296 -3.17 3.17 13.02 0 0 0 668 675
f2_432 f1w_59 f1w_122 -0.81 0.81 15.09 0 0 0 669 680
f2_433 f1h_30 f1h_288 0.82 -0.82 15.51 0 0 0 669 677
f2_437 f1w_15 f1w_470 2.12 -2.12 14.83 0 0 0 671 658
f2_447 f1h_41 f1h_360 0.22 -0.22 14.47 0 0 0 667 679
f2_448 f1h_48 f1w_255 -1.56 1.56 15.17 0 0 0 692 698
f2_451 f1h_154 f1w_267 -1.65 1.65 11.77 0 0 0 658 673
f2_452 f1h_441 f1w_75 3.51 -3.51 11.25 0 0 0 660 671
f2_454 f1w_155 f1w_195 1.35 -1.35 12.35 0 0 0 666 652
f2_457 f1h_195 f1h_419 4.09 -4.09 11 0 0 0 676 661
f2_459 f1w_254 f1w_364 2.74 -2.74 10.85 0 0 0 681 662
f2_461 f1h_161 f1w_29 0.13 -0.13 13.91 0 0 0 671 671
f2_462 f1h_166 f1w_150 -1.56 1.56 14.12 0 0 0 682 674
f2_464 f1h_42 f1w_213 -2.22 2.22 12.17 0 0 0 674 661
f2_465 f1h_183 f1h_221 -3.03 3.03 12.19 0 0 0 656 675
f2_473 f1h_227 f1h_492 -0.42 0.42 11.36 0 0 0 655 660
f2_476 f1h_24 f1h_483 1.41 -1.41 19.04 0 0 0 649 645
f2_478 f1h_52 f1w_211 -0.75 0.75 14.21 0 0 0 664 665
f2_479 f1h_404 f1w_497 -1.4 1.4 12.44 0 0 0 669 663
f2_480 f1w_39 f1w_191 -1 1 11.83 0 0 0 662 667
f2_482 f1h_285 f1w_367 -1.8 1.8 14.06 0 0 0 679 682
f2_483 f1h_88 f1w_41 -0.81 0.81 14.64 0 0 0 679 672
f2_484 f1h_171 f1h_216 -3.39 3.39 11.87 0 0 0 671 659
f2_485 f1h_380 f1w_441 0.79 -0.79 14.52 0 0 0 674 688
f2_490 f1w_226 f1w_373 -1.85 1.85 13.43 0 0 0 664 664
f2_491 f1h_189 f1w_209 -1.18 1.18 12.97 0 0 0 670 675
f2_492 f1h_489 f1w_323 -0.93 0.93 15.1 0 0 0 674 682
f2_494 f1w_48 f1w_270 -1.99 1.99 14 0 0 0 688 690
f2_495 f1h_429 f1w_70 -0.56 0.56 14.93 0 0 0 679 669
f2_497 f1h_171 f1w_398 -2.49 2.49 11.15 0 0 0 649 650
f2_498 f1h_358 f1w_457 -1.8 1.8 10.87 0 0 0 684 653
f2_499 f1w_121 f1w_226 -0.92 0.92 14 0 0 0 660 667
f2_502 f1h_449 f1w_339 3.29 -3.29 11.71 0 0 0 670 668
f2_504 f1h_182 f1w_49 0.83 -0.83 14.94 0 0 0 692 686
f2_506 f1h_197 f1w_151 0.72 -0.72 13.55 0 0 0 662 680
f2_509 f1h_271 f1w_267 -3.14 3.14 13.01 0 0 0 675 682
f2_510 f1h_91 f1w_371 0.8 -0.8 14.61 0 0 0 653 668
f2_511 f1w_110 f1w_232 -0.04 0.04 13.19 0 0 0 664 653
f2_514 f1h_334 f1w_440 2.67 -2.67 12.86 0 0 0 677 676
f2_515 f1h_425 f1w_367 -0.58 0.58 14.17 0 0 0 674 670
f2_516 f1h_42 f1h_184 0.26 -0.26 14.56 0 0 0 669 677
f2_517 f1h_428 f1w_460 -2.85 2.85 12.15 0 0 0 668 657
f2_518 f1h_56 f1w_344 -1.27 1.27 13.22 0 0 0 657 658
f2_519 f1h_17 f1h_28 -3.15 3.15 14.47 0 0 0 661 676
f2_522 f1w_196 f1w_245 1.6 -1.6 13.39 0 0 0 682 670
f2_526 f1h_409 f1w_201 -2.28 2.28 13.61 0 0 0 681 663
f2_527 f1h_136 f1w_328 -0.31 0.31 13.15 0 0 0 663 674
f2_528 f1h_260 f1w_298 -3.14 3.14 12.36 0 0 0 687 676
f2_530 f1w_151 f1w_471 -0.46 0.46 16.56 0 0 0 686 665
f2_532 f1h_147 f1h_254 0.78 -0.78 12.38 0 0 0 669 675
f2_533 f1h_210 f1h_329 -0.12 0.12 12.64 0 0 0 661 659
f2_534 f1h_38 f1h_217 -0.97 0.97 13.58 0 0 0 648 658
f2_537 f1h_149 f1w_417 2.16 -2.16 13.74 0 0 0 683 664
f2_538 f1h_14 f1h_347 0.02 -0.02 14.38 0 0 0 664 669
f2_540 f1h_150 f1w_13 -1.48 1.48 15.22 0 0 0 665 676
f2_542 f1h_158 f1w_213 -3.39 3.39 14.03 0 0 0 683 661
f2_548 f1h_90 f1h_417 2.69 -2.69 11.53 0 0 0 659 677
f2_550 f1h_376 f1w_199 1.95 -1.95 12.63 0 0 0 667 669
f2_551 f1w_36 f1w_475 -2.84 2.84 13.2 0 0 0 660 661
f2_553 f1h_256 f1w_215 -0.44 0.44 14.34 0 0 0 667 674
f2_560 f1h_262 f1h_440 0.9 -0.9 14.65 0 0 0 674 668
f2_561 f1h_434 f1w_421 0.09 -0.09 14.31 0 0 0 686 673
f2_562 f1h_334 f1w_33 4.15 -4.15 11.93 0 0 0 661 663
f2_564 f1h_368 f1w_424 1.9 -1.9 14.87 0 0 0 674 669
f2_566 f1h_223 f1w_435 1.98 -1.98 11.66 0 0 0 650 669
f2_568 f1h_89 f1w_118 -0.63 0.63 13.16 0 0 0 651 656
f2_569 f1w_98 f1w_314 -3.96 3.96 9.46 0 0 0 672 670
f2_570 f1h_159 f1w_86 -2.12 2.12 12.09 0 0 0 678 655
f2_574 f1h_195 f1w_45 -0.63 0.63 13.68 0 0 0 672 658
f2_575 f1h_378 f1w_155 0.11 -0.11 12.04 0 0 0 660 667
f2_577 f1h_348 f1w_139 -1.31 1.31 12.16 0 0 0 650 662
f2_578 f1w_33 f1w_484 -0.48 0.48 14.52 0 0 0 679 681
f2_581 f1h_216 f1h_409 0.92 -0.92 15.01 0 0 0 651 676
f2_582 f1h_194 f1w_270 -1.35 1.35 13.15 0 0 0 681 688
f2_583 f1h_99 f1w_451 6.68 -6.68 11.33 0 0 0 681 685
f2_586 f1h_266 f1w_367 -2.57 2.57 13.51 0 0 0 662 669
f2_589 f1h_49 f1h_180 0.66 -0.66 13.19 0 0 0 676 664
f2_590 f1w_254 f1w_276 0.14 -0.14 13.55 0 0 0 697 685
f2_595 f1h_120 f1w_171 -0.85 0.85 14 0 0 0 671 678
f2_596 f1w_65 f1w_182 2.39 -2.39 13.18 0 0 0 662 654
f2_598 f1h_312 f1w_103 0.79 -0.79 13.89 0 0 0 667 670
f2_602 f1h_30 f1h_432 3.64 -3.64 13.03 0 0 0 674 680
f2_603 f1h_131 f1w_475 -1.06 1.06 12.57 0 0 0 655 662
f2_604 f1h_418 f1w_259 -0.16 0.16 14.98 0 0 0 679 662
f2_606 f1h_45 f1h_368 0.48 -0.48 13.01 0 0 0 659 656
f2_607 f1h_4 f1w_314 -2.15 2.15 12.91 0 0 0 675 673
f2_609 f1h_410 f1w_225 -0.08 0.08 15.2 0 0 0 680 672
f2_610 f1w_59 f1w_401 -0.99 0.99 14.55 0 0 0 671 676
f2_611 f1w_65 f1w_292 2.79 -2.79 13.05 0 0 0 677 659
f2_612 f1h_81 f1w_398 2.14 -2.14 13.46 0 0 0 682 672
f2_613 f1h_210 f1w_176 0.17 -0.17 12.15 0 0 0 657 650
f2_614 f1h_374 f1w_203 2.49 -2.49 13.2 0 0 0 663 671
f2_615 f1h_141 f1h_183 1.9 -1.9 13.33 0 0 0 656 654
f2_616 f1h_370 f1w_481 1.62 -1.62 13.78 0 0 0 671 672
f2_618 f1h_378 f1w_86 0.5 -0.5 13.37 0 0 0 662 656
f2_622 f1h_90 f1w_316 1.3 -1.3 12.45 0 0 0 657 676
f2_625 f1h_254 f1w_198 -1.01 1.01 13.92 0 0 0 684 693
f2_626 f1w_69 f1w_475 2.02 -2.02 13.19 0 0 0 666 681
f2_627 f1w_371 f1w_402 -0.06 0.06 14.23 0 0 0 668 656
f2_628 f1h_276 f1h_408 1.42 -1.42 13.21 0 0 0 657 661
f2_630 f1h_495 f1w_71 1.52 -1.52 14.49 0 0 0 668 654
f2_632 f1h_38 f1h_58 -0.94 0.94 13.91 0 0 0 650 680
f2_634 f1h_70 f1w_431 2.5 -2.5 14.42 0 0 0 668 675
f2_635 f1h_154 f1h_223 -1.62 1.62 13.56 0 0 0 660 648
f2_637 f1h_236 f1w_242 -1.16 1.16 12.53 0 0 0 680 676
f2_641 f1h_404 f1w_364 0.6 -0.6 14.17 0 0 0 670 665
f2_642 f1h_206 f1w_49 2.59 -2.59 12.7 0 0 0 670 685
f2_643 f1h_388 f1w_472 0.94 -0.94 12.91 0 0 0 664 660
f2_645 f1h_79 f1h_430 6.45 -6.45 10.29 0 0 0 675 657
f2_650 f1w_252 f1w_450 0.87 -0.87 14.21 0 0 0 670 677
f2_654 f1h_381 f1w_286 -2.3 2.3 10.93 0 0 0 671 670
f2_658 f1w_301 f1w_471 -1.07 1.07 12.79 0 0 0 662 656
f2_661 f1h_395 f1w_172 -4.33 4.33 10.55 0 0 0 674 681
f2_662 f1h_437 f1w_256 3.74 -3.74 11.37 0 0 0 679 674
f2_663 f1h_24 f1w_425 -0.22 0.22 13.39 0 0 0 672 642
f2_670 f1h_78 f1h_471 -1.01 1.01 15.07 0 0 0 673 661
f2_675 f1h_138 f1h_333 2.44 -2.44 13.83 0 0 0 686 677
f2_679 f1h_78 f1w_325 -3.28 3.28 14.57 0 0 0 692 657
f2_681 f1h_466 f1w_395 -0.76 0.76 13.9 0 0 0 657 668
f2_682 f1h_90 f1w_284 0.96 -0.96 13.45 0 0 0 659 687
f2_685 f1w_70 f1w_147 -1.33 1.33 12.4 0 0 0 661 649
f2_688 f1h_293 f1h_432 0.78 -0.78 15.29 0 0 0 663 672
f2_690 f1h_216 f1w_282 0.12 -0.12 11.78 0 0 0 661 671
f2_691 f1h_411 f1w_200 -0.42 0.42 14.52 0 0 0 675 649
f2_693 f1h_106 f1w_223 1.73 -1.73 12.41 0 0 0 666 668
f2_696 f1h_396 f1w_333 3.2 -3.2 12.1 0 0 0 677 684
f2_697 f1h_74 f1h_395 2.13 -2.13 14.3 0 0 0 683 663
f2_699 f1w_244 f1w_497 -0.05 0.05 14.45 0 0 0 673 667
f2_703 f1h_269 f1h_321 2.91 -2.91 13.18 0 0 0 673 666
f2_705 f1w_214 f1w_420 -2.11 2.11 11.64 0 0 0 665 662
f2_706 f1h_177 f1h_367 3.94 -3.94 12.15 0 0 0 665 665
f2_707 f1w_101 f1w_291 0.06 -0.06 13.29 0 0 0 664 658
f2_710 f1h_209 f1w_252 1.7 -1.7 12.62 0 0 0 671 657
f2_711 f1w_390 f1w_426 0.75 -0.75 12.67 0 0 0 671 672
f2_713 f1w_100 f1w_144 -1.37 1.37 14.32 0 0 0 666 674
f2_714 f1w_360 f1w_465 -3.96 3.96 11.06 0 0 0 662 676
f2_718 f1h_17 f1h_469 -0.64 0.64 14.82 0 0 0 663 655
f2_723 f1w_178 f1w_207 1.19 -1.19 13.16 0 0 0 658 658
f2_726 f1h_4 f1h_383 -2.67 2.67 11.85 0 0 0 672 673
f2_727 f1h_438 f1w_151 -1.81 1.81 15.66 0 0 0 676 683
f2_732 f1h_10 f1h_360 -1.32 1.32 13.53 0 0 0 683 680
f2_734 f1w_199 f1w_422 -3.08 3.08 13.66 0 0 0 678 688
f2_738 f1h_85 f1h_100 -1.33 1.33 13.7 0 0 0 655 669
f2_739 f1w_41 f1w_344 -0.35 0.35 12.73 0 0 0 686 674
f2_740 f1h_440 f1w_287 -4.42 4.42 11.32 0 0 0 679 654
f2_741 f1h_178 f1w_6 0.73 -0.73 14.51 0 0 0 645 657
f2_742 f1h_483 f1w_418 -2.65 2.65 12.07 0 0 0 651 668
f2_743 f1h_32 f1w_422 1.26 -1.26 13.36 0 0 0 688 694
f2_744 f1w_340 f1w_379 0.04 -0.04 13.19 0 0 0 673 666
f2_747 f1h_24 f1w_453 -0.02 0.02 15.12 0 0 0 655 650
f2_748 f1h_93 f1h_277 2.22 -2.22 13.74 0 0 0 669 683
f2_749 f1h_111 f1h_352 0.61 -0.61 11.98 0 0 0 663 686
f2_753 f1h_366 f1w_13 -1.46 1.46 13.39 0 0 0 667 670
f2_754 f1h_279 f1h_420 -3.14 3.14 11.5 0 0 0 660 669
f2_755 f1h_167 f1w_491 4.69 -4.69 10.73 0 0 0 673 683
f2_756 f1h_329 f1w_487 -0.8 0.8 12.91 0 0 0 671 679
f2_757 f1h_118 f1w_440 3.25 -3.25 13.55 0 0 0 665 650
f2_761 f1h_366 f1h_498 1.84 -1.84 13.28 0 0 0 664 666
f2_762 f1h_212 f1h_463 -0.89 0.89 13.32 0 0 0 665 672
f2_765 f1h_102 f1w_461 -0.99 0.99 13.02 0 0 0 658 647
f2_766 f1h_442 f1w_99 0.44 -0.44 14.12 0 0 0 659 666
f2_770 f1h_342 f1w_372 2.89 -2.89 14.28 0 0 0 685 693
f2_772 f1w_119 f1w_490 -2.06 2.06 11.45 0 0 0 665 664
f2_774 f1h_322 f1w_404 2.26 -2.26 14.9 0 0 0 673 668
f2_776 f1h_218 f1h_318 -1.77 1.77 13.97 0 0 0 671 673
f2_779 f1w_228 f1w_299 -0.23 0.23 16.04 0 0 0 659 675
f2_780 f1h_99 f1w_417 2.01 -2.01 12.37 0 0 0 666 662
f2_784 f1h_489 f1w_243 -0.67 0.67 14.78 0 0 0 678 674
f2_785 f1w_178 f1w_404 0.7 -0.7 14.38 0 0 0 667 669
f2_786 f1h_68 f1h_416 0.6 -0.6 14.46 0 0 0 671 666
f2_787 f1w_209 f1w_368 0.38 -0.38 14.67 0 0 0 679 658
f2_790 f1h_223 f1w_227 -1.27 1.27 12.87 0 0 0 623 644
f2_793 f1h_262 f1w_303 -0.1 0.1 12.74 0 0 0 674 657
f2_795 f1h_158 f1w_417 2.67 -2.67 12.6 0 0 0 683 659
f2_798 f1h_45 f1w_100 3.69 -3.69 13.39 0 0 0 686 675
f2_799 f1h_416 f1w_256 -1.63 1.63 14.37 0 0 0 669 668
f2_801 f1w_140 f1w_282 0.14 -0.14 14.38 0 0 0 668 673
f2_802 f1h_232 f1h_362 1.96 -1.96 12.68 0 0 0 676 672
f2_807 f1h_51 f1h_459 0.69 -0.69 12.31 0 0 0 663 681
f2_808 f1h_484 f1w_141 1.08 -1.08 12.93 0 0 0 639 662
f2_809 f1h_465 f1w_121 1.44 -1.44 13.51 0 0 0 681 672
f2_810 f1h_221 f1h_294 2.24 -2.24 13.23 0 0 0 681 657
f2_811 f1w_342 f1w_442 -0.45 0.45 13.65 0 0 0 660 664
f2_812 f1h_417 f1h_464 -1.28 1.28 12.99 0 0 0 680 680
f2_814 f1h_313 f1w_384 0.65 -0.65 12.93 0 0 0 685 669
f2_823 f1h_298 f1w_230 0.69 -0.69 13.55 0 0 0 642 653
f2_824 f1h_430 f1w_8 -2.24 2.24 13.12 0 0 0 658 674
f2_825 f1w_113 f1w_257 -1.49 1.49 13.06 0 0 0 668 671
f2_827 f1w_223 f1w_236 -0.11 0.11 14.85 0 0 0 653 644
f2_829 f1h_252 f1h_420 -0.13 0.13 12.97 0 0 0 649 650
f2_830 f1h_134 f1w_38 0.76 -0.76 12.71 0 0 0 657 651
f2_831 f1w_215 f1w_297 -1.22 1.22 13.78 0 0 0 648 650
f2_832 f1h_51 f1w_103 -2.17 2.17 14.9 0 0 0 661 682
f2_834 f1h_89 f1w_454 -1.81 1.81 13.46 0 0 0 671 681
f2_837 f1h_163 f1h_314 0.35 -0.35 15.11 0 0 0 680 663
f2_839 f1h_147 f1w_288 3.14 -3.14 11.3 0 0 0 663 667
f2_840 f1h_79 f1w_362 5.57 -5.57 12.96 0 0 0 675 678
f2_842 f1h_226 f1w_497 -2.95 2.95 11.82 0 0 0 665 661
f2_846 f1h_79 f1w_161 2.83 -2.83 12.23 0 0 0 670 669
f2_849 f1h_38 f1w_472 1.93 -1.93 12.43 0 0 0 660 665
f2_850 f1h_55 f1w_38 -1.85 1.85 12.57 0 0 0 640 647
f2_851 f1h_487 f1w_214 -0.9 0.9 12.43 0 0 0 659 662
f2_853 f1w_189 f1w_206 0.88 -0.88 14.01 0 0 0 667 657
f2_854 f1h_94 f1w_166 -0.71 0.71 12.32 0 0 0 662 662
f2_856 f1h_341 f1h_395 0.63 -0.63 19.88 0 0 0 667 664
f2_859 f1h_417 f1w_281 -1.18 1.18 12.75 0 0 0 666 655
f2_860 f1h_270 f1w_172 0.97 -0.97 11.51 0 0 0 673 673
f2_861 f1h_47 f1w_200 0.84 -0.84 12.82 0 0 0 641 647
f2_862 f1h_149 f1h_199 -0.04 0.04 14.7 0 0 0 672 665
f2_863 f1h_309 f1w_487 -0.9 0.9 13.9 0 0 0 678 675
f2_865 f1h_450 f1w_198 -1.86 1.86 13.35 0 0 0 658 673
f2_866 f1h_59 f1h_202 -5.37 5.37 9.85 0 0 0 667 663
f2_868 f1h_441 f1w_103 -1.11 1.11 13.8 0 0 0 649 662
f2_870 f1w_181 f1w_184 -0.6 0.6 15.18 0 0 0 686 665
f2_872 f1w_73 f1w_427 0.4 -0.4 13.25 0 0 0 670 675
f2_875 f1h_478 f1w_98 -0.47 0.47 13.18 0 0 0 669 669
f2_881 f1h_195 f1h_367 -5.56 5.56 10.57 0 0 0 692 668
f2_882 f1h_467 f1w_196 -1.94 1.94 12.01 0 0 0 673 692
f2_884 f1h_198 f1w_358 2.07 -2.07 13.11 0 0 0 669 682
f2_887 f1h_138 f1w_465 0.89 -0.89 14.82 0 0 0 682 682
f2_890 f1w_132 f1w_372 -1.7 1.7 13.73 0 0 0 682 682
f2_892 f1h_283 f1h_347 0.28 -0.28 16.15 0 0 0 682 670
f2_895 f1w_270 f1w_470 -0.67 0.67 12.35 0 0 0 678 652
f2_896 f1h_240 f1w_408 -1.61 1.61 14.16 0 0 0 699 691
f2_898 f1h_281 f1w_442 -2.71 2.71 10.9 0 0 0 675 667
f2_899 f1h_207 f1w_290 -1.25 1.25 13.03 0 0 0 668 672
f2_901 f1h_288 f1w_48 -0.33 0.33 13.63 0 0 0 669 669
f2_902 f1h_17 f1w_485 -0.67 0.67 14.03 0 0 0 675 681
f2_907 f1w_187 f1w_363 -1.73 1.73 13.28 0 0 0 684 672
f2_908 f1h_374 f1w_247 0.09 -0.09 14.35 0 0 0 662 674
f2_911 f1w_431 f1w_500 0.3 -0.3 12.91 0 0 0 668 667
f2_912 f1h_38 f1w_408 -0.36 0.36 14.19 0 0 0 654 660
f2_914 f1h_321 f1w_478 1.17 -1.17 13.59 0 0 0 658 670
f2_916 f1h_90 f1h_91 0.23 -0.23 13.02 0 0 0 645 656
f2_918 f1h_305 f1w_143 -0.35 0.35 11.98 0 0 0 674 671
f2_921 f1h_381 f1w_69 -0.81 0.81 14.77 0 0 0 685 670
f2_922 f1h_166 f1w_142 2.15 -2.15 11.75 0 0 0 685 678
f2_924 f1h_167 f1w_218 -3.22 3.22 11.83 0 0 0 654 659
f2_927 f1h_139 f1h_266 1.69 -1.69 13 0 0 0 652 661
f2_928 f1h_319 f1w_346 -5.19 5.19 12.41 0 0 0 671 670
f2_929 f1h_39 f1h_124 -3.34 3.34 11.83 0 0 0 673 684
f2_930 f1w_404 f1w_487 -1.25 1.25 12.11 0 0 0 683 677
f2_932 f1h_429 f1w_44 0.1 -0.1 15.34 0 0 0 667 669
f2_933 f1h_256 f1w_500 0.38 -0.38 13.72 0 0 0 666 668
f2_936 f1w_311 f1w_475 1.08 -1.08 12.29 0 0 0 652 657
f2_938 f1w_343 f1w_370 -1.69 1.69 13.03 0 0 0 687 669
f2_940 f1w_105 f1w_191 -0.29 0.29 14.15 0 0 0 665 674
f2_943 f1h_252 f1w_176 1.14 -1.14 12.6 0 0 0 671 667
f2_947 f1h_427 f1h_460 1.62 -1.62 12.51 0 0 0 678 664
f2_948 f1h_85 f1h_276 -1.75 1.75 13.39 0 0 0 666 667
f2_949 f1h_315 f1w_172 0.51 -0.51 14.15 0 0 0 674 676
f2_953 f1w_159 f1w_279 -1.68 1.68 15.18 0 0 0 674 665
f2_955 f1h_280 f1w_109 4.29 -4.29 12.59 0 0 0 649 658
f2_956 f1h_406 f1w_290 -0.63 0.63 12.73 0 0 0 665 672
f2_957 f1h_355 f1h_374 -1.81 1.81 14.08 0 0 0 672 666
f2_958 f1w_142 f1w_385 1.93 -1.93 13.57 0 0 0 672 660
f2_959 f1w_170 f1w_282 1.4 -1.4 14.31 0 0 0 682 671
f2_960 f1h_409 f1w_196 -0.63 0.63 12.65 0 0 0 676 690
f2_961 f1w_270 f1w_403 1.18 -1.18 12.7 0 0 0 684 688
f2_964 f1h_160 f1w_413 0.54 -0.54 12.52 0 0 0 673 677
f2_969 f1h_411 f1w_32 -0.26 0.26 11.99 0 0 0 672 658
f2_970 f1h_142 f1w_181 0.53 -0.53 13.71 0 0 0 667 686
f2_971 f1w_116 f1w_135 0.62 -0.62 14.25 0 0 0 684 669
f2_975 f1h_306 f1w_152 -0.86 0.86 14.87 0 0 0 676 673
f2_976 f1h_25 f1w_287 -1.05 1.05 14.93 0 0 0 691 670
f2_977 f1h_175 f1h_467 0.92 -0.92 13.6 0 0 0 664 679
f2_979 f1h_64 f1w_466 0.88 -0.88 13.46 0 0 0 655 663
f2_981 f1w_91 f1w_443 1.44 -1.44 14.81 0 0 0 659 689
f2_984 f1h_215 f1w_372 1.15 -1.15 12.71 0 0 0 685 684
f2_986 f1h_188 f1w_121 -1.17 1.17 12.81 0 0 0 659 640
f2_987 f1w_5 f1w_212 0.65 -0.65 13.8 0 0 0 661 673
f2_991 f1h_401 f1w_463 2.37 -2.37 14.18 0 0 0 686 688
f2_998 f1w_16 f1w_274 -0.18 0.18 11.62 0 0 0 653 665
f2_1000 f1w_434 f1w_477 -3.32 3.32 11.06 0 0 0 660 666
