id parent1 parent2 LLRparent1 LLRparent2 LLRpair OHparent1 OHparent2 MEpair SNPd.id.parent1 SNPd.id.parent2
f0_1 f0_68 f0_428 0.1 -0.1 -0.13 0 0 0 43 40
f0_1 f0_68 f2_284 0.25 -0.25 0.49 0 0 0 43 43
f0_1 f0_428 f1w_56 0.19 -0.19 0.51 0 0 0 40 44
f0_1 f0_428 f2_311 -0.16 0.16 0.51 0 0 0 40 42
f0_1 f0_428 f2_489 -0.03 0.03 0.46 0 0 0 40 41
f0_1 f0_459 f2_489 0 0 0.68 0 0 0 43 41
f0_1 f1h_387 f2_707 -0.05 0.05 0.45 0 0 0 42 43
f0_1 f1w_56 f2_284 0.47 -0.47 0.17 0 0 0 44 43
f0_1 f2_284 f2_489 -0.26 0.26 0.05 0 0 0 43 41
f0_1 f2_284 f2_707 -0.43 0.43 0.47 0 0 0 43 43
f0_2 f0_82 f1h_425 0.85 -0.85 0.74 0 0 0 42 49
f0_2 f0_82 f1h_460 0.45 -0.45 -0.14 0 0 0 42 47
f0_2 f0_82 f2_642 0.31 -0.31 0.65 0 0 0 42 44
f0_2 f0_100 f0_132 0.87 -0.87 -0.16 0 0 0 46 47
f0_2 f0_100 f0_630 0.02 -0.02 0.85 0 0 0 46 41
f0_2 f0_132 f1h_304 0.52 -0.52 0.26 0 0 0 47 45
f0_2 f0_132 f2_642 0.29 -0.29 0.83 0 0 0 47 44
f0_2 f0_170 f0_814 -0.02 0.02 0.82 0 0 0 44 47
f0_2 f0_170 f1h_184 -0.42 0.42 0.08 0 0 0 44 49
f0_2 f0_170 f1h_272 -0.06 0.06 0.57 0 0 0 44 45
f0_2 f0_170 f1h_425 -0.27 0.27 0.08 0 0 0 44 49
f0_2 f0_170 f1h_460 0.25 -0.25 0.68 0 0 0 44 47
f0_2 f0_170 f1h_497 -0.07 0.07 0.31 0 0 0 44 46
f0_2 f0_319 f1h_304 0.67 -0.67 0.7 0 0 0 43 45
f0_2 f0_319 f1h_425 0.86 -0.86 0.89 0 0 0 43 49
f0_2 f0_319 f1w_373 0.1 -0.1 0.38 0 0 0 43 48
f0_2 f0_325 f1h_304 0.18 -0.18 -0.11 0 0 0 47 45
f0_2 f0_630 f1h_304 0.25 -0.25 0.38 0 0 0 41 45
f0_2 f0_630 f2_642 -0.22 0.22 0.43 0 0 0 41 44
f0_2 f0_814 f1w_373 0.18 -0.18 0.57 0 0 0 47 48
f0_2 f1h_50 f1h_425 0.46 -0.46 0.28 0 0 0 42 49
f0_2 f1h_50 f2_642 0.21 -0.21 0.53 0 0 0 42 44
f0_2 f1h_184 f1h_198 0.34 -0.34 0.33 0 0 0 49 47
f0_2 f1h_184 f1h_489 -0.01 0.01 0.57 0 0 0 49 43
f0_2 f1h_198 f1h_304 0.51 -0.51 0.61 0 0 0 47 45
f0_2 f1h_198 f1h_460 0.38 -0.38 0.25 0 0 0 47 47
f0_2 f1h_198 f1h_497 0.04 -0.04 0.37 0 0 0 47 46
f0_2 f1h_272 f1h_304 0.56 -0.56 0.39 0 0 0 45 45
f0_2 f1h_304 f1h_497 -0.4 0.4 0 0 0 0 45 46
f0_2 f1h_304 f1w_373 -0.26 0.26 0.13 0 0 0 45 48
f0_2 f1h_304 f2_642 0.04 -0.04 0.47 0 0 0 45 44
f0_2 f1h_304 f2_879 -0.72 0.72 0.57 0 0 0 45 42
f0_2 f1h_320 f2_642 -0.51 0.51 0.11 0 0 0 49 44
f0_2 f1h_320 f2_864 -0.37 0.37 0.9 0 0 0 49 46
f0_2 f1h_425 f1w_34 -1 0.81 0.5 0 0 0 49 44
f0_2 f1h_425 f1w_437 -0.49 0.49 0.57 0 0 0 49 43
f0_2 f1h_425 f2_642 -0.08 0.05 0.39 0 0 0 49 44
f0_2 f1h_425 f2_879 -0.82 0.67 0.62 0 0 0 49 42
f0_2 f1h_460 f1w_76 -0.08 0.08 0.26 0 0 0 47 49
f0_2 f1h_460 f1w_437 -0.23 0.23 0.71 0 0 0 47 43
f0_2 f1h_460 f2_642 -0.04 0.04 -0.08 0 0 0 47 44
f0_2 f1h_460 f2_778 -0.31 0.31 0.73 0 0 0 47 43
f0_2 f1h_460 f2_864 -0.32 0.32 0.36 0 0 0 47 46
f0_2 f1h_489 f1h_497 0.43 -0.43 0.44 0 0 0 43 46
f0_2 f1h_497 f1w_373 -0.19 0.19 0.8 0 0 0 46 48
f0_2 f1w_34 f2_931 0.17 -0.17 0.43 0 0 0 44 45
f0_2 f1w_373 f2_864 -0.12 0.12 -0.16 0 0 0 48 46
f0_2 f1w_373 f2_931 0.11 -0.11 0.58 0 0 0 48 45
f0_2 f1w_437 f2_642 0.18 -0.18 0.58 0 0 0 43 44
f0_2 f2_642 f2_879 -0.33 0.33 0.43 0 0 0 44 42
f0_2 f2_642 f2_931 -0.12 0.12 0.5 0 0 0 44 45
f0_3 f0_4 f0_45 -0.1 0.03 0.27 0 0 0 47 43
f0_3 f0_4 f0_130 -0.15 0.15 0.35 0 0 0 47 43
f0_3 f0_4 f0_655 -0.21 0.21 0.38 0 0 0 47 40
f0_3 f0_4 f0_798 -0.28 0.28 0.27 0 0 0 47 42
f0_3 f0_4 f0_807 0.03 -0.03 0.23 0 0 0 47 41
f0_3 f0_4 f0_992 -0.16 0.11 0.25 0 0 0 47 42
f0_3 f0_4 f1h_104 0.1 -0.1 0.11 0 0 0 47 41
f0_3 f0_4 f1h_412 0.22 -0.22 0.5 0 0 0 47 40
f0_3 f0_4 f1w_31 -0.6 0.6 -0.07 0 0 0 47 46
f0_3 f0_4 f2_81 0.33 -0.33 0.03 0 0 0 47 41
f0_3 f0_4 f2_186 0.07 -0.07 0.51 0 0 0 47 44
f0_3 f0_4 f2_200 0.3 -0.34 0.28 0 0 0 47 45
f0_3 f0_4 f2_320 -0.18 0.18 0.39 0 0 0 47 49
f0_3 f0_38 f0_42 0.06 -0.06 0.5 0 0 0 45 48
f0_3 f0_38 f0_45 -0.29 0.29 -0.04 0 0 0 45 43
f0_3 f0_38 f0_264 -0.21 0.21 0.25 0 0 0 45 48
f0_3 f0_38 f0_350 -0.3 0.3 -0.02 0 0 0 45 43
f0_3 f0_38 f0_588 0.06 -0.06 0.54 0 0 0 45 40
f0_3 f0_38 f0_798 0.03 -0.03 0.18 0 0 0 45 42
f0_3 f0_38 f0_881 0.02 -0.02 0.34 0 0 0 45 42
f0_3 f0_38 f0_992 -0.16 0.16 0.3 0 0 0 45 42
f0_3 f0_38 f1h_104 0.04 -0.04 0.3 0 0 0 45 41
f0_3 f0_38 f1h_216 0.21 -0.21 0.24 0 0 0 45 46
f0_3 f0_38 f1h_264 -0.55 0.55 -0.09 0 0 0 45 44
f0_3 f0_38 f1w_10 -0.12 0.12 0.33 0 0 0 45 43
f0_3 f0_38 f1w_30 -0.11 0.11 0.31 0 0 0 45 42
f0_3 f0_38 f1w_31 -0.54 0.54 -0.41 0 0 0 45 46
f0_3 f0_38 f1w_99 0.05 -0.05 0 0 0 0 45 47
f0_3 f0_38 f1w_260 0.01 -0.01 0.42 0 0 0 45 42
f0_3 f0_38 f1w_493 -0.19 0.11 -0.06 0 0 0 45 43
f0_3 f0_38 f2_81 0.04 -0.04 0.47 0 0 0 45 41
f0_3 f0_38 f2_200 0.36 -0.44 0.12 0 0 0 45 45
f0_3 f0_38 f2_300 -0.14 0.14 0.45 0 0 0 45 44
f0_3 f0_38 f2_320 -0.12 0.12 0.37 0 0 0 45 49
f0_3 f0_38 f2_357 0.09 -0.09 0.45 0 0 0 45 43
f0_3 f0_38 f2_376 0.02 -0.02 0.22 0 0 0 45 46
f0_3 f0_38 f2_404 0.01 -0.01 0.44 0 0 0 45 43
f0_3 f0_42 f0_45 -0.01 0.01 0.55 0 0 0 48 43
f0_3 f0_42 f0_96 -0.12 -0.11 -0.49 0 0 0 48 42
f0_3 f0_42 f0_548 -0.04 0.04 0.08 0 0 0 48 43
f0_3 f0_42 f0_599 -0.19 0.19 0.4 0 0 0 48 40
f0_3 f0_42 f0_741 -0.16 0.16 0.52 0 0 0 48 43
f0_3 f0_42 f0_840 -0.3 0.3 0 0 0 0 48 42
f0_3 f0_42 f1h_359 -0.5 0.5 -0.35 0 0 0 48 41
f0_3 f0_42 f1w_493 -0.03 0.03 0.36 0 0 0 48 43
f0_3 f0_42 f2_157 0.13 -0.13 -0.14 0 0 0 48 40
f0_3 f0_42 f2_200 0.1 -0.1 0.43 0 0 0 48 45
f0_3 f0_42 f2_217 -0.16 0.16 0.5 0 0 0 48 43
f0_3 f0_42 f2_376 -0.11 0.11 0.5 0 0 0 48 46
f0_3 f0_45 f0_96 0.14 -0.14 0.33 0 0 0 43 42
f0_3 f0_45 f0_264 0.3 -0.3 -0.09 0 0 0 43 48
f0_3 f0_45 f0_778 0.08 -0.08 0.51 0 0 0 43 43
f0_3 f0_45 f0_807 -0.04 -0.07 0.3 0 0 0 43 41
f0_3 f0_45 f0_840 -0.17 0.17 0.22 0 0 0 43 42
f0_3 f0_45 f0_879 0.17 -0.17 0.25 0 0 0 43 40
f0_3 f0_45 f0_992 -0.09 -0.32 -0.07 0 0 0 43 42
f0_3 f0_45 f1h_104 0.14 -0.14 0.28 0 0 0 43 41
f0_3 f0_45 f1h_216 0.31 -0.31 0.19 0 0 0 43 46
f0_3 f0_45 f1h_264 -0.42 0.42 0.01 0 0 0 43 44
f0_3 f0_45 f1h_289 0.06 -0.12 0.39 0 0 0 43 42
f0_3 f0_45 f1w_10 -0.19 0.19 0.43 0 0 0 43 43
f0_3 f0_45 f1w_30 0.03 -0.51 0.33 0 0 0 43 42
f0_3 f0_45 f1w_31 -0.01 0.01 0.54 0 0 0 43 46
f0_3 f0_45 f1w_40 0.12 -0.12 0.28 0 0 0 43 40
f0_3 f0_45 f1w_260 -0.05 0.05 0.47 0 0 0 43 42
f0_3 f0_45 f1w_493 -0.13 0.11 0.27 0 0 0 43 43
f0_3 f0_45 f2_81 0.15 -0.15 0.21 0 0 0 43 41
f0_3 f0_45 f2_151 0.64 -0.64 -0.46 0 0 0 43 44
f0_3 f0_45 f2_157 -0.09 0.09 0.29 0 0 0 43 40
f0_3 f0_45 f2_186 0.23 -0.23 0.16 0 0 0 43 44
f0_3 f0_45 f2_200 0.21 -0.45 -0.08 0 0 0 43 45
f0_3 f0_45 f2_277 -0.18 0.18 0.34 0 0 0 43 42
f0_3 f0_45 f2_300 0.16 -0.16 0.03 0 0 0 43 44
f0_3 f0_45 f2_326 0.03 -0.03 0.34 0 0 0 43 41
f0_3 f0_45 f2_357 0.13 -0.16 0.32 0 0 0 43 43
f0_3 f0_45 f2_404 0.48 -0.48 0.01 0 0 0 43 43
f0_3 f0_96 f0_264 -0.41 0.41 0.28 0 0 0 42 48
f0_3 f0_96 f0_350 -0.06 -0.16 -0.06 0 0 0 42 43
f0_3 f0_96 f0_548 -0.43 0.21 0.09 0 0 0 42 43
f0_3 f0_96 f0_588 -0.06 0.06 0.4 0 0 0 42 40
f0_3 f0_96 f0_798 0.5 -0.5 -0.41 0 0 0 42 42
f0_3 f0_96 f0_881 0.17 -0.17 0.11 0 0 0 42 42
f0_3 f0_96 f0_992 -0.3 0.14 0.17 0 0 0 42 42
f0_3 f0_96 f1h_104 0.21 -0.21 -0.08 0 0 0 42 41
f0_3 f0_96 f1h_216 0.36 -0.36 0.05 0 0 0 42 46
f0_3 f0_96 f1h_264 0.41 -0.41 -0.19 0 0 0 42 44
f0_3 f0_96 f1w_10 -0.28 0.28 0.13 0 0 0 42 43
f0_3 f0_96 f1w_30 -0.02 -0.24 -0.1 0 0 0 42 42
f0_3 f0_96 f1w_31 -0.2 0.2 0.43 0 0 0 42 46
f0_3 f0_96 f1w_99 -0.13 0.13 0.05 0 0 0 42 47
f0_3 f0_96 f1w_260 0.16 -0.16 0.12 0 0 0 42 42
f0_3 f0_96 f1w_493 -0.11 0.11 0.3 0 0 0 42 43
f0_3 f0_96 f2_81 -0.19 0.19 0.38 0 0 0 42 41
f0_3 f0_96 f2_200 0.35 -0.52 -0.05 0 0 0 42 45
f0_3 f0_96 f2_300 0.09 -0.09 0.34 0 0 0 42 44
f0_3 f0_96 f2_320 -0.33 0.33 0.28 0 0 0 42 49
f0_3 f0_96 f2_357 0.19 -0.19 -0.1 0 0 0 42 43
f0_3 f0_96 f2_376 -0.23 0.23 0.38 0 0 0 42 46
f0_3 f0_96 f2_404 0.15 -0.15 0.29 0 0 0 42 43
f0_3 f0_114 f0_264 -0.21 0.21 0.4 0 0 0 46 48
f0_3 f0_114 f0_840 -0.22 0.22 0.21 0 0 0 46 42
f0_3 f0_114 f0_992 -0.1 0.1 0.35 0 0 0 46 42
f0_3 f0_114 f1h_25 -0.07 0.07 0.44 0 0 0 46 42
f0_3 f0_114 f1h_104 -0.03 0.03 0.43 0 0 0 46 41
f0_3 f0_114 f1h_289 0.05 -0.05 0.55 0 0 0 46 42
f0_3 f0_114 f1w_31 -0.01 0.01 0.64 0 0 0 46 46
f0_3 f0_114 f1w_99 -0.07 0.07 0.5 0 0 0 46 47
f0_3 f0_114 f1w_260 0.01 -0.01 0.45 0 0 0 46 42
f0_3 f0_114 f1w_493 -0.14 0.14 0.31 0 0 0 46 43
f0_3 f0_114 f2_81 0.02 -0.02 0.51 0 0 0 46 41
f0_3 f0_114 f2_200 -0.16 0.16 0.04 0 0 0 46 45
f0_3 f0_114 f2_217 -0.27 0.27 0.17 0 0 0 46 43
f0_3 f0_114 f2_300 -0.02 0.02 0.51 0 0 0 46 44
f0_3 f0_114 f2_320 -0.17 0.17 0.5 0 0 0 46 49
f0_3 f0_114 f2_326 -0.04 0.04 0.26 0 0 0 46 41
f0_3 f0_114 f2_357 0.11 -0.11 0.54 0 0 0 46 43
f0_3 f0_114 f2_404 -0.11 0.11 -0.13 0 0 0 46 43
f0_3 f0_130 f0_264 -0.08 0.08 0.4 0 0 0 43 48
f0_3 f0_130 f0_350 0.07 -0.07 0.35 0 0 0 43 43
f0_3 f0_130 f0_588 0.1 -0.1 0.44 0 0 0 43 40
f0_3 f0_130 f0_599 -0.26 0.26 0.04 0 0 0 43 40
f0_3 f0_130 f0_681 0.14 -0.14 0.44 0 0 0 43 44
f0_3 f0_130 f0_881 -0.11 0.11 0.22 0 0 0 43 42
f0_3 f0_130 f1h_264 -0.35 0.35 -0.04 0 0 0 43 44
f0_3 f0_130 f1w_10 -0.02 0.02 0.19 0 0 0 43 43
f0_3 f0_130 f1w_493 0.08 -0.08 0.24 0 0 0 43 43
f0_3 f0_130 f2_81 0.02 -0.02 0.27 0 0 0 43 41
f0_3 f0_130 f2_300 0.01 -0.01 0.52 0 0 0 43 44
f0_3 f0_130 f2_326 0.13 -0.13 0.23 0 0 0 43 41
f0_3 f0_130 f2_357 -0.1 0.1 0.19 0 0 0 43 43
f0_3 f0_130 f2_376 0.08 -0.08 0.35 0 0 0 43 46
f0_3 f0_264 f0_548 -0.1 0.1 0.3 0 0 0 48 43
f0_3 f0_264 f0_840 0.11 -0.11 0.24 0 0 0 48 42
f0_3 f0_264 f1h_359 -0.22 0.22 0 0 0 0 48 41
f0_3 f0_264 f1h_394 0.02 -0.02 0.49 0 0 0 48 43
f0_3 f0_264 f1w_10 0.15 -0.15 0.2 0 0 0 48 43
f0_3 f0_264 f2_326 0.3 -0.3 0.36 0 0 0 48 41
f0_3 f0_350 f0_840 -0.09 -0.33 0.02 0 0 0 43 42
f0_3 f0_350 f0_879 0.14 -0.31 0.01 0 0 0 43 40
f0_3 f0_350 f1h_216 0.16 -0.16 0.72 0 0 0 43 46
f0_3 f0_350 f1h_394 -0.25 0.25 0.42 0 0 0 43 43
f0_3 f0_350 f1w_10 0.18 -0.18 0.18 0 0 0 43 43
f0_3 f0_350 f2_151 -0.57 0.57 0.07 0 0 0 43 44
f0_3 f0_350 f2_200 0.18 -0.89 -0.08 0 0 0 43 45
f0_3 f0_350 f2_326 0.3 -0.3 -0.13 0 0 0 43 41
f0_3 f0_350 f2_376 -0.13 0.13 0.4 0 0 0 43 46
f0_3 f0_548 f0_588 0.38 -0.38 0.36 0 0 0 43 40
f0_3 f0_548 f0_681 0.1 -0.1 0.01 0 0 0 43 44
f0_3 f0_548 f0_778 0.29 -0.29 0.19 0 0 0 43 43
f0_3 f0_548 f0_807 0.23 -0.23 0.14 0 0 0 43 41
f0_3 f0_548 f0_879 0.26 -0.26 0.18 0 0 0 43 40
f0_3 f0_548 f0_992 0.18 -0.18 0.07 0 0 0 43 42
f0_3 f0_548 f1h_25 0.2 -0.2 0.08 0 0 0 43 42
f0_3 f0_548 f1h_104 0.25 -0.25 0.14 0 0 0 43 41
f0_3 f0_548 f1h_289 0.31 -0.31 0.12 0 0 0 43 42
f0_3 f0_548 f1h_412 0.55 -0.55 0.18 0 0 0 43 40
f0_3 f0_548 f1w_10 0.11 -0.11 0.24 0 0 0 43 43
f0_3 f0_548 f1w_30 0.53 -0.53 0.28 0 0 0 43 42
f0_3 f0_548 f1w_31 -0.28 0.28 -0.09 0 0 0 43 46
f0_3 f0_548 f1w_99 0.21 -0.21 0.22 0 0 0 43 47
f0_3 f0_548 f1w_493 0.19 -0.19 0.11 0 0 0 43 43
f0_3 f0_548 f2_81 0.33 -0.33 0.22 0 0 0 43 41
f0_3 f0_548 f2_217 0.04 -0.04 0.02 0 0 0 43 43
f0_3 f0_548 f2_277 0.2 -0.2 0.14 0 0 0 43 42
f0_3 f0_548 f2_300 0.23 -0.23 0.16 0 0 0 43 44
f0_3 f0_548 f2_320 0.19 -0.19 0.12 0 0 0 43 49
f0_3 f0_548 f2_357 0.4 -0.4 0.29 0 0 0 43 43
f0_3 f0_588 f0_840 -0.39 0.39 0.05 0 0 0 40 42
f0_3 f0_588 f1h_359 -0.53 0.53 0.05 0 0 0 40 41
f0_3 f0_588 f2_200 -0.56 0.56 -0.39 0 0 0 40 45
f0_3 f0_599 f0_655 -0.21 0.21 0.1 0 0 0 40 40
f0_3 f0_599 f0_798 -0.11 0.11 0.27 0 0 0 40 42
f0_3 f0_599 f0_807 -0.01 0.01 0.32 0 0 0 40 41
f0_3 f0_599 f0_992 0.04 -0.04 0.28 0 0 0 40 42
f0_3 f0_599 f1h_104 0.13 -0.13 0.12 0 0 0 40 41
f0_3 f0_599 f1h_264 0.17 -0.17 0.22 0 0 0 40 44
f0_3 f0_599 f1h_394 0.05 -0.05 0.19 0 0 0 40 43
f0_3 f0_599 f1h_412 0.1 -0.1 0.21 0 0 0 40 40
f0_3 f0_599 f1w_30 0.42 -0.42 0.22 0 0 0 40 42
f0_3 f0_599 f1w_31 -0.26 0.26 -0.04 0 0 0 40 46
f0_3 f0_599 f1w_40 0.03 -0.03 0.13 0 0 0 40 40
f0_3 f0_599 f2_81 0.46 -0.46 -0.43 0 0 0 40 41
f0_3 f0_599 f2_186 0.18 -0.18 0.34 0 0 0 40 44
f0_3 f0_599 f2_277 0.04 -0.04 0.28 0 0 0 40 42
f0_3 f0_599 f2_320 0.08 -0.08 0.24 0 0 0 40 49
f0_3 f0_655 f0_840 0.05 -0.05 0.36 0 0 0 40 42
f0_3 f0_655 f1w_10 -0.04 0.04 0.53 0 0 0 40 43
f0_3 f0_655 f1w_493 0.14 -0.14 0.15 0 0 0 40 43
f0_3 f0_655 f2_151 0.16 -0.16 0.6 0 0 0 40 44
f0_3 f0_655 f2_200 -0.1 0.1 0.26 0 0 0 40 45
f0_3 f0_655 f2_217 -0.08 0.08 0.18 0 0 0 40 43
f0_3 f0_655 f2_326 0.22 -0.22 0.38 0 0 0 40 41
f0_3 f0_655 f2_376 -0.07 0.07 0.53 0 0 0 40 46
f0_3 f0_655 f2_404 0.22 -0.22 0.23 0 0 0 40 43
f0_3 f0_681 f0_807 -0.25 0.25 0.13 0 0 0 44 41
f0_3 f0_681 f0_992 -0.21 0.21 0.27 0 0 0 44 42
f0_3 f0_681 f1h_104 -0.14 0.14 0.33 0 0 0 44 41
f0_3 f0_681 f1w_31 -0.03 0.03 0.62 0 0 0 44 46
f0_3 f0_681 f2_81 -0.07 0.07 0.3 0 0 0 44 41
f0_3 f0_681 f2_200 0.41 -0.41 0.48 0 0 0 44 45
f0_3 f0_741 f0_840 -0.06 0.06 0.27 0 0 0 43 42
f0_3 f0_741 f0_879 0.02 -0.02 0.43 0 0 0 43 40
f0_3 f0_741 f0_992 0 0 0.45 0 0 0 43 42
f0_3 f0_741 f1h_25 0.04 -0.04 0.5 0 0 0 43 42
f0_3 f0_741 f1h_216 0.33 -0.33 0.49 0 0 0 43 46
f0_3 f0_741 f1h_289 0.18 -0.18 0.41 0 0 0 43 42
f0_3 f0_741 f1w_10 -0.04 0.04 0.47 0 0 0 43 43
f0_3 f0_741 f1w_30 0.34 -0.34 0.4 0 0 0 43 42
f0_3 f0_741 f1w_31 0.08 -0.08 0.65 0 0 0 43 46
f0_3 f0_741 f2_81 0.14 -0.14 0.45 0 0 0 43 41
f0_3 f0_741 f2_320 0 0 0.45 0 0 0 43 49
f0_3 f0_741 f2_326 0.18 -0.18 0.28 0 0 0 43 41
f0_3 f0_778 f0_881 0 0 0.57 0 0 0 43 42
f0_3 f0_778 f1w_10 -0.06 0.06 0.29 0 0 0 43 43
f0_3 f0_778 f1w_493 -0.04 0.04 0.25 0 0 0 43 43
f0_3 f0_778 f2_200 0.4 -0.4 0.48 0 0 0 43 45
f0_3 f0_778 f2_376 -0.11 0.11 0.57 0 0 0 43 46
f0_3 f0_778 f2_404 -0.14 0.14 0.47 0 0 0 43 43
f0_3 f0_798 f0_840 0.13 -0.13 0.22 0 0 0 42 42
f0_3 f0_798 f1w_10 0.18 -0.18 0.18 0 0 0 42 43
f0_3 f0_798 f1w_493 -0.12 0.12 0 0 0 0 42 43
f0_3 f0_798 f2_157 0.31 -0.31 0.15 0 0 0 42 40
f0_3 f0_798 f2_200 -0.23 0.23 -0.04 0 0 0 42 45
f0_3 f0_798 f2_326 0.31 -0.31 0.18 0 0 0 42 41
f0_3 f0_798 f2_404 0.2 -0.2 0.44 0 0 0 42 43
f0_3 f0_807 f0_840 -0.01 0.01 0.35 0 0 0 41 42
f0_3 f0_807 f0_879 0.13 -0.13 0.11 0 0 0 41 40
f0_3 f0_807 f0_881 0.1 -0.1 0.29 0 0 0 41 42
f0_3 f0_807 f1h_216 0.33 -0.33 0.27 0 0 0 41 46
f0_3 f0_807 f1w_10 0 0 0.24 0 0 0 41 43
f0_3 f0_807 f2_151 -0.43 0.43 -0.12 0 0 0 41 44
f0_3 f0_807 f2_200 0.3 -0.73 -0.16 0 0 0 41 45
f0_3 f0_807 f2_217 0.3 -0.3 -0.21 0 0 0 41 43
f0_3 f0_807 f2_326 0.1 -0.1 0.51 0 0 0 41 41
f0_3 f0_807 f2_376 -0.1 0.1 0.32 0 0 0 41 46
f0_3 f0_807 f2_404 0.03 -0.03 0.34 0 0 0 41 43
f0_3 f0_840 f0_881 0.35 -0.35 0.28 0 0 0 42 42
f0_3 f0_840 f0_992 -0.05 0.05 0.18 0 0 0 42 42
f0_3 f0_840 f1h_104 0.3 -0.3 -0.16 0 0 0 42 41
f0_3 f0_840 f1h_394 0.02 -0.02 0.19 0 0 0 42 43
f0_3 f0_840 f1h_412 0.32 -0.32 0.39 0 0 0 42 40
f0_3 f0_840 f1w_40 0.12 -0.12 0.02 0 0 0 42 40
f0_3 f0_840 f1w_260 0.34 -0.34 0.07 0 0 0 42 42
f0_3 f0_840 f1w_493 0.14 -0.36 -0.2 0 0 0 42 43
f0_3 f0_840 f2_81 0.11 -0.11 0.25 0 0 0 42 41
f0_3 f0_840 f2_157 0.22 -0.22 0.12 0 0 0 42 40
f0_3 f0_840 f2_186 0.33 -0.33 0.02 0 0 0 42 44
f0_3 f0_840 f2_277 -0.04 0.04 0.34 0 0 0 42 42
f0_3 f0_840 f2_300 0.26 -0.26 0.12 0 0 0 42 44
f0_3 f0_840 f2_357 0.16 -0.16 0.31 0 0 0 42 43
f0_3 f0_840 f2_404 0.14 -0.14 -0.2 0 0 0 42 43
f0_3 f0_879 f0_992 -0.25 0.25 0.14 0 0 0 40 42
f0_3 f0_879 f1h_104 -0.15 0.15 0.31 0 0 0 40 41
f0_3 f0_879 f1h_412 0.15 -0.15 0.45 0 0 0 40 40
f0_3 f0_879 f1w_99 -0.13 0.13 0.41 0 0 0 40 47
f0_3 f0_879 f1w_260 0.07 -0.07 0.4 0 0 0 40 42
f0_3 f0_879 f1w_493 -0.12 0.08 0.44 0 0 0 40 43
f0_3 f0_879 f2_157 -0.04 0.04 0.55 0 0 0 40 40
f0_3 f0_879 f2_200 0.09 -0.09 0.45 0 0 0 40 45
f0_3 f0_879 f2_300 -0.1 0.1 0.37 0 0 0 40 44
f0_3 f0_879 f2_320 -0.21 0.21 0.27 0 0 0 40 49
f0_3 f0_879 f2_357 0.03 -0.03 0.54 0 0 0 40 43
f0_3 f0_879 f2_376 0.16 -0.16 0.17 0 0 0 40 46
f0_3 f0_879 f2_404 -0.09 0.09 0.17 0 0 0 40 43
f0_3 f0_881 f0_992 -0.16 0.16 0.43 0 0 0 42 42
f0_3 f0_881 f1h_289 -0.4 0.4 -0.06 0 0 0 42 42
f0_3 f0_881 f1w_31 -0.02 0.02 0.66 0 0 0 42 46
f0_3 f0_881 f1w_260 -0.09 0.09 0.64 0 0 0 42 42
f0_3 f0_881 f1w_493 -0.08 0.08 0.39 0 0 0 42 43
f0_3 f0_881 f2_81 0.02 -0.02 0.43 0 0 0 42 41
f0_3 f0_881 f2_157 0.05 -0.05 0.14 0 0 0 42 40
f0_3 f0_881 f2_186 0.08 -0.08 -0.14 0 0 0 42 44
f0_3 f0_881 f2_200 0.13 -0.13 0.28 0 0 0 42 45
f0_3 f0_881 f2_326 0.08 -0.08 0.38 0 0 0 42 41
f0_3 f0_881 f2_357 0.08 -0.08 0.55 0 0 0 42 43
f0_3 f0_881 f2_404 0.06 -0.06 0.41 0 0 0 42 43
f0_3 f0_992 f1h_359 -0.26 0.26 -0.24 0 0 0 42 41
f0_3 f0_992 f1h_394 0.47 -0.47 -0.3 0 0 0 42 43
f0_3 f0_992 f2_151 -0.38 0.38 -0.07 0 0 0 42 44
f0_3 f0_992 f2_200 0.33 -0.5 0.03 0 0 0 42 45
f0_3 f0_992 f2_217 0.05 -0.05 0.26 0 0 0 42 43
f0_3 f0_992 f2_326 0.42 -0.42 -0.07 0 0 0 42 41
f0_3 f0_992 f2_376 0.07 -0.07 0.28 0 0 0 42 46
f0_3 f1h_25 f1w_10 0.08 -0.08 0.2 0 0 0 42 43
f0_3 f1h_25 f1w_493 0.1 -0.1 0.18 0 0 0 42 43
f0_3 f1h_25 f2_200 0.5 -0.5 0.27 0 0 0 42 45
f0_3 f1h_104 f1h_216 0.34 -0.34 0.49 0 0 0 41 46
f0_3 f1h_104 f1h_359 -0.44 0.44 -0.42 0 0 0 41 41
f0_3 f1h_104 f2_200 0.46 -0.46 0.3 0 0 0 41 45
f0_3 f1h_104 f2_326 0 0 0.04 0 0 0 41 41
f0_3 f1h_104 f2_404 -0.01 0.01 0.4 0 0 0 41 43
f0_3 f1h_216 f1h_289 -0.31 0.31 0.25 0 0 0 46 42
f0_3 f1h_216 f1h_359 -0.77 0.77 0.05 0 0 0 46 41
f0_3 f1h_216 f1h_412 -0.15 0.15 0.15 0 0 0 46 40
f0_3 f1h_216 f1w_493 -0.33 0.33 0.31 0 0 0 46 43
f0_3 f1h_216 f2_81 -0.2 0.2 0.29 0 0 0 46 41
f0_3 f1h_216 f2_157 -0.21 0.21 0.57 0 0 0 46 40
f0_3 f1h_216 f2_200 -0.34 0.14 -0.08 0 0 0 46 45
f0_3 f1h_216 f2_217 -0.48 0.48 0.52 0 0 0 46 43
f0_3 f1h_216 f2_300 -0.33 0.33 0.5 0 0 0 46 44
f0_3 f1h_216 f2_326 -0.15 0.15 0.07 0 0 0 46 41
f0_3 f1h_216 f2_357 -0.24 0.24 0.23 0 0 0 46 43
f0_3 f1h_264 f1h_359 -0.03 0.03 -0.13 0 0 0 44 41
f0_3 f1h_264 f1w_493 0.28 -0.28 -0.21 0 0 0 44 43
f0_3 f1h_264 f2_157 0.42 -0.42 -0.19 0 0 0 44 40
f0_3 f1h_264 f2_200 0.31 -0.31 0.16 0 0 0 44 45
f0_3 f1h_264 f2_326 0.51 -0.51 -0.02 0 0 0 44 41
f0_3 f1h_264 f2_404 0.63 -0.63 -0.37 0 0 0 44 43
f0_3 f1h_289 f1h_394 -0.1 0.1 0.3 0 0 0 42 43
f0_3 f1h_289 f1w_10 -0.03 0.03 0.21 0 0 0 42 43
f0_3 f1h_289 f1w_493 -0.01 0.01 0.31 0 0 0 42 43
f0_3 f1h_289 f2_157 0.01 -0.01 0.28 0 0 0 42 40
f0_3 f1h_289 f2_200 0.16 -0.69 0.24 0 0 0 42 45
f0_3 f1h_289 f2_376 0.11 -0.11 0.22 0 0 0 42 46
f0_3 f1h_289 f2_404 -0.11 0.11 0.42 0 0 0 42 43
f0_3 f1h_359 f1w_10 0.4 -0.4 0.08 0 0 0 41 43
f0_3 f1h_359 f1w_30 0.46 -0.46 0.03 0 0 0 41 42
f0_3 f1h_359 f1w_31 -0.03 0.03 0.52 0 0 0 41 46
f0_3 f1h_359 f1w_99 0.35 -0.35 0.01 0 0 0 41 47
f0_3 f1h_359 f1w_260 0.64 -0.64 -0.27 0 0 0 41 42
f0_3 f1h_359 f1w_493 0.37 -0.37 -0.29 0 0 0 41 43
f0_3 f1h_359 f2_81 0.43 -0.43 -0.05 0 0 0 41 41
f0_3 f1h_359 f2_200 0.03 -0.03 -0.09 0 0 0 41 45
f0_3 f1h_359 f2_300 0.36 -0.36 0 0 0 0 41 44
f0_3 f1h_359 f2_320 -0.19 0.19 0.39 0 0 0 41 49
f0_3 f1h_359 f2_357 0.48 -0.48 -0.21 0 0 0 41 43
f0_3 f1h_359 f2_376 0.46 -0.46 0.04 0 0 0 41 46
f0_3 f1h_359 f2_404 0.01 -0.01 0.6 0 0 0 41 43
f0_3 f1h_394 f1w_260 0.16 -0.16 0.41 0 0 0 43 42
f0_3 f1h_394 f1w_493 0.09 -0.09 0.33 0 0 0 43 43
f0_3 f1h_394 f2_81 0.16 -0.16 0.33 0 0 0 43 41
f0_3 f1h_394 f2_300 0.13 -0.13 0.38 0 0 0 43 44
f0_3 f1h_394 f2_326 0.16 -0.16 0.29 0 0 0 43 41
f0_3 f1h_394 f2_357 0.27 -0.27 0.41 0 0 0 43 43
f0_3 f1h_394 f2_404 0.18 -0.18 0.34 0 0 0 43 43
f0_3 f1h_412 f1w_10 -0.3 0.3 0.5 0 0 0 40 43
f0_3 f1h_412 f1w_493 -0.22 0.22 0.24 0 0 0 40 43
f0_3 f1h_412 f2_200 -0.17 -0.29 0.01 0 0 0 40 45
f0_3 f1h_412 f2_326 -0.19 0.19 0.75 0 0 0 40 41
f0_3 f1h_412 f2_404 -0.11 0.11 0.46 0 0 0 40 43
f0_3 f1w_10 f1w_493 -0.31 0.31 -0.3 0 0 0 43 43
f0_3 f1w_10 f2_157 0.1 -0.1 0.29 0 0 0 43 40
f0_3 f1w_10 f2_186 0.07 -0.07 0.35 0 0 0 43 44
f0_3 f1w_10 f2_200 0.51 -0.51 0.2 0 0 0 43 45
f0_3 f1w_10 f2_217 -0.15 0.15 0.14 0 0 0 43 43
f0_3 f1w_10 f2_357 0.11 -0.11 0.2 0 0 0 43 43
f0_3 f1w_30 f1w_493 -0.25 0.07 0.24 0 0 0 42 43
f0_3 f1w_30 f2_157 0.09 -0.09 0.21 0 0 0 42 40
f0_3 f1w_30 f2_200 0.04 -0.48 0.06 0 0 0 42 45
f0_3 f1w_30 f2_217 -0.12 0.12 0.1 0 0 0 42 43
f0_3 f1w_30 f2_326 0.12 -0.12 0.36 0 0 0 42 41
f0_3 f1w_30 f2_376 -0.33 0.33 0.16 0 0 0 42 46
f0_3 f1w_30 f2_404 0.78 -0.78 -0.46 0 0 0 42 43
f0_3 f1w_31 f1w_493 0.01 -0.01 -0.19 0 0 0 46 43
f0_3 f1w_31 f2_157 0.63 -0.63 -0.08 0 0 0 46 40
f0_3 f1w_31 f2_217 0.37 -0.37 -0.05 0 0 0 46 43
f0_3 f1w_40 f1w_493 0.05 -0.05 0.25 0 0 0 40 43
f0_3 f1w_40 f2_200 0.32 -0.32 0.36 0 0 0 40 45
f0_3 f1w_40 f2_217 0.11 -0.11 -0.34 0 0 0 40 43
f0_3 f1w_40 f2_326 0.09 -0.09 0.44 0 0 0 40 41
f0_3 f1w_40 f2_376 -0.04 0.04 0.4 0 0 0 40 46
f0_3 f1w_40 f2_404 0.1 -0.1 0.06 0 0 0 40 43
f0_3 f1w_99 f2_151 -0.49 0.49 0.01 0 0 0 47 44
f0_3 f1w_99 f2_326 0.14 -0.14 0.53 0 0 0 47 41
f0_3 f1w_260 f2_151 0.2 -0.2 0.65 0 0 0 42 44
f0_3 f1w_260 f2_200 0.31 -0.31 0.32 0 0 0 42 45
f0_3 f1w_260 f2_376 -0.03 0.03 0.55 0 0 0 42 46
f0_3 f1w_493 f2_81 0 0 0.3 0 0 0 43 41
f0_3 f1w_493 f2_151 0.25 -0.25 0.51 0 0 0 43 44
f0_3 f1w_493 f2_186 -0.01 0.01 0.17 0 0 0 43 44
f0_3 f1w_493 f2_200 0.18 -0.5 -0.06 0 0 0 43 45
f0_3 f1w_493 f2_277 -0.13 0.13 0.22 0 0 0 43 42
f0_3 f1w_493 f2_326 0.3 -0.3 -0.4 0 0 0 43 41
f0_3 f1w_493 f2_376 0.03 -0.03 0.28 0 0 0 43 46
f0_3 f2_81 f2_157 0.04 -0.04 0.41 0 0 0 41 40
f0_3 f2_81 f2_200 0.4 -0.4 0.4 0 0 0 41 45
f0_3 f2_81 f2_217 -0.19 0.19 0.1 0 0 0 41 43
f0_3 f2_151 f2_186 -0.1 0.1 0.78 0 0 0 44 44
f0_3 f2_151 f2_200 0.31 -0.31 -0.27 0 0 0 44 45
f0_3 f2_151 f2_300 0.45 -0.45 0 0 0 0 44 44
f0_3 f2_151 f2_320 -0.32 0.32 0.39 0 0 0 44 49
f0_3 f2_151 f2_404 0.33 -0.33 -0.13 0 0 0 44 43
f0_3 f2_157 f2_200 -0.08 0.08 -0.15 0 0 0 40 45
f0_3 f2_157 f2_320 -0.21 0.21 -0.24 0 0 0 40 49
f0_3 f2_157 f2_326 0.07 -0.07 0.39 0 0 0 40 41
f0_3 f2_157 f2_376 -0.01 0.01 0.31 0 0 0 40 46
f0_3 f2_186 f2_200 0.05 -0.05 0.37 0 0 0 44 45
f0_3 f2_186 f2_217 -0.25 0.25 0.23 0 0 0 44 43
f0_3 f2_186 f2_326 0.03 -0.03 0.64 0 0 0 44 41
f0_3 f2_186 f2_376 -0.12 0.12 0.42 0 0 0 44 46
f0_3 f2_186 f2_404 -0.06 0.06 0.35 0 0 0 44 43
f0_3 f2_200 f2_217 0.04 -0.04 0.17 0 0 0 45 43
f0_3 f2_200 f2_277 0.25 -0.25 0.2 0 0 0 45 42
f0_3 f2_200 f2_300 0.18 -0.18 0.08 0 0 0 45 44
f0_3 f2_200 f2_326 -0.21 0.04 0.31 0 0 0 45 41
f0_3 f2_200 f2_357 -0.05 -0.45 -0.18 0 0 0 45 43
f0_3 f2_200 f2_404 0.38 -0.38 -0.31 0 0 0 45 43
f0_3 f2_217 f2_277 0.08 -0.08 0.15 0 0 0 43 42
f0_3 f2_277 f2_326 0.18 -0.18 0.36 0 0 0 42 41
f0_3 f2_277 f2_376 0.07 -0.07 0.41 0 0 0 42 46
f0_3 f2_277 f2_404 0.07 -0.07 0.36 0 0 0 42 43
f0_3 f2_326 f2_357 -0.16 0.16 0.21 0 0 0 41 43
f0_3 f2_357 f2_376 -0.17 0.17 0.32 0 0 0 43 46
f0_4 f0_3 f0_27 0.16 -0.16 -0.33 0 0 0 47 49
f0_4 f0_3 f0_83 -0.1 0.1 0.5 0 0 0 47 49
f0_4 f0_3 f0_213 0.28 -0.28 0.13 0 0 0 47 49
f0_4 f0_3 f0_325 -0.14 0.14 0.58 0 0 0 47 52
f0_4 f0_3 f0_524 0.06 -0.06 0.51 0 0 0 47 51
f0_4 f0_3 f0_599 -0.08 0.02 0.06 0 0 0 47 52
f0_4 f0_3 f0_615 0.09 -0.09 0.83 0 0 0 47 45
f0_4 f0_3 f0_620 0.06 -0.06 0.75 0 0 0 47 52
f0_4 f0_3 f0_627 -0.17 0.17 0.53 0 0 0 47 51
f0_4 f0_3 f0_945 -0.17 0.17 0.55 0 0 0 47 58
f0_4 f0_3 f1h_97 -0.08 0.08 0.61 0 0 0 47 49
f0_4 f0_3 f1h_310 0.56 -0.56 -0.27 0 0 0 47 44
f0_4 f0_3 f1w_84 -0.04 0.04 0.33 0 0 0 47 49
f0_4 f0_3 f1w_184 0.14 -0.14 0.28 0 0 0 47 52
f0_4 f0_3 f1w_310 -0.01 0.01 0.53 0 0 0 47 54
f0_4 f0_3 f2_136 -0.15 0.15 0.44 0 0 0 47 50
f0_4 f0_3 f2_138 -0.1 0.1 0.58 0 0 0 47 41
f0_4 f0_3 f2_299 0.14 -0.14 0.23 0 0 0 47 47
f0_4 f0_3 f2_400 -0.01 0.01 0.59 0 0 0 47 47
f0_4 f0_3 f2_454 0.02 -0.02 0.45 0 0 0 47 51
f0_4 f0_27 f0_38 -0.15 0.15 0.69 0 0 0 49 51
f0_4 f0_27 f0_156 0.06 -0.06 0.4 0 0 0 49 42
f0_4 f0_27 f0_284 -0.05 0.05 0.1 0 0 0 49 47
f0_4 f0_27 f0_608 -0.06 0.06 0.58 0 0 0 49 50
f0_4 f0_27 f0_868 -0.11 0.11 0.72 0 0 0 49 49
f0_4 f0_27 f1h_369 -0.36 0.36 0.29 0 0 0 49 51
f0_4 f0_27 f1w_184 0.09 -0.09 0.91 0 0 0 49 52
f0_4 f0_27 f1w_194 -0.32 0.32 0.72 0 0 0 49 51
f0_4 f0_27 f1w_309 -0.2 0.2 0.45 0 0 0 49 46
f0_4 f0_27 f2_299 0.07 -0.07 0.56 0 0 0 49 47
f0_4 f0_38 f0_325 -0.32 0.32 0.32 0 0 0 51 52
f0_4 f0_38 f0_524 -0.08 0.08 0.66 0 0 0 51 51
f0_4 f0_38 f1w_84 -0.12 0.12 0.28 0 0 0 51 49
f0_4 f0_38 f1w_310 -0.18 0.18 -0.21 0 0 0 51 54
f0_4 f0_38 f2_454 0.01 -0.01 0.53 0 0 0 51 51
f0_4 f0_83 f0_156 0.04 -0.04 0.3 0 0 0 49 42
f0_4 f0_83 f0_868 0.12 -0.12 0.44 0 0 0 49 49
f0_4 f0_83 f1w_99 0.04 -0.04 0.42 0 0 0 49 52
f0_4 f0_112 f0_156 0.21 -0.21 0.18 0 0 0 47 42
f0_4 f0_112 f0_284 0.18 -0.18 0.27 0 0 0 47 47
f0_4 f0_112 f0_599 0.33 -0.33 0.28 0 0 0 47 52
f0_4 f0_112 f0_608 0.11 -0.11 -0.06 0 0 0 47 50
f0_4 f0_112 f0_945 0.16 -0.16 0.19 0 0 0 47 58
f0_4 f0_112 f1h_97 0.45 -0.45 0.23 0 0 0 47 49
f0_4 f0_112 f1h_461 0.1 -0.1 0.17 0 0 0 47 52
f0_4 f0_112 f1w_84 -0.1 0.1 0.05 0 0 0 47 49
f0_4 f0_112 f1w_99 0.2 -0.2 0.26 0 0 0 47 52
f0_4 f0_112 f1w_310 0.24 -0.24 0.25 0 0 0 47 54
f0_4 f0_112 f2_136 0.34 -0.34 0.1 0 0 0 47 50
f0_4 f0_116 f0_284 -0.17 0.17 0.51 0 0 0 58 47
f0_4 f0_116 f0_461 -0.36 0.36 0.39 0 0 0 58 48
f0_4 f0_116 f0_524 0.18 -0.18 -0.03 0 0 0 58 51
f0_4 f0_116 f0_599 -0.14 0.14 0.8 0 0 0 58 52
f0_4 f0_116 f0_608 0.02 -0.02 -0.04 0 0 0 58 50
f0_4 f0_116 f0_681 0.07 -0.07 0.08 0 0 0 58 52
f0_4 f0_116 f0_868 0.03 -0.03 0.41 0 0 0 58 49
f0_4 f0_116 f1h_137 -0.05 0.05 0.83 0 0 0 58 54
f0_4 f0_116 f1h_369 -0.55 0.32 0.11 0 0 0 58 51
f0_4 f0_116 f1w_194 -0.07 0.07 0.41 0 0 0 58 51
f0_4 f0_116 f1w_309 -0.41 0.41 0.75 0 0 0 58 46
f0_4 f0_116 f2_299 0.03 -0.03 0.07 0 0 0 58 47
f0_4 f0_116 f2_530 -0.34 0.34 0.55 0 0 0 58 50
f0_4 f0_156 f0_325 -0.05 0.05 0.65 0 0 0 42 52
f0_4 f0_156 f0_524 -0.07 0.07 0.59 0 0 0 42 51
f0_4 f0_156 f0_594 -0.16 0.16 0.37 0 0 0 42 53
f0_4 f0_156 f0_721 -0.3 0.3 0.61 0 0 0 42 46
f0_4 f0_156 f2_136 0.08 -0.08 0.38 0 0 0 42 50
f0_4 f0_156 f2_454 -0.01 0.01 0.72 0 0 0 42 51
f0_4 f0_186 f0_213 0.1 -0.1 0.46 0 0 0 48 49
f0_4 f0_186 f0_696 0.36 -0.36 0.49 0 0 0 48 47
f0_4 f0_186 f2_299 0 0 0.27 0 0 0 48 47
f0_4 f0_186 f2_326 -0.24 0.24 0.29 0 0 0 48 50
f0_4 f0_213 f0_461 -0.55 0.43 0.14 0 0 0 49 48
f0_4 f0_213 f0_599 -0.08 0.08 0.02 0 0 0 49 52
f0_4 f0_213 f0_608 -0.21 0.21 0.2 0 0 0 49 50
f0_4 f0_213 f0_615 -0.2 0.2 0.25 0 0 0 49 45
f0_4 f0_213 f0_620 0.2 -0.2 0.33 0 0 0 49 52
f0_4 f0_213 f0_945 -0.24 0.24 0.28 0 0 0 49 58
f0_4 f0_213 f1h_97 -0.29 0.19 0.62 0 0 0 49 49
f0_4 f0_213 f1h_161 -0.25 0.25 0.31 0 0 0 49 47
f0_4 f0_213 f1w_66 -0.11 0.11 0.4 0 0 0 49 50
f0_4 f0_213 f1w_184 -0.27 0.27 -0.28 0 0 0 49 52
f0_4 f0_213 f2_299 -0.39 0.39 0.5 0 0 0 49 47
f0_4 f0_213 f2_326 -0.45 0.45 0.28 0 0 0 49 50
f0_4 f0_213 f2_400 -0.27 0.27 0.05 0 0 0 49 47
f0_4 f0_229 f0_599 0.17 -0.17 -0.45 0 0 0 48 52
f0_4 f0_284 f0_631 0.13 -0.13 0.5 0 0 0 47 48
f0_4 f0_284 f1h_97 -0.22 0.22 0.11 0 0 0 47 49
f0_4 f0_284 f1h_310 0.02 -0.02 0.36 0 0 0 47 44
f0_4 f0_284 f1w_66 0.25 -0.25 0.43 0 0 0 47 50
f0_4 f0_284 f2_138 0.11 -0.11 0.61 0 0 0 47 41
f0_4 f0_284 f2_299 -0.08 0.08 -0.14 0 0 0 47 47
f0_4 f0_284 f2_326 -0.28 0.28 0.33 0 0 0 47 50
f0_4 f0_284 f2_400 -0.08 0.08 0.3 0 0 0 47 47
f0_4 f0_325 f0_453 -0.07 0.07 0.42 0 0 0 52 50
f0_4 f0_325 f0_461 -0.12 0.12 0.21 0 0 0 52 48
f0_4 f0_325 f0_608 0.25 -0.25 0.29 0 0 0 52 50
f0_4 f0_325 f0_868 0.12 -0.12 0.45 0 0 0 52 49
f0_4 f0_325 f1h_161 -0.11 0.11 0.7 0 0 0 52 47
f0_4 f0_325 f1h_369 -0.13 0.13 0.13 0 0 0 52 51
f0_4 f0_325 f1w_184 0.07 -0.07 0.27 0 0 0 52 52
f0_4 f0_325 f1w_194 -0.15 0.15 0.57 0 0 0 52 51
f0_4 f0_325 f2_299 -0.02 0.02 0.59 0 0 0 52 47
f0_4 f0_453 f0_465 0.22 -0.22 0.65 0 0 0 50 47
f0_4 f0_453 f0_594 0.04 -0.04 0.44 0 0 0 50 53
f0_4 f0_453 f0_945 0.04 -0.04 0.46 0 0 0 50 58
f0_4 f0_453 f1h_97 -0.03 0.03 0.28 0 0 0 50 49
f0_4 f0_453 f2_138 0.18 -0.18 0.52 0 0 0 50 41
f0_4 f0_453 f2_299 0.12 -0.12 0.28 0 0 0 50 47
f0_4 f0_461 f0_465 0.01 -0.01 0.57 0 0 0 48 47
f0_4 f0_461 f0_627 0.62 -0.62 -0.34 0 0 0 48 51
f0_4 f0_461 f1h_161 0.23 -0.23 0.09 0 0 0 48 47
f0_4 f0_461 f1h_310 0.07 -0.07 0.48 0 0 0 48 44
f0_4 f0_461 f1w_184 0.19 -0.19 0.35 0 0 0 48 52
f0_4 f0_461 f1w_310 0.21 -0.21 0.24 0 0 0 48 54
f0_4 f0_461 f2_136 0.33 -0.33 0.02 0 0 0 48 50
f0_4 f0_461 f2_326 -0.09 0.09 0.11 0 0 0 48 50
f0_4 f0_461 f2_454 0.15 -0.15 0.22 0 0 0 48 51
f0_4 f0_465 f0_599 0.03 -0.03 0.54 0 0 0 47 52
f0_4 f0_465 f0_608 0.39 -0.39 0.75 0 0 0 47 50
f0_4 f0_465 f0_627 -0.08 0.08 0.33 0 0 0 47 51
f0_4 f0_465 f1h_161 -0.1 0.1 0.15 0 0 0 47 47
f0_4 f0_465 f1w_84 -0.26 0.26 0.49 0 0 0 47 49
f0_4 f0_465 f2_136 0.01 -0.01 0.45 0 0 0 47 50
f0_4 f0_465 f2_299 0.21 -0.21 0.3 0 0 0 47 47
f0_4 f0_524 f0_868 0.13 -0.13 0.47 0 0 0 51 49
f0_4 f0_524 f1h_161 -0.02 0.02 0.63 0 0 0 51 47
f0_4 f0_524 f1h_310 -0.04 0.04 -0.07 0 0 0 51 44
f0_4 f0_524 f2_136 -0.26 0.26 -0.3 0 0 0 51 50
f0_4 f0_524 f2_138 -0.03 0.03 0.08 0 0 0 51 41
f0_4 f0_594 f0_868 0.23 -0.23 0.3 0 0 0 53 49
f0_4 f0_594 f1h_161 -0.01 0.01 0.71 0 0 0 53 47
f0_4 f0_594 f1w_184 0.08 -0.08 -0.02 0 0 0 53 52
f0_4 f0_594 f1w_309 0.32 -0.32 0.18 0 0 0 53 46
f0_4 f0_599 f0_620 -0.03 0.03 0.71 0 0 0 52 52
f0_4 f0_599 f0_696 0.07 -0.07 0.7 0 0 0 52 47
f0_4 f0_599 f1h_97 -0.42 0.42 0.2 0 0 0 52 49
f0_4 f0_599 f1h_369 -0.46 0.46 0.34 0 0 0 52 51
f0_4 f0_599 f1h_461 -0.39 0.39 0.08 0 0 0 52 52
f0_4 f0_599 f1w_23 -0.13 0.13 0.53 0 0 0 52 44
f0_4 f0_599 f1w_99 -0.17 0.17 0.33 0 0 0 52 52
f0_4 f0_599 f1w_184 0.16 -0.16 0.72 0 0 0 52 52
f0_4 f0_599 f1w_309 -0.09 0.09 0.14 0 0 0 52 46
f0_4 f0_599 f1w_310 -0.19 0.19 -0.31 0 0 0 52 54
f0_4 f0_599 f2_136 -0.2 0.2 0.23 0 0 0 52 50
f0_4 f0_599 f2_299 -0.16 0.16 0.34 0 0 0 52 47
f0_4 f0_608 f0_631 -0.4 0.4 0.74 0 0 0 50 48
f0_4 f0_608 f0_696 0.38 -0.38 0.21 0 0 0 50 47
f0_4 f0_608 f1h_310 -0.31 0.31 0.49 0 0 0 50 44
f0_4 f0_608 f1w_310 -0.2 0.2 0.46 0 0 0 50 54
f0_4 f0_608 f2_136 -0.1 0.1 -0.37 0 0 0 50 50
f0_4 f0_608 f2_138 0.06 -0.06 0.16 0 0 0 50 41
f0_4 f0_608 f2_454 0.14 -0.14 -0.37 0 0 0 50 51
f0_4 f0_615 f0_681 -0.21 0.21 0.48 0 0 0 45 52
f0_4 f0_615 f0_696 0.24 -0.24 0.38 0 0 0 45 47
f0_4 f0_615 f0_868 -0.08 0.08 0.55 0 0 0 45 49
f0_4 f0_615 f1h_137 0.02 -0.02 0.61 0 0 0 45 54
f0_4 f0_615 f1h_161 -0.16 0.16 0.44 0 0 0 45 47
f0_4 f0_615 f1h_247 -0.33 0.33 0.38 0 0 0 45 51
f0_4 f0_615 f1h_369 -0.26 0.26 0.33 0 0 0 45 51
f0_4 f0_620 f0_696 -0.04 0.04 -0.3 0 0 0 52 47
f0_4 f0_620 f1h_247 -0.18 0.18 0.69 0 0 0 52 51
f0_4 f0_627 f0_696 0.29 -0.29 0.61 0 0 0 51 47
f0_4 f0_627 f0_868 -0.12 0.12 -0.25 0 0 0 51 49
f0_4 f0_627 f1w_23 -0.23 0.23 0.09 0 0 0 51 44
f0_4 f0_631 f1h_97 -0.28 0.28 0.28 0 0 0 48 49
f0_4 f0_631 f2_136 0.04 -0.04 0.36 0 0 0 48 50
f0_4 f0_631 f2_299 0.12 -0.12 0.72 0 0 0 48 47
f0_4 f0_681 f1h_97 0 0 0.38 0 0 0 52 49
f0_4 f0_681 f2_138 0.13 -0.13 0.22 0 0 0 52 41
f0_4 f0_696 f0_868 -0.34 0.34 -0.09 0 0 0 47 49
f0_4 f0_696 f1h_137 -0.06 0.06 0.1 0 0 0 47 54
f0_4 f0_696 f1w_99 -0.38 0.38 0.3 0 0 0 47 52
f0_4 f0_696 f1w_310 -0.32 0.32 0.38 0 0 0 47 54
f0_4 f0_696 f2_400 -0.37 0.37 -0.42 0 0 0 47 47
f0_4 f0_721 f0_868 0.34 -0.34 0.39 0 0 0 46 49
f0_4 f0_721 f1h_161 0.27 -0.27 -0.24 0 0 0 46 47
f0_4 f0_721 f1h_310 0 0 0.46 0 0 0 46 44
f0_4 f0_721 f1w_99 0.16 -0.16 0.39 0 0 0 46 52
f0_4 f0_721 f1w_310 0.08 -0.08 0.26 0 0 0 46 54
f0_4 f0_721 f2_136 0.12 -0.12 0.21 0 0 0 46 50
f0_4 f0_721 f2_138 0.05 -0.05 0.3 0 0 0 46 41
f0_4 f0_868 f0_945 -0.17 0.17 0.54 0 0 0 49 58
f0_4 f0_868 f1h_97 0.13 -0.13 0.52 0 0 0 49 49
f0_4 f0_868 f1h_461 -0.23 0.23 0.12 0 0 0 49 52
f0_4 f0_868 f2_136 -0.12 0.12 0.14 0 0 0 49 50
f0_4 f0_868 f2_138 0.05 -0.05 0.21 0 0 0 49 41
f0_4 f0_868 f2_299 0.14 -0.14 -0.3 0 0 0 49 47
f0_4 f0_868 f2_400 -0.14 0.14 0.6 0 0 0 49 47
f0_4 f0_868 f2_454 -0.08 0.08 0.64 0 0 0 49 51
f0_4 f1h_97 f1h_137 -0.04 0.04 0.69 0 0 0 49 54
f0_4 f1h_97 f1h_161 -0.09 0.09 0.3 0 0 0 49 47
f0_4 f1h_97 f1h_247 -0.19 0.19 0.28 0 0 0 49 51
f0_4 f1h_97 f1h_369 -0.35 -0.08 0.15 0 0 0 49 51
f0_4 f1h_97 f1w_309 -0.29 0.29 0.48 0 0 0 49 46
f0_4 f1h_97 f2_530 -0.01 0.01 0.38 0 0 0 49 50
f0_4 f1h_137 f1h_161 0.06 -0.06 -0.25 0 0 0 54 47
f0_4 f1h_137 f1h_461 -0.29 0.29 0.37 0 0 0 54 52
f0_4 f1h_137 f2_138 -0.09 0.09 0.26 0 0 0 54 41
f0_4 f1h_137 f2_299 0.02 -0.02 0.43 0 0 0 54 47
f0_4 f1h_137 f2_400 -0.18 0.18 0.41 0 0 0 54 47
f0_4 f1h_161 f1w_23 0.06 -0.06 0.24 0 0 0 47 44
f0_4 f1h_161 f1w_99 -0.07 0.07 0.44 0 0 0 47 52
f0_4 f1h_161 f1w_309 -0.04 0.04 0.14 0 0 0 47 46
f0_4 f1h_161 f2_454 0.17 -0.17 0.61 0 0 0 47 51
f0_4 f1h_247 f2_138 0.09 -0.09 0.66 0 0 0 51 41
f0_4 f1h_247 f2_299 0.29 -0.29 0.34 0 0 0 51 47
f0_4 f1h_310 f1w_23 0.22 -0.22 0.34 0 0 0 44 44
f0_4 f1h_310 f1w_309 0.01 -0.01 0.45 0 0 0 44 46
f0_4 f1h_310 f2_326 -0.13 0.13 0.31 0 0 0 44 50
f0_4 f1h_369 f1h_461 0.05 -0.05 0.29 0 0 0 51 52
f0_4 f1h_369 f1w_84 -0.09 0.09 0.15 0 0 0 51 49
f0_4 f1h_461 f1w_309 0.17 -0.17 0.27 0 0 0 52 46
f0_4 f1h_461 f2_136 0.08 -0.08 0.25 0 0 0 52 50
f0_4 f1w_23 f1w_184 0.45 -0.45 -0.1 0 0 0 44 52
f0_4 f1w_23 f1w_310 -0.14 0.14 0.38 0 0 0 44 54
f0_4 f1w_23 f2_136 -0.1 0.1 -0.04 0 0 0 44 50
f0_4 f1w_84 f1w_184 0.54 -0.54 0.59 0 0 0 49 52
f0_4 f1w_84 f1w_309 0.12 -0.12 0.34 0 0 0 49 46
f0_4 f1w_99 f2_299 0.12 -0.12 0.41 0 0 0 52 47
f0_4 f1w_184 f2_136 -0.53 0.53 0.18 0 0 0 52 50
f0_4 f1w_194 f2_138 -0.44 0.44 0.15 0 0 0 51 41
f0_4 f1w_309 f2_138 -0.11 0.11 0.33 0 0 0 46 41
f0_4 f1w_309 f2_326 -0.14 0.14 0.43 0 0 0 46 50
f0_4 f1w_309 f2_400 0.05 -0.05 0.6 0 0 0 46 47
f0_4 f1w_310 f2_299 0.08 -0.08 0.52 0 0 0 54 47
f0_4 f1w_310 f2_326 0.03 -0.03 0.4 0 0 0 54 50
f0_4 f2_136 f2_299 0.31 -0.31 -0.42 0 0 0 50 47
f0_4 f2_136 f2_326 -0.18 0.18 0.63 0 0 0 50 50
f0_4 f2_299 f2_454 0.07 -0.07 0.46 0 0 0 47 51
f0_4 f2_299 f2_530 -0.26 0.26 0.38 0 0 0 47 50
f0_5 f0_66 f0_226 0.11 -0.11 0.45 0 0 0 40 40
f0_5 f0_66 f0_548 0.05 -0.05 0.07 0 0 0 40 40
f0_5 f0_66 f1h_69 0.69 -0.69 0.16 0 0 0 40 40
f0_5 f0_66 f1h_171 0.39 -0.39 0.63 0 0 0 40 45
f0_5 f0_66 f2_186 0.34 -0.34 0.24 0 0 0 40 44
f0_5 f0_66 f2_259 0.31 -0.31 0.56 0 0 0 40 41
f0_5 f0_66 f2_363 0.13 -0.13 -0.3 0 0 0 40 41
f0_5 f0_66 f2_781 0.61 -0.61 0.23 0 0 0 40 44
f0_5 f0_103 f0_183 0.6 -0.6 -0.03 0 0 0 43 41
f0_5 f0_103 f0_548 0.17 -0.17 0.12 0 0 0 43 40
f0_5 f0_103 f1h_69 0.11 -0.11 0.34 0 0 0 43 40
f0_5 f0_103 f1h_171 0.37 -0.37 0.65 0 0 0 43 45
f0_5 f0_103 f2_259 0.43 -0.43 0.63 0 0 0 43 41
f0_5 f0_103 f2_781 0.57 -0.57 0.43 0 0 0 43 44
f0_5 f0_130 f1h_69 0.2 -0.2 0.21 0 0 0 44 40
f0_5 f0_130 f1w_120 -0.12 0.12 0.33 0 0 0 44 41
f0_5 f0_130 f2_186 -0.13 0.13 0.51 0 0 0 44 44
f0_5 f0_130 f2_806 0.25 -0.25 -0.08 0 0 0 44 45
f0_5 f0_176 f0_641 0.52 -0.52 0.39 0 0 0 40 45
f0_5 f0_176 f1h_409 0.41 -0.41 0.3 0 0 0 40 43
f0_5 f0_176 f1w_120 0.3 -0.3 -0.11 0 0 0 40 41
f0_5 f0_176 f1w_291 0.55 -0.55 -0.1 0 0 0 40 41
f0_5 f0_176 f1w_342 0.43 -0.43 0.08 0 0 0 40 40
f0_5 f0_176 f2_267 0.78 -0.78 0.26 0 0 0 40 47
f0_5 f0_176 f2_580 0.16 -0.16 0.31 0 0 0 40 46
f0_5 f0_176 f2_772 0.13 -0.13 0.19 0 0 0 40 41
f0_5 f0_176 f2_781 0.51 -0.51 0.48 0 0 0 40 44
f0_5 f0_183 f0_228 0.08 -0.08 0.02 0 0 0 41 41
f0_5 f0_183 f0_641 0 0 0.69 0 0 0 41 45
f0_5 f0_183 f1h_69 0.33 -0.33 0.49 0 0 0 41 40
f0_5 f0_183 f1h_409 0.15 -0.15 0 0 0 0 41 43
f0_5 f0_183 f1h_499 -0.33 0.33 0.33 0 0 0 41 48
f0_5 f0_183 f1w_111 -0.37 0.37 0.23 0 0 0 41 44
f0_5 f0_183 f1w_120 -0.1 0.1 0.33 0 0 0 41 41
f0_5 f0_183 f1w_291 0.05 -0.05 0.7 0 0 0 41 41
f0_5 f0_183 f2_47 -0.31 0.31 0.31 0 0 0 41 43
f0_5 f0_183 f2_186 -0.12 0.12 0.54 0 0 0 41 44
f0_5 f0_183 f2_580 -0.3 0.3 0.29 0 0 0 41 46
f0_5 f0_183 f2_720 -0.62 0.6 -0.02 0 0 0 41 43
f0_5 f0_183 f2_772 -0.34 0.34 0.44 0 0 0 41 41
f0_5 f0_183 f2_781 0.14 -0.14 0.68 0 0 0 41 44
f0_5 f0_183 f2_806 0.54 -0.54 0.04 0 0 0 41 45
f0_5 f0_226 f0_253 0.18 -0.18 0.47 0 0 0 40 43
f0_5 f0_226 f1h_69 0.45 -0.45 0.23 0 0 0 40 40
f0_5 f0_226 f1w_120 0.1 -0.1 0.16 0 0 0 40 41
f0_5 f0_226 f2_580 0.17 -0.17 0.38 0 0 0 40 46
f0_5 f0_226 f2_806 0.54 -0.54 0.19 0 0 0 40 45
f0_5 f0_228 f0_548 -0.1 0.1 0.14 0 0 0 41 40
f0_5 f0_228 f1h_25 0.56 -0.56 0.58 0 0 0 41 43
f0_5 f0_228 f1h_69 0.5 -0.5 0.36 0 0 0 41 40
f0_5 f0_228 f1w_291 0.45 -0.45 0.22 0 0 0 41 41
f0_5 f0_228 f1w_342 0.32 -0.32 0.39 0 0 0 41 40
f0_5 f0_228 f2_186 0.28 -0.28 0.25 0 0 0 41 44
f0_5 f0_228 f2_772 0.21 -0.21 0.07 0 0 0 41 41
f0_5 f0_253 f0_374 -0.21 0.21 0.58 0 0 0 43 43
f0_5 f0_253 f0_641 0.14 -0.14 0.54 0 0 0 43 45
f0_5 f0_253 f0_992 -0.14 0.14 0.57 0 0 0 43 45
f0_5 f0_253 f1h_69 0.58 -0.58 0.24 0 0 0 43 40
f0_5 f0_253 f1w_111 -0.06 0.06 0.22 0 0 0 43 44
f0_5 f0_253 f1w_120 0.07 -0.07 0.27 0 0 0 43 41
f0_5 f0_253 f1w_342 0.05 -0.05 0.5 0 0 0 43 40
f0_5 f0_253 f2_186 0.22 -0.22 0.37 0 0 0 43 44
f0_5 f0_374 f1h_69 0.54 -0.54 0.43 0 0 0 43 40
f0_5 f0_374 f2_580 0.13 -0.13 0.4 0 0 0 43 46
f0_5 f0_374 f2_806 0.47 -0.47 0.41 0 0 0 43 45
f0_5 f0_548 f0_641 0.42 -0.42 0.13 0 0 0 40 45
f0_5 f0_548 f1h_499 0.11 -0.11 0.36 0 0 0 40 48
f0_5 f0_548 f1w_111 -0.02 0.02 0.03 0 0 0 40 44
f0_5 f0_548 f1w_120 0.21 -0.21 0 0 0 0 40 41
f0_5 f0_548 f1w_291 0.46 -0.46 0.35 0 0 0 40 41
f0_5 f0_548 f2_47 0.12 -0.12 0.14 0 0 0 40 43
f0_5 f0_548 f2_186 0.27 -0.27 0.2 0 0 0 40 44
f0_5 f0_548 f2_720 -0.19 0.19 0.09 0 0 0 40 43
f0_5 f0_548 f2_772 0.05 -0.05 0.37 0 0 0 40 41
f0_5 f0_548 f2_781 0.59 -0.59 0.12 0 0 0 40 44
f0_5 f0_604 f1h_69 0.42 -0.42 0.06 0 0 0 44 40
f0_5 f0_604 f1w_291 0.44 -0.44 0.27 0 0 0 44 41
f0_5 f0_604 f1w_342 0.42 -0.42 0.02 0 0 0 44 40
f0_5 f0_604 f2_186 0.35 -0.35 0.09 0 0 0 44 44
f0_5 f0_604 f2_772 0 0 0.44 0 0 0 44 41
f0_5 f0_604 f2_781 0.66 -0.66 0.07 0 0 0 44 44
f0_5 f0_604 f2_806 0.67 -0.67 -0.22 0 0 0 44 45
f0_5 f0_641 f1h_69 0.15 -0.15 0.27 0 0 0 45 40
f0_5 f0_641 f1h_184 -0.32 0.32 0.04 0 0 0 45 40
f0_5 f0_641 f1w_120 -0.14 0.14 0.31 0 0 0 45 41
f0_5 f0_641 f2_580 -0.16 0.16 -0.04 0 0 0 45 46
f0_5 f0_641 f2_806 0.38 -0.38 -0.17 0 0 0 45 45
f0_5 f0_748 f1w_120 0.28 -0.28 0.27 0 0 0 45 41
f0_5 f0_992 f1h_69 0.08 -0.08 -0.21 0 0 0 45 40
f0_5 f0_992 f1h_184 -0.02 0.02 0.39 0 0 0 45 40
f0_5 f0_992 f2_891 0.18 -0.18 0.5 0 0 0 45 41
f0_5 f1h_25 f1h_69 -0.15 0.15 0.29 0 0 0 43 40
f0_5 f1h_25 f1h_409 -0.15 0.15 0.73 0 0 0 43 43
f0_5 f1h_25 f2_267 0.15 -0.15 1.27 0 0 0 43 47
f0_5 f1h_25 f2_580 -0.49 0.49 0.67 0 0 0 43 46
f0_5 f1h_25 f2_806 -0.12 0.12 0.79 0 0 0 43 45
f0_5 f1h_48 f1h_69 0.55 -0.55 0.32 0 0 0 41 40
f0_5 f1h_48 f1w_342 0.42 -0.42 -0.01 0 0 0 41 40
f0_5 f1h_69 f1h_171 -0.02 0.02 0.21 0 0 0 40 45
f0_5 f1h_69 f1h_184 -0.71 0.67 0.17 0 0 0 40 40
f0_5 f1h_69 f1h_282 -0.68 0.59 0.02 0 0 0 40 43
f0_5 f1h_69 f1h_339 -0.32 0.32 0.55 0 0 0 40 45
f0_5 f1h_69 f1h_499 -0.17 0.17 0.45 0 0 0 40 48
f0_5 f1h_69 f1w_40 -0.45 0.45 0.39 0 0 0 40 40
f0_5 f1h_69 f1w_111 -0.25 0.25 0.59 0 0 0 40 44
f0_5 f1h_69 f1w_120 -0.27 0.27 0.6 0 0 0 40 41
f0_5 f1h_69 f1w_291 -0.02 0.02 0.26 0 0 0 40 41
f0_5 f1h_69 f1w_342 -0.37 0.37 0.41 0 0 0 40 40
f0_5 f1h_69 f2_186 -0.32 0.32 0.19 0 0 0 40 44
f0_5 f1h_69 f2_267 -0.06 0.06 0.68 0 0 0 40 47
f0_5 f1h_69 f2_580 -0.48 0.48 0.09 0 0 0 40 46
f0_5 f1h_69 f2_720 -0.53 0.53 0.44 0 0 0 40 43
f0_5 f1h_69 f2_891 -0.2 0.2 0.25 0 0 0 40 41
f0_5 f1h_171 f1w_120 -0.04 0.04 0.12 0 0 0 45 41
f0_5 f1h_171 f2_580 -0.22 0.22 0.61 0 0 0 45 46
f0_5 f1h_171 f2_806 0.4 -0.4 0.52 0 0 0 45 45
f0_5 f1h_184 f1h_499 0.11 -0.11 0.13 0 0 0 40 48
f0_5 f1h_184 f1w_342 0.5 -0.5 0.07 0 0 0 40 40
f0_5 f1h_184 f2_47 0.13 -0.13 0.08 0 0 0 40 43
f0_5 f1h_184 f2_186 0.3 -0.3 0.03 0 0 0 40 44
f0_5 f1h_184 f2_267 0.56 -0.56 0.29 0 0 0 40 47
f0_5 f1h_184 f2_772 0.08 -0.08 0.18 0 0 0 40 41
f0_5 f1h_184 f2_781 0.6 -0.6 0.12 0 0 0 40 44
f0_5 f1h_184 f2_806 0.56 -0.56 0.14 0 0 0 40 45
f0_5 f1h_282 f1w_120 0.36 -0.36 0.14 0 0 0 43 41
f0_5 f1h_339 f2_781 0.34 -0.34 0.64 0 0 0 45 44
f0_5 f1h_339 f2_806 0.32 -0.32 0.51 0 0 0 45 45
f0_5 f1h_409 f1w_120 -0.06 0.06 0.03 0 0 0 43 41
f0_5 f1h_409 f1w_342 0.09 -0.09 0.56 0 0 0 43 40
f0_5 f1h_409 f2_186 -0.13 0.13 0.22 0 0 0 43 44
f0_5 f1h_409 f2_891 -0.13 0.13 0.54 0 0 0 43 41
f0_5 f1h_499 f1w_342 0.35 -0.35 0.13 0 0 0 48 40
f0_5 f1h_499 f2_580 0.09 -0.09 0.47 0 0 0 48 46
f0_5 f1w_40 f1w_120 0.01 -0.01 0.17 0 0 0 40 41
f0_5 f1w_40 f1w_291 0.31 -0.31 0.75 0 0 0 40 41
f0_5 f1w_40 f2_186 0.04 -0.04 0.45 0 0 0 40 44
f0_5 f1w_40 f2_772 -0.11 0.11 0.57 0 0 0 40 41
f0_5 f1w_40 f2_781 0.43 -0.43 0.47 0 0 0 40 44
f0_5 f1w_111 f1w_342 0.35 -0.35 0.2 0 0 0 44 40
f0_5 f1w_111 f2_259 0.16 -0.16 0.33 0 0 0 44 41
f0_5 f1w_111 f2_580 0.14 -0.14 0.21 0 0 0 44 46
f0_5 f1w_111 f2_772 -0.07 0.07 0.25 0 0 0 44 41
f0_5 f1w_111 f2_781 0.41 -0.41 0.28 0 0 0 44 44
f0_5 f1w_111 f2_806 0.48 -0.48 0.46 0 0 0 44 45
f0_5 f1w_120 f1w_342 0.14 -0.14 0.27 0 0 0 41 40
f0_5 f1w_120 f2_47 -0.02 0.02 0.45 0 0 0 41 43
f0_5 f1w_120 f2_186 -0.08 0.08 0.42 0 0 0 41 44
f0_5 f1w_120 f2_259 0.24 -0.24 0.28 0 0 0 41 41
f0_5 f1w_120 f2_267 0.32 -0.32 0.17 0 0 0 41 47
f0_5 f1w_120 f2_363 -0.08 0.08 0.3 0 0 0 41 41
f0_5 f1w_120 f2_772 0.26 -0.26 -0.29 0 0 0 41 41
f0_5 f1w_120 f2_781 0.17 -0.17 0.63 0 0 0 41 44
f0_5 f1w_120 f2_806 0.25 -0.25 0.37 0 0 0 41 45
f0_5 f1w_120 f2_891 -0.07 0.07 0.61 0 0 0 41 41
f0_5 f1w_291 f1w_342 -0.01 0.01 0.69 0 0 0 41 40
f0_5 f1w_291 f2_806 0 0 0.61 0 0 0 41 45
f0_5 f1w_342 f2_186 -0.18 0.18 0.38 0 0 0 40 44
f0_5 f1w_342 f2_363 -0.14 0.14 0.4 0 0 0 40 41
f0_5 f1w_342 f2_781 0.12 -0.12 0.65 0 0 0 40 44
f0_5 f1w_342 f2_806 0.25 -0.25 0.62 0 0 0 40 45
f0_5 f1w_342 f2_891 -0.13 0.13 0.56 0 0 0 40 41
f0_5 f2_47 f2_580 0.08 -0.08 0.16 0 0 0 43 46
f0_5 f2_186 f2_267 0.42 -0.42 0.76 0 0 0 44 47
f0_5 f2_186 f2_363 0.12 -0.12 0.19 0 0 0 44 41
f0_5 f2_186 f2_580 -0.08 0.08 0.52 0 0 0 44 46
f0_5 f2_186 f2_720 -0.38 0.38 0.17 0 0 0 44 43
f0_5 f2_186 f2_806 0.39 -0.39 0.37 0 0 0 44 45
f0_5 f2_259 f2_580 -0.33 0.33 -0.01 0 0 0 41 46
f0_5 f2_259 f2_720 -0.49 0.49 0.32 0 0 0 41 43
f0_5 f2_267 f2_806 0.23 -0.23 -0.08 0 0 0 47 45
f0_5 f2_267 f2_891 -0.53 0.53 0.71 0 0 0 47 41
f0_5 f2_580 f2_891 0.12 -0.12 0.52 0 0 0 46 41
f0_5 f2_720 f2_781 0.46 -0.46 0.24 0 0 0 43 44
f0_5 f2_772 f2_806 0.33 -0.33 -0.23 0 0 0 41 45
f0_5 f2_772 f2_891 0.23 -0.23 -0.02 0 0 0 41 41
f0_5 f2_781 f2_891 -0.25 0.25 0.46 0 0 0 44 41
f0_6 f0_38 f0_84 0.02 -0.02 0.65 0 0 0 53 49
f0_6 f0_38 f0_115 0.11 -0.11 0.6 0 0 0 53 49
f0_6 f0_38 f0_147 -0.3 0.3 0.57 0 0 0 53 55
f0_6 f0_38 f0_630 0.16 -0.16 0.44 0 0 0 53 48
f0_6 f0_38 f0_990 0.06 -0.06 0.77 0 0 0 53 50
f0_6 f0_38 f1w_35 -0.16 0.16 0.47 0 0 0 53 46
f0_6 f0_38 f1w_47 -0.27 0.27 0.57 0 0 0 53 48
f0_6 f0_38 f1w_280 -0.26 0.26 0.34 0 0 0 53 44
f0_6 f0_38 f2_25 -0.27 0.27 0.43 0 0 0 53 46
f0_6 f0_38 f2_246 -0.19 0.19 0.3 0 0 0 53 46
f0_6 f0_38 f2_454 -0.23 0.23 0.5 0 0 0 53 50
f0_6 f0_38 f2_493 -0.1 0.1 0.49 0 0 0 53 49
f0_6 f0_38 f2_500 -0.05 0.05 0.75 0 0 0 53 54
f0_6 f0_38 f2_639 -0.1 0.1 0.45 0 0 0 53 49
f0_6 f0_38 f2_744 -0.21 0.21 0.36 0 0 0 53 49
f0_6 f0_38 f2_789 -0.04 0.04 0.56 0 0 0 53 48
f0_6 f0_38 f2_821 0.05 -0.05 0.55 0 0 0 53 45
f0_6 f0_38 f2_980 -0.32 0.32 0.63 0 0 0 53 55
f0_6 f0_84 f0_115 0.45 -0.45 0.05 0 0 0 49 49
f0_6 f0_84 f0_119 0.19 -0.19 0.32 0 0 0 49 48
f0_6 f0_84 f0_630 -0.21 0.21 0.57 0 0 0 49 48
f0_6 f0_84 f0_990 -0.31 0.31 -0.06 0 0 0 49 50
f0_6 f0_84 f0_995 -0.2 0.2 0.43 0 0 0 49 47
f0_6 f0_84 f1h_258 0.1 -0.1 0.76 0 0 0 49 54
f0_6 f0_84 f1w_280 -0.22 0.22 0.52 0 0 0 49 44
f0_6 f0_84 f1w_451 -0.2 0.2 -0.1 0 0 0 49 51
f0_6 f0_84 f1w_482 -0.14 0.14 0.57 0 0 0 49 50
f0_6 f0_84 f2_25 -0.33 0.33 0.15 0 0 0 49 46
f0_6 f0_84 f2_246 -0.35 0.35 0.36 0 0 0 49 46
f0_6 f0_84 f2_454 -0.5 0.5 -0.26 0 0 0 49 50
f0_6 f0_84 f2_500 -0.45 0.45 -0.01 0 0 0 49 54
f0_6 f0_84 f2_527 -0.28 0.28 0.55 0 0 0 49 49
f0_6 f0_84 f2_639 -0.17 0.17 0.63 0 0 0 49 49
f0_6 f0_84 f2_696 -0.32 0.32 0.29 0 0 0 49 50
f0_6 f0_84 f2_864 -0.13 0.13 -0.41 0 0 0 49 50
f0_6 f0_84 f2_895 -0.37 0.37 0.38 0 0 0 49 47
f0_6 f0_84 f2_985 -0.25 0.25 0.37 0 0 0 49 52
f0_6 f0_115 f0_147 -0.5 0.5 0.37 0 0 0 49 55
f0_6 f0_115 f0_157 -0.72 0.72 0.3 0 0 0 49 46
f0_6 f0_115 f0_192 -0.22 0.22 0.56 0 0 0 49 45
f0_6 f0_115 f0_403 -0.55 0.55 0.43 0 0 0 49 47
f0_6 f0_115 f0_630 -0.39 0.39 0.55 0 0 0 49 48
f0_6 f0_115 f0_791 -0.03 0.03 0.23 0 0 0 49 48
f0_6 f0_115 f0_927 -0.09 0.09 0.51 0 0 0 49 44
f0_6 f0_115 f0_990 0.01 -0.01 0.59 0 0 0 49 50
f0_6 f0_115 f1h_258 0.01 -0.01 0.98 0 0 0 49 54
f0_6 f0_115 f1h_304 -0.25 0.25 0.18 0 0 0 49 50
f0_6 f0_115 f1h_382 -0.39 0.39 0.59 0 0 0 49 48
f0_6 f0_115 f1h_425 -0.45 0.45 0.29 0 0 0 49 53
f0_6 f0_115 f1h_459 0.05 -0.05 0.63 0 0 0 49 55
f0_6 f0_115 f1w_35 -0.43 0.43 0.39 0 0 0 49 46
f0_6 f0_115 f1w_47 -0.36 0.36 0.35 0 0 0 49 48
f0_6 f0_115 f1w_280 -0.36 0.36 0.41 0 0 0 49 44
f0_6 f0_115 f1w_301 0 0 0.42 0 0 0 49 48
f0_6 f0_115 f1w_444 -0.11 0.11 0.01 0 0 0 49 50
f0_6 f0_115 f1w_451 -0.13 0.13 -0.05 0 0 0 49 51
f0_6 f0_115 f1w_482 -0.28 0.28 0.51 0 0 0 49 50
f0_6 f0_115 f2_246 -0.43 0.43 0.05 0 0 0 49 46
f0_6 f0_115 f2_427 -0.28 0.28 0.6 0 0 0 49 48
f0_6 f0_115 f2_454 -0.45 0.45 0.34 0 0 0 49 50
f0_6 f0_115 f2_500 -0.26 0.26 0.56 0 0 0 49 54
f0_6 f0_115 f2_518 -0.28 0.28 0.6 0 0 0 49 50
f0_6 f0_115 f2_527 -0.48 0.48 0.49 0 0 0 49 49
f0_6 f0_115 f2_696 -0.32 0.32 0.41 0 0 0 49 50
f0_6 f0_115 f2_744 -0.13 0.13 0.44 0 0 0 49 49
f0_6 f0_115 f2_789 -0.08 0.08 0.31 0 0 0 49 48
f0_6 f0_115 f2_821 -0.06 0.06 0.49 0 0 0 49 45
f0_6 f0_115 f2_839 -0.03 0.03 0.63 0 0 0 49 53
f0_6 f0_115 f2_864 0.01 -0.01 0.69 0 0 0 49 50
f0_6 f0_115 f2_895 -0.53 0.53 0.3 0 0 0 49 47
f0_6 f0_115 f2_980 -0.51 0.51 0.35 0 0 0 49 55
f0_6 f0_115 f2_985 -0.39 0.39 0.55 0 0 0 49 52
f0_6 f0_119 f0_147 -0.25 0.25 0.42 0 0 0 48 55
f0_6 f0_119 f1w_47 -0.09 0.09 0.51 0 0 0 48 48
f0_6 f0_119 f1w_280 -0.07 0.07 0.09 0 0 0 48 44
f0_6 f0_119 f2_246 -0.28 0.28 -0.01 0 0 0 48 46
f0_6 f0_119 f2_454 -0.18 0.18 0.47 0 0 0 48 50
f0_6 f0_119 f2_500 -0.13 0.13 0.53 0 0 0 48 54
f0_6 f0_119 f2_696 -0.2 0.2 0.56 0 0 0 48 50
f0_6 f0_119 f2_744 -0.19 0.19 0.36 0 0 0 48 49
f0_6 f0_119 f2_789 0.32 -0.32 0.34 0 0 0 48 48
f0_6 f0_119 f2_864 0.05 -0.05 0.62 0 0 0 48 50
f0_6 f0_119 f2_980 -0.29 0.29 0.64 0 0 0 48 55
f0_6 f0_134 f0_630 0.17 -0.17 0.64 0 0 0 51 48
f0_6 f0_134 f0_990 0.24 -0.24 0.51 0 0 0 51 50
f0_6 f0_134 f1w_35 0.08 -0.08 0.48 0 0 0 51 46
f0_6 f0_134 f1w_280 0.11 -0.11 0.41 0 0 0 51 44
f0_6 f0_134 f2_454 0.14 -0.14 0.36 0 0 0 51 50
f0_6 f0_134 f2_696 0.14 -0.14 0.57 0 0 0 51 50
f0_6 f0_134 f2_821 0.1 -0.1 0.24 0 0 0 51 45
f0_6 f0_147 f0_791 0.16 -0.16 0.48 0 0 0 55 48
f0_6 f0_147 f0_927 0.19 -0.19 0.2 0 0 0 55 44
f0_6 f0_147 f2_493 -0.01 0.01 0.09 0 0 0 55 49
f0_6 f0_147 f2_839 0.1 -0.1 0.46 0 0 0 55 53
f0_6 f0_147 f2_864 0.64 -0.64 0.61 0 0 0 55 50
f0_6 f0_147 f2_895 0.12 -0.12 0.51 0 0 0 55 47
f0_6 f0_147 f2_985 0.2 -0.2 0.13 0 0 0 55 52
f0_6 f0_157 f1w_47 0.3 -0.3 0.01 0 0 0 46 48
f0_6 f0_157 f1w_301 0.58 -0.58 0.29 0 0 0 46 48
f0_6 f0_157 f1w_451 0.55 -0.55 0.25 0 0 0 46 51
f0_6 f0_157 f2_25 0.31 -0.31 0.21 0 0 0 46 46
f0_6 f0_157 f2_500 0.43 -0.43 -0.09 0 0 0 46 54
f0_6 f0_157 f2_789 0.21 -0.21 0.28 0 0 0 46 48
f0_6 f0_157 f2_864 0.74 -0.74 0.19 0 0 0 46 50
f0_6 f0_192 f0_990 0.19 -0.19 0.75 0 0 0 45 50
f0_6 f0_192 f1w_35 0.16 -0.16 0.52 0 0 0 45 46
f0_6 f0_192 f1w_280 0.18 -0.18 0.29 0 0 0 45 44
f0_6 f0_192 f2_25 0.02 -0.02 0.36 0 0 0 45 46
f0_6 f0_192 f2_246 -0.01 0.01 0.33 0 0 0 45 46
f0_6 f0_192 f2_500 0.27 -0.27 0.5 0 0 0 45 54
f0_6 f0_192 f2_821 0.29 -0.29 0.52 0 0 0 45 45
f0_6 f0_192 f2_864 0.51 -0.51 0.55 0 0 0 45 50
f0_6 f0_403 f0_995 0.13 -0.13 0.64 0 0 0 47 47
f0_6 f0_403 f1w_280 0.13 -0.13 0.41 0 0 0 47 44
f0_6 f0_403 f2_454 0.04 -0.04 0.42 0 0 0 47 50
f0_6 f0_403 f2_696 0.05 -0.05 0.44 0 0 0 47 50
f0_6 f0_403 f2_744 -0.01 0.01 0.26 0 0 0 47 49
f0_6 f0_403 f2_864 0.62 -0.62 0.59 0 0 0 47 50
f0_6 f0_630 f0_791 -0.03 0.03 0.69 0 0 0 48 48
f0_6 f0_630 f0_927 0.19 -0.19 -0.02 0 0 0 48 44
f0_6 f0_630 f1h_382 0.26 -0.26 0.05 0 0 0 48 48
f0_6 f0_630 f1w_47 -0.13 0.13 -0.24 0 0 0 48 48
f0_6 f0_630 f1w_301 0.04 -0.04 0.76 0 0 0 48 48
f0_6 f0_630 f1w_482 0.03 -0.03 0.39 0 0 0 48 50
f0_6 f0_630 f2_25 0.02 -0.02 0.58 0 0 0 48 46
f0_6 f0_630 f2_427 0.19 -0.19 0.46 0 0 0 48 48
f0_6 f0_630 f2_518 0.07 -0.07 0.73 0 0 0 48 50
f0_6 f0_630 f2_864 0.48 -0.48 0.58 0 0 0 48 50
f0_6 f0_630 f2_895 -0.01 0.01 0.5 0 0 0 48 47
f0_6 f0_630 f2_985 -0.07 0.07 0.22 0 0 0 48 52
f0_6 f0_791 f0_990 0.23 -0.23 0.94 0 0 0 48 50
f0_6 f0_791 f1w_35 0.12 -0.12 0.78 0 0 0 48 46
f0_6 f0_791 f1w_280 0 0 0.63 0 0 0 48 44
f0_6 f0_791 f2_246 -0.07 0.07 0.46 0 0 0 48 46
f0_6 f0_791 f2_454 -0.4 0.4 0.17 0 0 0 48 50
f0_6 f0_791 f2_639 0.01 -0.01 0.39 0 0 0 48 49
f0_6 f0_791 f2_821 0.29 -0.29 0.6 0 0 0 48 45
f0_6 f0_927 f0_990 0.12 -0.12 0.57 0 0 0 44 50
f0_6 f0_927 f0_995 -0.09 0.09 0.4 0 0 0 44 47
f0_6 f0_927 f1h_459 -0.11 0.11 0.55 0 0 0 44 55
f0_6 f0_927 f1w_35 -0.04 0.04 0.64 0 0 0 44 46
f0_6 f0_927 f1w_280 0.01 -0.01 0.06 0 0 0 44 44
f0_6 f0_927 f1w_451 0.21 -0.21 0.74 0 0 0 44 51
f0_6 f0_927 f2_25 -0.02 0.02 0.12 0 0 0 44 46
f0_6 f0_927 f2_246 -0.16 0.16 0.44 0 0 0 44 46
f0_6 f0_927 f2_454 -0.17 0.17 0.4 0 0 0 44 50
f0_6 f0_927 f2_500 0.07 -0.07 0.61 0 0 0 44 54
f0_6 f0_927 f2_639 -0.19 0.19 0.02 0 0 0 44 49
f0_6 f0_927 f2_696 0.05 -0.05 0.34 0 0 0 44 50
f0_6 f0_927 f2_744 -0.24 0.24 0.37 0 0 0 44 49
f0_6 f0_927 f2_821 0.03 -0.03 0.11 0 0 0 44 45
f0_6 f0_927 f2_839 0.09 -0.09 0.78 0 0 0 44 53
f0_6 f0_927 f2_864 0.35 -0.35 0.68 0 0 0 44 50
f0_6 f0_927 f2_895 -0.19 0.19 0.48 0 0 0 44 47
f0_6 f0_927 f2_980 -0.1 0.1 0.23 0 0 0 44 55
f0_6 f0_990 f0_995 -0.35 0.35 0.41 0 0 0 50 47
f0_6 f0_990 f1h_258 -0.02 0.02 0.36 0 0 0 50 54
f0_6 f0_990 f1h_382 -0.51 0.51 0.16 0 0 0 50 48
f0_6 f0_990 f1w_47 -0.37 0.37 0.24 0 0 0 50 48
f0_6 f0_990 f1w_155 -0.35 0.35 0.46 0 0 0 50 49
f0_6 f0_990 f1w_301 0.01 -0.01 0.87 0 0 0 50 48
f0_6 f0_990 f1w_482 -0.18 0.18 0.73 0 0 0 50 50
f0_6 f0_990 f2_25 -0.33 0.33 0.26 0 0 0 50 46
f0_6 f0_990 f2_427 -0.25 0.25 0.56 0 0 0 50 48
f0_6 f0_990 f2_454 -0.57 0.57 -0.07 0 0 0 50 50
f0_6 f0_990 f2_500 -0.27 0.27 0.04 0 0 0 50 54
f0_6 f0_990 f2_518 -0.09 0.09 0.73 0 0 0 50 50
f0_6 f0_990 f2_527 -0.33 0.33 0.33 0 0 0 50 49
f0_6 f0_990 f2_864 -0.08 0.08 1.2 0 0 0 50 50
f0_6 f0_990 f2_980 -0.53 0.53 0.15 0 0 0 50 55
f0_6 f0_990 f2_985 -0.44 0.44 0.45 0 0 0 50 52
f0_6 f0_995 f1h_382 0.03 -0.03 0.61 0 0 0 47 48
f0_6 f0_995 f1h_425 -0.07 0.07 0.6 0 0 0 47 53
f0_6 f0_995 f1w_35 0.13 -0.13 0.51 0 0 0 47 46
f0_6 f0_995 f1w_47 -0.06 0.06 0.47 0 0 0 47 48
f0_6 f0_995 f1w_280 0.1 -0.1 -0.19 0 0 0 47 44
f0_6 f0_995 f1w_301 0.13 -0.13 0.52 0 0 0 47 48
f0_6 f0_995 f1w_444 -0.07 0.07 0.52 0 0 0 47 50
f0_6 f0_995 f1w_482 0.1 -0.1 0.4 0 0 0 47 50
f0_6 f0_995 f2_246 -0.03 0.03 0.39 0 0 0 47 46
f0_6 f0_995 f2_500 0.26 -0.26 0.4 0 0 0 47 54
f0_6 f0_995 f2_789 -0.31 0.31 0.2 0 0 0 47 48
f0_6 f0_995 f2_821 0.27 -0.27 0.53 0 0 0 47 45
f0_6 f0_995 f2_839 0.37 -0.37 0.2 0 0 0 47 53
f0_6 f0_995 f2_985 0 0 0.33 0 0 0 47 52
f0_6 f1h_258 f1w_35 0.08 -0.08 0.48 0 0 0 54 46
f0_6 f1h_258 f1w_47 -0.07 0.07 0.25 0 0 0 54 48
f0_6 f1h_258 f1w_280 -0.43 0.43 -0.22 0 0 0 54 44
f0_6 f1h_258 f1w_301 -0.13 0.13 0.82 0 0 0 54 48
f0_6 f1h_258 f1w_451 -0.03 0.03 0.91 0 0 0 54 51
f0_6 f1h_258 f2_25 -0.39 0.39 0.52 0 0 0 54 46
f0_6 f1h_258 f2_246 -0.3 0.12 0.15 0 0 0 54 46
f0_6 f1h_258 f2_493 -0.25 0.25 -0.06 0 0 0 54 49
f0_6 f1h_258 f2_500 -0.18 0.18 0.09 0 0 0 54 54
f0_6 f1h_258 f2_789 -0.13 0.13 0.82 0 0 0 54 48
f0_6 f1h_258 f2_821 -0.17 0.17 0.44 0 0 0 54 45
f0_6 f1h_258 f2_839 -0.11 0.11 0.69 0 0 0 54 53
f0_6 f1h_258 f2_864 0.01 -0.01 0.75 0 0 0 54 50
f0_6 f1h_258 f2_895 -0.09 0.09 0.32 0 0 0 54 47
f0_6 f1h_304 f1w_47 0.04 -0.04 0.32 0 0 0 50 48
f0_6 f1h_304 f2_25 0.11 -0.11 0.6 0 0 0 50 46
f0_6 f1h_304 f2_246 0.07 -0.07 0.42 0 0 0 50 46
f0_6 f1h_304 f2_454 0.08 -0.08 0.47 0 0 0 50 50
f0_6 f1h_304 f2_500 0.28 -0.28 0.65 0 0 0 50 54
f0_6 f1h_382 f1w_47 -0.11 0.11 0.29 0 0 0 48 48
f0_6 f1h_382 f1w_280 -0.02 0.02 0.35 0 0 0 48 44
f0_6 f1h_382 f1w_451 0.18 -0.18 -0.08 0 0 0 48 51
f0_6 f1h_382 f2_25 0.31 -0.31 0.23 0 0 0 48 46
f0_6 f1h_382 f2_246 -0.07 0.07 0.12 0 0 0 48 46
f0_6 f1h_382 f2_454 -0.11 0.11 0.37 0 0 0 48 50
f0_6 f1h_382 f2_493 -0.02 0.02 0.55 0 0 0 48 49
f0_6 f1h_382 f2_500 0.1 -0.1 0.52 0 0 0 48 54
f0_6 f1h_382 f2_639 -0.06 0.06 0.47 0 0 0 48 49
f0_6 f1h_382 f2_696 -0.19 0.19 0.25 0 0 0 48 50
f0_6 f1h_382 f2_839 0.08 -0.08 0.47 0 0 0 48 53
f0_6 f1h_382 f2_864 0.45 -0.45 0.58 0 0 0 48 50
f0_6 f1h_382 f2_895 -0.04 0.04 0.01 0 0 0 48 47
f0_6 f1h_425 f1h_459 0.47 -0.47 0.22 0 0 0 53 55
f0_6 f1h_425 f1w_47 0.02 -0.02 0.2 0 0 0 53 48
f0_6 f1h_425 f1w_155 -0.13 0.13 0.32 0 0 0 53 49
f0_6 f1h_425 f1w_301 0.12 -0.12 0.31 0 0 0 53 48
f0_6 f1h_425 f2_25 0.09 -0.09 0.34 0 0 0 53 46
f0_6 f1h_425 f2_246 0.11 -0.11 -0.14 0 0 0 53 46
f0_6 f1h_425 f2_454 0.14 -0.14 0.39 0 0 0 53 50
f0_6 f1h_425 f2_500 0.26 -0.26 0.18 0 0 0 53 54
f0_6 f1h_425 f2_696 0.14 -0.14 0.29 0 0 0 53 50
f0_6 f1h_425 f2_744 0.18 -0.18 0.23 0 0 0 53 49
f0_6 f1h_425 f2_864 0.52 -0.52 0.21 0 0 0 53 50
f0_6 f1h_425 f2_895 0.11 -0.11 0.29 0 0 0 53 47
f0_6 f1h_425 f2_980 0.1 -0.1 0.47 0 0 0 53 55
f0_6 f1h_459 f1w_35 -0.06 0.06 0.52 0 0 0 55 46
f0_6 f1h_459 f1w_47 0.48 -0.48 0.18 0 0 0 55 48
f0_6 f1h_459 f1w_280 -0.19 0.19 0.09 0 0 0 55 44
f0_6 f1h_459 f2_25 -0.3 0.3 0.28 0 0 0 55 46
f0_6 f1h_459 f2_493 -0.18 0.18 0.7 0 0 0 55 49
f0_6 f1h_459 f2_500 0.26 -0.26 0.4 0 0 0 55 54
f0_6 f1h_459 f2_864 -0.02 0.02 0.41 0 0 0 55 50
f0_6 f1h_459 f2_985 -0.29 0.29 0.3 0 0 0 55 52
f0_6 f1w_35 f1w_47 -0.26 0.26 -0.08 0 0 0 46 48
f0_6 f1w_35 f1w_155 -0.43 0.43 0.32 0 0 0 46 49
f0_6 f1w_35 f1w_301 -0.18 0.18 0.43 0 0 0 46 48
f0_6 f1w_35 f1w_482 -0.06 0.06 0.48 0 0 0 46 50
f0_6 f1w_35 f2_25 -0.03 0.03 0.39 0 0 0 46 46
f0_6 f1w_35 f2_427 -0.14 0.14 0.22 0 0 0 46 48
f0_6 f1w_35 f2_454 -0.09 0.09 0.28 0 0 0 46 50
f0_6 f1w_35 f2_500 0.11 -0.11 0.21 0 0 0 46 54
f0_6 f1w_35 f2_518 -0.15 0.15 0.47 0 0 0 46 50
f0_6 f1w_35 f2_744 -0.13 0.13 0.35 0 0 0 46 49
f0_6 f1w_35 f2_864 0.4 -0.4 0.45 0 0 0 46 50
f0_6 f1w_35 f2_895 -0.17 0.17 0.4 0 0 0 46 47
f0_6 f1w_35 f2_980 -0.16 0.16 0.34 0 0 0 46 55
f0_6 f1w_35 f2_985 -0.09 0.09 0.36 0 0 0 46 52
f0_6 f1w_47 f1w_280 0.07 -0.07 0.32 0 0 0 48 44
f0_6 f1w_47 f1w_451 0.42 -0.42 0.45 0 0 0 48 51
f0_6 f1w_47 f2_454 -0.08 0.08 0.02 0 0 0 48 50
f0_6 f1w_47 f2_518 0.23 -0.23 0.5 0 0 0 48 50
f0_6 f1w_47 f2_639 -0.02 0.02 0.34 0 0 0 48 49
f0_6 f1w_47 f2_696 0.06 -0.06 0.57 0 0 0 48 50
f0_6 f1w_47 f2_744 -0.08 0.08 0.36 0 0 0 48 49
f0_6 f1w_47 f2_821 0.3 -0.3 0.3 0 0 0 48 45
f0_6 f1w_47 f2_839 0.35 -0.35 0.38 0 0 0 48 53
f0_6 f1w_47 f2_864 0.57 -0.57 0.5 0 0 0 48 50
f0_6 f1w_47 f2_895 -0.04 0.04 0.61 0 0 0 48 47
f0_6 f1w_47 f2_985 0.2 -0.2 0.06 0 0 0 48 52
f0_6 f1w_155 f1w_280 0.42 -0.42 -0.14 0 0 0 49 44
f0_6 f1w_155 f2_246 0.32 -0.32 0.34 0 0 0 49 46
f0_6 f1w_155 f2_500 0.6 -0.6 0.48 0 0 0 49 54
f0_6 f1w_155 f2_985 0.34 -0.34 0.14 0 0 0 49 52
f0_6 f1w_280 f1w_301 0.19 -0.19 0.59 0 0 0 44 48
f0_6 f1w_280 f1w_482 0.07 -0.07 0.22 0 0 0 44 50
f0_6 f1w_280 f2_25 0 0 0.47 0 0 0 44 46
f0_6 f1w_280 f2_246 -0.03 0.03 0.17 0 0 0 44 46
f0_6 f1w_280 f2_427 -0.07 0.07 0.23 0 0 0 44 48
f0_6 f1w_280 f2_454 0.06 -0.06 0.24 0 0 0 44 50
f0_6 f1w_280 f2_493 -0.12 0.12 0.22 0 0 0 44 49
f0_6 f1w_280 f2_500 0.25 -0.25 0.33 0 0 0 44 54
f0_6 f1w_280 f2_518 0.04 -0.04 0.47 0 0 0 44 50
f0_6 f1w_280 f2_527 -0.16 0.16 0.17 0 0 0 44 49
f0_6 f1w_280 f2_639 -0.14 0.14 0.25 0 0 0 44 49
f0_6 f1w_280 f2_696 0.01 -0.01 -0.12 0 0 0 44 50
f0_6 f1w_280 f2_744 -0.07 0.07 0.36 0 0 0 44 49
f0_6 f1w_280 f2_821 0.25 -0.25 0.12 0 0 0 44 45
f0_6 f1w_280 f2_839 0.19 -0.19 0.35 0 0 0 44 53
f0_6 f1w_280 f2_864 0.17 -0.17 0.66 0 0 0 44 50
f0_6 f1w_280 f2_895 -0.02 0.02 0.42 0 0 0 44 47
f0_6 f1w_280 f2_980 -0.06 0.06 0.39 0 0 0 44 55
f0_6 f1w_280 f2_985 -0.09 0.09 0.19 0 0 0 44 52
f0_6 f1w_301 f2_454 -0.16 0.16 0.5 0 0 0 48 50
f0_6 f1w_301 f2_639 -0.21 0.21 0.51 0 0 0 48 49
f0_6 f1w_301 f2_696 0.22 -0.22 0.68 0 0 0 48 50
f0_6 f1w_301 f2_864 0.35 -0.35 0.68 0 0 0 48 50
f0_6 f1w_301 f2_985 -0.19 0.19 0.21 0 0 0 48 52
f0_6 f1w_444 f2_25 0.11 -0.11 0.46 0 0 0 50 46
f0_6 f1w_444 f2_246 0.06 -0.06 0.44 0 0 0 50 46
f0_6 f1w_444 f2_454 0.12 -0.12 0.47 0 0 0 50 50
f0_6 f1w_444 f2_500 0.37 -0.37 0.62 0 0 0 50 54
f0_6 f1w_444 f2_696 0.1 -0.1 0.54 0 0 0 50 50
f0_6 f1w_444 f2_864 0.63 -0.63 0.57 0 0 0 50 50
f0_6 f1w_444 f2_895 -0.06 0.06 0.58 0 0 0 50 47
f0_6 f1w_451 f2_25 -0.25 0.25 0.21 0 0 0 51 46
f0_6 f1w_451 f2_427 -0.18 0.18 0.67 0 0 0 51 48
f0_6 f1w_451 f2_454 -0.26 0.26 0.16 0 0 0 51 50
f0_6 f1w_451 f2_493 -0.41 0.41 0.52 0 0 0 51 49
f0_6 f1w_451 f2_500 -0.11 0.11 0.62 0 0 0 51 54
f0_6 f1w_451 f2_639 -0.35 0.35 0.53 0 0 0 51 49
f0_6 f1w_451 f2_696 -0.33 0.33 0.26 0 0 0 51 50
f0_6 f1w_451 f2_744 -0.2 0.2 0.4 0 0 0 51 49
f0_6 f1w_451 f2_821 0.03 -0.03 0.66 0 0 0 51 45
f0_6 f1w_451 f2_864 -0.14 0.14 0.58 0 0 0 51 50
f0_6 f1w_451 f2_980 -0.4 0.4 0.3 0 0 0 51 55
f0_6 f1w_451 f2_985 -0.22 0.22 0.33 0 0 0 51 52
f0_6 f1w_482 f2_454 -0.15 0.15 0.19 0 0 0 50 50
f0_6 f1w_482 f2_493 -0.12 0.12 0.39 0 0 0 50 49
f0_6 f1w_482 f2_639 -0.16 0.16 0.28 0 0 0 50 49
f0_6 f1w_482 f2_696 0.43 -0.43 0.11 0 0 0 50 50
f0_6 f1w_482 f2_744 -0.13 0.13 0.41 0 0 0 50 49
f0_6 f1w_482 f2_789 -0.11 0.11 0.39 0 0 0 50 48
f0_6 f1w_482 f2_821 -0.09 0.09 0.54 0 0 0 50 45
f0_6 f1w_482 f2_864 0.41 -0.41 0.65 0 0 0 50 50
f0_6 f2_25 f2_427 0.19 -0.19 0.68 0 0 0 46 48
f0_6 f2_25 f2_454 -0.22 0.22 -0.03 0 0 0 46 50
f0_6 f2_25 f2_518 0.16 -0.16 0.62 0 0 0 46 50
f0_6 f2_25 f2_696 0.2 -0.2 0.37 0 0 0 46 50
f0_6 f2_25 f2_789 -0.01 0.01 0.35 0 0 0 46 48
f0_6 f2_25 f2_821 0.25 -0.25 0.13 0 0 0 46 45
f0_6 f2_25 f2_839 0.24 -0.24 0.21 0 0 0 46 53
f0_6 f2_25 f2_985 -0.11 0.11 0.56 0 0 0 46 52
f0_6 f2_246 f2_427 0.22 -0.22 0.55 0 0 0 46 48
f0_6 f2_246 f2_454 -0.03 0.03 0.18 0 0 0 46 50
f0_6 f2_246 f2_493 0.02 -0.02 0.54 0 0 0 46 49
f0_6 f2_246 f2_518 0.17 -0.17 0.35 0 0 0 46 50
f0_6 f2_246 f2_639 -0.05 0.05 0.42 0 0 0 46 49
f0_6 f2_246 f2_696 0 0 0.23 0 0 0 46 50
f0_6 f2_246 f2_789 0.06 -0.06 0.39 0 0 0 46 48
f0_6 f2_246 f2_821 0.01 -0.01 0.46 0 0 0 46 45
f0_6 f2_246 f2_839 0.19 -0.19 0.02 0 0 0 46 53
f0_6 f2_246 f2_864 0.21 -0.21 0.55 0 0 0 46 50
f0_6 f2_246 f2_985 -0.19 0.19 0.02 0 0 0 46 52
f0_6 f2_427 f2_454 -0.14 0.14 0.55 0 0 0 48 50
f0_6 f2_427 f2_500 -0.01 0.01 0.9 0 0 0 48 54
f0_6 f2_427 f2_639 -0.16 0.16 0.52 0 0 0 48 49
f0_6 f2_427 f2_839 0.05 -0.05 0.83 0 0 0 48 53
f0_6 f2_454 f2_493 0.04 -0.04 0.18 0 0 0 50 49
f0_6 f2_454 f2_500 0.19 -0.19 -0.32 0 0 0 50 54
f0_6 f2_454 f2_518 0.1 -0.1 0.47 0 0 0 50 50
f0_6 f2_454 f2_789 -0.2 0.2 0.26 0 0 0 50 48
f0_6 f2_454 f2_821 0.23 -0.23 0.44 0 0 0 50 45
f0_6 f2_454 f2_839 0.47 -0.47 -0.27 0 0 0 50 53
f0_6 f2_454 f2_864 0.57 -0.57 0.23 0 0 0 50 50
f0_6 f2_454 f2_895 0.24 -0.24 -0.06 0 0 0 50 47
f0_6 f2_454 f2_985 0 0 0.36 0 0 0 50 52
f0_6 f2_493 f2_500 0.28 -0.28 0.17 0 0 0 49 54
f0_6 f2_493 f2_518 0.16 -0.16 0.53 0 0 0 49 50
f0_6 f2_493 f2_527 -0.09 0.09 0.35 0 0 0 49 49
f0_6 f2_493 f2_696 0.05 -0.05 0.37 0 0 0 49 50
f0_6 f2_493 f2_744 -0.23 0.23 0.32 0 0 0 49 49
f0_6 f2_493 f2_864 0.57 -0.57 0.47 0 0 0 49 50
f0_6 f2_493 f2_895 -0.03 0.03 0.59 0 0 0 49 47
f0_6 f2_493 f2_980 -0.02 0.02 0.54 0 0 0 49 55
f0_6 f2_493 f2_985 0.12 -0.12 0.24 0 0 0 49 52
f0_6 f2_500 f2_518 -0.03 0.03 0.94 0 0 0 54 50
f0_6 f2_500 f2_639 -0.29 0.29 0.15 0 0 0 54 49
f0_6 f2_500 f2_789 -0.31 0.31 0.44 0 0 0 54 48
f0_6 f2_500 f2_821 0.12 -0.12 0.6 0 0 0 54 45
f0_6 f2_500 f2_839 0.29 -0.29 0.14 0 0 0 54 53
f0_6 f2_500 f2_985 -0.17 0.17 0.4 0 0 0 54 52
f0_6 f2_518 f2_639 -0.04 0.04 0.62 0 0 0 50 49
f0_6 f2_527 f2_789 0 0 0.6 0 0 0 49 48
f0_6 f2_527 f2_821 0.36 -0.36 0.5 0 0 0 49 45
f0_6 f2_527 f2_864 0.34 -0.34 0.51 0 0 0 49 50
f0_6 f2_639 f2_789 -0.13 0.13 0.44 0 0 0 49 48
f0_6 f2_639 f2_864 0.56 -0.56 0.45 0 0 0 49 50
f0_6 f2_639 f2_895 0 0 0.35 0 0 0 49 47
f0_6 f2_639 f2_985 -0.15 0.15 0.24 0 0 0 49 52
f0_6 f2_696 f2_789 -0.01 0.01 0.44 0 0 0 50 48
f0_6 f2_696 f2_821 0.24 -0.24 0.56 0 0 0 50 45
f0_6 f2_696 f2_985 0.05 -0.05 0.33 0 0 0 50 52
f0_6 f2_744 f2_839 0.05 -0.05 0.33 0 0 0 49 53
f0_6 f2_744 f2_985 -0.13 0.13 0.24 0 0 0 49 52
f0_6 f2_789 f2_839 -0.06 0.06 0.09 0 0 0 48 53
f0_6 f2_789 f2_864 0.22 -0.22 0.59 0 0 0 48 50
f0_6 f2_789 f2_895 -0.04 0.04 0.52 0 0 0 48 47
f0_6 f2_789 f2_985 -0.3 0.3 0.19 0 0 0 48 52
f0_6 f2_821 f2_864 0.14 -0.14 0.71 0 0 0 45 50
f0_6 f2_821 f2_895 -0.29 0.29 0.5 0 0 0 45 47
f0_6 f2_821 f2_985 -0.28 0.28 0.45 0 0 0 45 52
f0_6 f2_839 f2_864 0.05 -0.05 0.52 0 0 0 53 50
f0_6 f2_839 f2_980 -0.39 0.39 0.09 0 0 0 53 55
f0_6 f2_839 f2_985 -0.2 0.2 0.5 0 0 0 53 52
f0_6 f2_864 f2_985 -0.61 0.61 0.39 0 0 0 50 52
f0_6 f2_895 f2_985 0.08 -0.08 0.1 0 0 0 47 52
f0_6 f2_980 f2_985 -0.01 0.01 0.06 0 0 0 55 52
f0_7 f0_94 f1h_283 0.53 -0.53 -0.19 0 0 0 43 48
f0_7 f0_286 f0_563 0.09 -0.09 0.35 0 0 0 46 46
f0_7 f0_551 f2_612 0.16 -0.16 -0.31 0 0 0 50 45
f0_7 f0_563 f1h_91 0.05 -0.05 0.65 0 0 0 46 47
f0_7 f0_563 f2_9 -0.8 0.8 -0.18 0 0 0 46 49
f0_7 f1h_91 f2_612 -0.33 0.33 0.64 0 0 0 47 45
f0_7 f1h_278 f1w_251 -0.3 0.3 1.17 0 0 0 48 44
f0_7 f1h_283 f2_913 -0.21 0.21 1.04 0 0 0 48 41
f0_7 f1h_428 f1w_251 0.11 -0.11 0.94 0 0 0 48 44
f0_7 f1w_251 f2_9 0.49 -0.49 0.64 0 0 0 44 49
f0_7 f1w_251 f2_612 -0.24 0.24 -0.45 0 0 0 44 45
f0_8 f0_10 f0_552 0.2 -0.2 0.38 0 0 0 48 40
f0_8 f0_10 f0_988 0.03 -0.03 0.57 0 0 0 48 42
f0_8 f0_10 f1h_409 -0.04 0.04 0.27 0 0 0 48 48
f0_8 f0_27 f0_138 -0.29 0.29 0.45 0 0 0 44 48
f0_8 f0_27 f0_372 -0.52 0.52 0.08 0 0 0 44 44
f0_8 f0_27 f0_552 -0.15 0.15 -0.02 0 0 0 44 40
f0_8 f0_27 f0_628 -0.31 0.31 0.53 0 0 0 44 47
f0_8 f0_27 f1h_86 -0.22 0.22 0.21 0 0 0 44 47
f0_8 f0_27 f1h_282 -0.23 0.23 0.51 0 0 0 44 46
f0_8 f0_27 f1w_146 -0.45 0.45 0.49 0 0 0 44 50
f0_8 f0_27 f1w_174 -0.27 0.27 0.1 0 0 0 44 47
f0_8 f0_27 f2_975 -0.37 0.37 0.43 0 0 0 44 45
f0_8 f0_138 f1h_209 0.03 -0.03 0.49 0 0 0 48 46
f0_8 f0_138 f1h_409 0.23 -0.23 0.35 0 0 0 48 48
f0_8 f0_138 f2_104 0.11 -0.11 0.54 0 0 0 48 43
f0_8 f0_138 f2_644 -0.12 0.12 0.55 0 0 0 48 49
f0_8 f0_167 f0_372 -0.66 0.66 0.19 0 0 0 53 44
f0_8 f0_167 f0_628 -0.6 0.6 0.42 0 0 0 53 47
f0_8 f0_167 f0_988 -0.7 0.7 0.51 0 0 0 53 42
f0_8 f0_167 f1h_409 -0.62 0.62 0.11 0 0 0 53 48
f0_8 f0_167 f1w_146 -0.76 0.76 0.38 0 0 0 53 50
f0_8 f0_167 f2_660 -0.48 0.48 0.44 0 0 0 53 45
f0_8 f0_167 f2_685 -0.46 0.46 0.15 0 0 0 53 40
f0_8 f0_167 f2_892 -0.36 0.36 0.22 0 0 0 53 42
f0_8 f0_167 f2_934 -0.32 0.32 0.62 0 0 0 53 48
f0_8 f0_225 f0_552 0.1 -0.1 0.36 0 0 0 42 40
f0_8 f0_225 f1h_209 0.09 -0.09 0.41 0 0 0 42 46
f0_8 f0_225 f1h_428 0.29 -0.29 0.68 0 0 0 42 48
f0_8 f0_225 f1h_493 -0.09 0.09 0.39 0 0 0 42 49
f0_8 f0_225 f2_104 0.19 -0.19 0.39 0 0 0 42 43
f0_8 f0_225 f2_685 -0.1 0.1 0.24 0 0 0 42 40
f0_8 f0_372 f0_486 -0.01 0.01 0.47 0 0 0 44 50
f0_8 f0_372 f0_552 0.11 -0.11 0.48 0 0 0 44 40
f0_8 f0_372 f1h_209 -0.04 0.04 0.46 0 0 0 44 46
f0_8 f0_372 f1h_409 0.16 -0.16 0.28 0 0 0 44 48
f0_8 f0_372 f2_104 0.21 -0.21 -0.23 0 0 0 44 43
f0_8 f0_372 f2_345 -0.14 0.14 0.21 0 0 0 44 47
f0_8 f0_372 f2_616 0.14 -0.14 0.26 0 0 0 44 50
f0_8 f0_372 f2_644 0.34 -0.34 -0.11 0 0 0 44 49
f0_8 f0_372 f2_685 -0.15 0.15 0.2 0 0 0 44 40
f0_8 f0_372 f2_945 -0.24 0.24 0.38 0 0 0 44 43
f0_8 f0_486 f0_552 -0.16 0.16 0.02 0 0 0 50 40
f0_8 f0_486 f1h_138 0.01 -0.01 0.7 0 0 0 50 40
f0_8 f0_486 f1h_282 0.05 -0.05 0.59 0 0 0 50 46
f0_8 f0_486 f1h_428 0.13 -0.13 0.31 0 0 0 50 48
f0_8 f0_552 f0_988 -0.11 0.11 0.54 0 0 0 40 42
