id parent1 parent2 LLRparent1 LLRparent2 LLRpair OHparent1 OHparent2 MEpair SNPd.id.parent1 SNPd.id.parent2
f0_11 f1h_400 f1h_468 0 0 1.42 0 0 1 218 217
f0_11 f1h_400 f1h_472 1.05 -1.05 0.64 0 0 1 218 217
f0_20 f1h_51 f1h_496 -0.33 0.33 0.57 0 0 1 210 219
f0_21 f1h_65 f1h_384 -0.3 0.3 -0.46 0 0 2 238 212
f0_25 f1h_178 f1h_270 -2.18 -0.28 0.63 0 0 1 228 233
f0_50 f1h_7 f1h_360 -0.27 0.27 0.32 0 0 1 230 239
f0_67 f1h_54 f1h_206 1.12 -1.12 0.49 0 0 1 226 225
f0_68 f1h_54 f1h_192 0.89 -0.89 1.29 0 0 1 229 236
f0_77 f1h_35 f1h_40 -1.08 1.08 2.33 0 0 1 218 233
f0_78 f1h_59 f1h_148 -0.78 0.78 1.39 0 0 1 222 232
f0_78 f1h_59 f1h_259 -0.24 0.24 4.26 0 0 0 222 237
f0_78 f1h_148 f1h_259 0.7 -0.7 -0.27 0 0 2 232 237
f0_87 f1h_34 f1h_461 0.92 -0.92 0.12 0 0 2 229 233
f0_96 f1h_196 f1h_297 -1.68 1.68 0.54 0 0 1 217 226
f0_97 f1h_22 f1h_475 -1.41 1.41 -0.17 0 0 1 224 231
f0_102 f1h_284 f1h_304 -2.25 2.25 0.52 0 0 1 230 217
f0_130 f1h_255 f1h_430 0.42 -0.42 0.64 0 0 1 233 216
f0_139 f1h_154 f1h_276 -1.83 1.83 0.5 0 0 1 241 247
f0_144 f1h_169 f1h_249 -0.94 0.94 1.13 0 0 1 232 232
f0_145 f1h_326 f1h_395 0.32 -0.32 1.68 0 0 1 223 219
f0_150 f1h_44 f1h_159 -0.28 0.28 0.03 0 0 1 251 246
f0_151 f1h_9 f1h_208 0.41 -0.41 2.61 0 0 0 216 228
f0_156 f1h_3 f1h_210 4.32 -4.32 -0.49 0 0 2 218 243
f0_156 f1h_255 f1h_460 -1.2 1.2 0.61 0 0 2 244 224
f0_158 f1h_57 f1h_375 -0.29 0.29 0.25 0 0 2 247 232
f0_165 f1h_37 f1h_427 -0.2 0.2 0.39 0 0 1 227 231
f0_166 f1h_33 f1h_481 -0.12 0.12 -0.4 0 0 1 219 218
f0_169 f1h_53 f1h_376 -0.84 0.84 -0.38 0 0 1 229 230
f0_175 f1h_164 f1h_188 0.36 -0.36 2 0 0 1 242 245
f0_183 f1h_11 f1h_95 -0.37 0.31 0.93 0 0 2 226 235
f0_185 f1h_311 f1h_443 -0.27 0.27 3.55 0 0 1 224 220
f0_187 f1h_157 f1h_204 -0.58 0.58 3.63 0 0 0 232 224
f0_188 f1h_314 f1h_433 -0.26 0.26 0.34 0 0 1 208 228
f0_191 f1h_233 f1h_344 -0.87 0.87 1.86 0 0 1 230 226
f0_198 f1h_227 f1h_302 1.22 -1.22 3.51 0 0 1 239 236
f0_267 f1w_53 f1w_360 0.33 -0.33 0.03 0 0 2 218 225
f0_356 f1w_218 f1w_487 0.74 -0.74 1.01 0 0 1 242 237
f0_590 f1w_220 f1w_273 -2.02 2.02 -0.41 0 0 1 252 235
f0_701 f1w_24 f1w_166 0.52 -0.52 1.02 0 0 1 214 212
f0_958 f1w_2 f1w_498 -1.33 1.33 -0.05 0 0 1 233 227
f1h_1 f0_32 f0_145 -0.3 0.3 3.42 0 0 0 232 217
f1h_1 f0_145 f2_350 -0.41 0.41 1.22 0 0 1 217 232
f1h_2 f0_88 f0_192 -0.09 0.09 3.79 0 0 0 218 218
f1h_3 f0_131 f0_156 0.84 -0.84 3.32 0 0 0 219 218
f1h_4 f0_10 f0_148 0.74 -0.74 4.2 0 0 0 237 221
f1h_6 f0_72 f0_90 1.6 -1.6 3.95 0 0 0 242 251
f1h_7 f0_50 f0_167 -3.05 3.05 2.57 0 0 0 230 209
f1h_7 f0_50 f1h_390 -1.31 1.31 -0.06 0 0 1 230 225
f1h_8 f0_117 f0_161 -0.18 0.18 3.84 0 0 0 249 243
f1h_9 f0_142 f0_151 -0.45 0.45 3.89 0 0 0 218 216
f1h_10 f0_40 f0_115 -0.49 0.49 3.46 0 0 0 226 204
f1h_11 f0_143 f0_183 1.94 -1.94 3.82 0 0 0 229 226
f1h_13 f0_27 f0_134 0.18 -0.18 4.71 0 0 0 234 238
f1h_15 f0_57 f0_75 -2.52 2.52 2.85 0 0 0 206 223
f1h_17 f0_41 f0_93 0.77 -0.77 2.51 0 0 0 233 226
f1h_18 f0_111 f0_182 0.87 -0.87 5.31 0 0 0 211 225
f1h_20 f0_61 f0_66 0.52 -0.52 2.92 0 0 0 216 229
f1h_21 f0_43 f0_199 0.43 -0.43 3.73 0 0 0 206 221
f1h_22 f0_97 f0_139 -0.6 0.6 5.83 0 0 0 224 229
f1h_24 f0_28 f0_43 -0.04 0.04 4.02 0 0 0 226 207
f1h_25 f0_25 f0_92 3.83 -3.83 4.33 0 0 0 231 222
f1h_26 f0_31 f0_56 -0.16 0.16 3.55 0 0 0 240 236
f1h_27 f0_86 f0_148 -0.2 0.2 4.74 0 0 0 219 221
f1h_28 f0_88 f0_154 0.04 -0.04 4.24 0 0 0 232 227
f1h_29 f0_23 f0_166 -0.73 0.73 2.69 0 0 0 233 226
f1h_30 f0_86 f0_175 0.08 -0.08 5.48 0 0 0 214 231
f1h_31 f0_148 f0_193 -0.53 0.53 4.36 0 0 0 230 217
f1h_32 f0_44 f0_168 -0.94 0.94 2.17 0 0 0 245 216
f1h_32 f0_168 f2_894 -0.1 0.1 0.97 0 0 1 216 226
f1h_33 f0_144 f0_166 -1.16 1.16 3.86 0 0 0 234 219
f1h_34 f0_87 f0_167 1.35 -1.35 3.76 0 0 0 229 217
f1h_35 f0_62 f0_77 2.58 -2.58 3.14 0 0 0 229 218
f1h_37 f0_6 f0_165 1.26 -1.26 3.18 0 0 0 229 227
f1h_38 f0_9 f0_53 1.56 -1.56 3.5 0 0 0 224 237
f1h_39 f0_5 f0_191 1.09 -1.09 2.89 0 0 0 232 234
f1h_40 f0_63 f0_77 0.31 -0.31 5.04 0 0 0 234 233
f1h_40 f0_77 f2_935 0.25 -0.25 4.63 0 0 0 233 243
f1h_41 f0_38 f0_128 -0.12 0.12 3.97 0 0 0 220 235
f1h_42 f0_29 f0_179 -0.32 0.32 4.02 0 0 0 221 232
f1h_43 f0_38 f0_139 1.04 -1.04 3.18 0 0 0 218 236
f1h_44 f0_37 f0_150 -0.12 0.12 3.84 0 0 0 233 251
f1h_45 f0_107 f0_195 -1.17 1.17 2.7 0 0 0 217 224
f1h_46 f0_60 f0_163 1.14 -1.14 3.3 0 0 0 226 226
f1h_47 f0_96 f0_200 -0.37 0.37 4.02 0 0 0 236 240
f1h_48 f0_61 f0_194 -0.56 0.56 4.85 0 0 0 227 236
f1h_48 f0_61 f2_224 -0.45 0.23 -0.26 0 0 1 227 226
f1h_49 f0_7 f0_88 -0.39 0.39 3.19 0 0 0 223 226
f1h_50 f0_29 f0_85 0.35 -0.35 4.34 0 0 0 232 232
f1h_51 f0_2 f0_20 -1.16 1.16 3.1 0 0 0 216 210
f1h_52 f0_12 f0_118 1.05 -1.05 3.55 0 0 0 223 244
f1h_53 f0_43 f0_169 -0.23 0.23 4.33 0 0 0 215 229
f1h_54 f0_67 f0_68 0.89 -0.89 3.6 0 0 0 226 229
f1h_55 f0_18 f0_66 2.18 -2.18 3.32 0 0 0 227 245
f1h_56 f0_54 f0_164 -0.81 0.81 3.45 0 0 0 221 240
f1h_56 f0_54 f2_295 0.86 -0.86 0.01 0 0 1 221 226
f1h_57 f0_109 f0_158 0.24 -0.24 4.04 0 0 0 240 247
f1h_59 f0_73 f0_78 0.91 -0.91 3.13 0 0 0 220 222
f1h_61 f0_122 f0_131 -1.4 1.4 4.37 0 0 0 240 244
f1h_62 f0_126 f0_150 -0.38 0.38 3.68 0 0 0 238 255
f1h_63 f0_113 f0_178 -0.51 0.51 4.65 0 0 0 226 228
f1h_64 f0_2 f0_34 -2.84 2.84 2.76 0 0 0 235 233
f1h_64 f2_473 f2_647 1.14 -1.14 3 0 0 1 224 232
f1h_65 f0_5 f0_21 0.8 -0.8 4.45 0 0 0 235 238
f1h_66 f0_68 f0_97 0.77 -0.77 3.76 0 0 0 230 236
f1h_67 f0_100 f0_136 1.37 -1.37 3.96 0 0 0 230 227
f1h_68 f0_97 f0_145 -2.53 2.53 3.72 0 0 0 235 227
f1h_69 f0_12 f0_66 -0.19 0.19 4.57 0 0 0 228 244
f1h_71 f0_139 f0_181 -0.19 0.19 4.66 0 0 0 233 229
f1h_72 f0_85 f0_106 -0.3 0.3 4.05 0 0 0 231 232
f1h_73 f0_67 f0_108 0.12 -0.12 4.79 0 0 0 216 222
f1h_74 f0_18 f0_155 -0.92 0.92 3.31 0 0 0 226 220
f1h_75 f0_45 f0_161 0.89 -0.89 3.6 0 0 0 219 220
f1h_77 f0_23 f0_109 -2.02 2.02 2.29 0 0 0 226 217
f1h_78 f0_93 f0_126 0.61 -0.61 3.53 0 0 0 223 225
f1h_80 f0_86 f0_177 1.23 -1.23 3.31 0 0 0 221 238
f1h_81 f0_163 f0_189 1.71 -1.71 3.66 0 0 0 242 240
f1h_82 f0_18 f0_161 -0.63 0.63 2.99 0 0 0 213 226
f1h_83 f0_5 f0_91 0.63 -0.63 3.15 0 0 0 224 220
f1h_86 f0_56 f0_128 -1.49 1.49 4.02 0 0 0 218 224
f1h_87 f0_56 f0_116 1.11 -1.11 4.23 0 0 0 235 254
f1h_88 f0_41 f0_52 1.24 -1.24 2.85 0 0 0 227 229
f1h_90 f0_105 f0_118 -1.51 1.51 3.95 0 0 0 236 236
f1h_91 f0_166 f0_178 1.22 -1.22 3.6 0 0 0 213 215
f1h_92 f0_136 f0_149 1.63 -1.63 4.34 0 0 0 230 231
f1h_93 f0_79 f0_126 0.78 -0.78 3.85 0 0 0 227 226
f1h_93 f0_79 f2_190 1.13 -1.13 1.58 0 0 1 227 230
f1h_93 f0_126 f2_720 0.69 -0.69 0.51 0 0 1 226 227
f1h_94 f0_128 f0_149 2.27 -2.27 3.35 0 0 0 231 230
f1h_95 f0_75 f0_183 1.38 -1.38 3.76 0 0 0 248 235
f1h_98 f0_90 f0_111 -2.11 2.11 2.9 0 0 0 238 215
f1h_98 f0_90 f2_591 -0.28 0.28 0.34 0 0 2 238 219
f1h_99 f0_138 f0_172 -1.26 1.26 3.81 0 0 0 222 237
f1h_100 f0_128 f0_165 1.03 -1.03 3.59 0 0 0 241 237
f1h_101 f0_52 f0_150 0.46 -0.46 4.48 0 0 0 239 240
f1h_102 f0_8 f0_165 0.06 -0.06 3.54 0 0 0 234 217
f1h_103 f0_100 f0_176 0.66 -0.66 3.88 0 0 0 226 232
f1h_104 f0_54 f0_62 -1.06 1.06 4.82 0 0 0 229 235
f1h_105 f0_179 f0_200 -2.03 2.03 3.64 0 0 0 243 242
f1h_105 f2_135 f2_538 -0.26 0.26 0.14 0 0 2 241 249
f1h_106 f0_53 f0_182 0.81 -0.81 3.49 0 0 0 214 219
f1h_107 f0_21 f0_50 1.04 -1.04 3.36 0 0 0 216 234
f1h_108 f0_14 f0_179 -1.76 1.76 2.98 0 0 0 232 245
f1h_109 f0_36 f0_150 0.48 -0.48 4.72 0 0 0 214 222
f1h_110 f0_23 f0_42 -0.5 0.5 3.74 0 0 0 219 215
f1h_112 f0_82 f0_100 -0.34 0.34 3.8 0 0 0 244 229
f1h_113 f0_71 f0_148 2.38 -2.38 1.72 0 0 0 220 219
f1h_113 f0_148 f2_949 2 -2 3.56 0 0 0 219 219
f1h_115 f0_3 f0_103 2.62 -2.62 4.15 0 0 0 233 242
f1h_116 f0_3 f0_33 -0.62 0.62 3.76 0 0 0 218 219
f1h_119 f0_1 f0_33 -1.98 1.98 2.36 0 0 0 215 217
f1h_121 f0_142 f0_173 1.18 -1.18 4.02 0 0 0 225 222
f1h_122 f0_3 f0_80 1.42 -1.42 2.34 0 0 0 219 226
f1h_124 f0_14 f0_71 0.91 -0.91 3.88 0 0 0 217 218
f1h_124 f0_71 f2_650 0.96 -0.96 2.49 0 0 1 218 223
f1h_126 f0_86 f0_143 -0.62 0.62 4.31 0 0 0 212 220
f1h_127 f0_63 f0_95 -0.35 0.35 3.37 0 0 0 203 208
f1h_128 f0_3 f0_188 1.27 -1.27 3.95 0 0 0 222 206
f1h_129 f0_15 f0_153 -0.6 0.6 4.2 0 0 0 222 221
f1h_130 f0_6 f0_82 1.34 -1.34 2.33 0 0 0 219 249
f1h_130 f2_134 f2_523 -1.58 1.58 2.25 0 0 0 236 224
f1h_131 f0_95 f0_116 -1.03 1.03 3.99 0 0 0 228 237
f1h_132 f0_68 f0_92 0.09 -0.09 4.5 0 0 0 235 211
f1h_133 f0_166 f0_198 -1.2 1.2 4.44 0 0 0 223 226
f1h_134 f0_70 f0_83 -0.31 0.31 4.61 0 0 0 224 225
f1h_135 f0_69 f0_178 0.02 -0.02 3.44 0 0 0 223 223
f1h_137 f0_48 f0_63 1.65 -1.65 3.97 0 0 0 227 231
f1h_138 f0_125 f0_131 0.95 -0.95 3.21 0 0 0 225 236
f1h_138 f0_131 f2_77 0.86 -0.86 -0.1 0 0 1 236 232
f1h_140 f0_74 f0_85 2.52 -2.52 3.52 0 0 0 232 222
f1h_141 f0_84 f0_88 -0.32 0.32 3.61 0 0 0 241 229
f1h_142 f0_111 f0_198 0.11 -0.11 3.79 0 0 0 213 210
f1h_143 f0_106 f0_120 -0.62 0.62 4.3 0 0 0 220 236
f1h_146 f0_12 f0_28 0.7 -0.7 3.76 0 0 0 221 224
f1h_148 f0_78 f0_104 -0.44 0.44 4.41 0 0 0 232 228
f1h_150 f0_81 f0_114 0.09 -0.09 3.82 0 0 0 208 232
f1h_151 f0_42 f0_53 -0.82 0.82 4.14 0 0 0 217 230
f1h_153 f0_111 f0_185 -0.44 0.44 3.57 0 0 0 216 234
f1h_154 f0_2 f0_139 1.4 -1.4 4.07 0 0 0 232 241
f1h_155 f0_2 f0_30 0.04 -0.04 3.28 0 0 0 228 220
f1h_156 f0_74 f0_187 2.02 -2.02 2.85 0 0 0 237 226
f1h_157 f0_11 f0_187 0.36 -0.36 4.8 0 0 0 216 232
f1h_158 f0_138 f0_139 -1.38 1.38 4.58 0 0 0 233 236
f1h_159 f0_101 f0_150 -0.86 0.86 4.36 0 0 0 257 246
f1h_161 f0_19 f0_109 -0.73 0.73 3.7 0 0 0 230 225
f1h_162 f0_15 f0_145 -1.91 1.91 2.87 0 0 0 248 225
f1h_163 f0_61 f0_97 2.04 -2.04 2.59 0 0 0 229 234
f1h_164 f0_65 f0_175 0.78 -0.78 4.27 0 0 0 222 242
f1h_165 f0_104 f0_175 -3.03 3.03 3.57 0 0 0 218 252
f1h_168 f0_159 f0_171 -1.9 1.9 3.9 0 0 0 220 226
f1h_169 f0_83 f0_144 1.01 -1.01 3.62 0 0 0 218 232
f1h_170 f0_9 f0_111 -0.37 0.37 3.31 0 0 0 220 224
f1h_171 f0_1 f0_108 0.36 -0.36 4.2 0 0 0 222 235
f1h_172 f0_173 f0_198 -0.78 0.78 3.84 0 0 0 235 237
f1h_173 f0_16 f0_73 1.32 -1.32 3.73 0 0 0 216 220
f1h_173 f0_73 f2_419 1.7 -1.7 1.02 0 0 1 220 218
f1h_174 f0_49 f0_165 -0.63 0.63 4.52 0 0 0 238 246
f1h_175 f0_54 f0_58 1.42 -1.42 4.11 0 0 0 213 222
f1h_176 f0_25 f0_65 -1.26 1.26 4.35 0 0 0 237 221
f1h_177 f0_39 f0_138 0.33 -0.33 3.9 0 0 0 225 237
f1h_178 f0_25 f0_56 -3.12 3.12 3.93 0 0 0 228 222
f1h_179 f0_61 f0_103 -0.41 0.41 3.97 0 0 0 218 226
f1h_180 f0_7 f0_138 1.01 -1.01 2.64 0 0 0 230 245
f1h_181 f0_59 f0_128 1.81 -1.81 3.66 0 0 0 218 229
f1h_182 f0_59 f0_64 0.18 -0.18 4.71 0 0 0 220 210
f1h_183 f0_47 f0_64 0.69 -0.69 2.59 0 0 0 223 204
f1h_184 f0_123 f0_188 -1.55 1.55 2.45 0 0 0 222 213
f1h_185 f0_69 f0_134 3.35 -3.35 3.75 0 0 0 213 220
f1h_186 f0_7 f0_40 0.34 -0.34 4.96 0 0 0 224 224
f1h_187 f0_96 f0_185 0.61 -0.61 3.75 0 0 0 212 211
f1h_188 f0_56 f0_175 0.12 -0.12 5.64 0 0 0 239 245
f1h_190 f0_31 f0_83 1.3 -1.3 3.85 0 0 0 229 221
f1h_191 f0_64 f0_196 -1.32 1.32 3.28 0 0 0 210 216
f1h_192 f0_17 f0_68 0.11 -0.11 4.8 0 0 0 222 236
f1h_193 f0_21 f0_83 -2.52 2.52 3.2 0 0 0 226 217
f1h_194 f0_32 f0_65 0.93 -0.93 4.11 0 0 0 232 227
f1h_195 f0_146 f0_160 0.43 -0.43 5.09 0 0 0 235 242
f1h_198 f0_33 f0_118 1.09 -1.09 4.24 0 0 0 226 241
f1h_199 f0_8 f0_129 0.55 -0.55 3.28 0 0 0 227 231
f1h_200 f0_34 f0_70 0.88 -0.88 3.32 0 0 0 238 215
f1h_202 f0_6 f0_166 1.96 -1.96 3.56 0 0 0 233 239
f1h_203 f0_29 f0_70 0.12 -0.12 3.75 0 0 0 212 204
f1h_204 f0_85 f0_187 -0.27 0.27 4.46 0 0 0 224 224
f1h_205 f0_4 f0_146 0.38 -0.38 4.45 0 0 0 237 231
f1h_206 f0_67 f0_84 -1.25 1.25 4.18 0 0 0 225 235
f1h_206 f2_45 f2_563 0.19 -0.19 -0.17 0 0 1 227 218
f1h_207 f0_78 f0_100 -0.69 0.69 4.19 0 0 0 223 224
f1h_208 f0_151 f0_177 -1.31 1.31 4.74 0 0 0 228 228
f1h_209 f0_19 f0_35 0.25 -0.25 2.81 0 0 0 223 235
f1h_210 f0_106 f0_156 2.76 -2.76 3.9 0 0 0 235 243
f1h_212 f0_42 f0_50 -0.62 0.62 3.41 0 0 0 233 247
f1h_213 f0_176 f0_193 1.64 -1.64 2.87 0 0 0 229 219
f1h_215 f0_127 f0_129 -1.27 1.27 2.48 0 0 0 235 228
f1h_216 f0_60 f0_163 0.46 -0.46 4.04 0 0 0 235 246
f1h_217 f0_84 f0_197 -0.56 0.56 5.58 0 0 0 236 244
f1h_218 f0_42 f0_178 1.41 -1.41 3.27 0 0 0 226 228
f1h_219 f0_23 f0_112 -2.75 2.75 3.48 0 0 0 229 238
f1h_220 f0_4 f0_200 0.02 -0.02 3.78 0 0 0 235 237
f1h_220 f0_4 f1h_369 -0.4 0.4 1.15 0 0 1 235 242
f1h_221 f0_71 f0_137 0.75 -0.75 3.74 0 0 0 216 217
f1h_222 f0_64 f0_126 -1.15 1.15 4.05 0 0 0 219 236
f1h_223 f0_11 f0_43 -1.06 1.06 3.98 0 0 0 216 222
f1h_224 f0_25 f0_126 2.31 -2.31 2.68 0 0 0 225 224
f1h_224 f0_126 f2_296 -0.57 0.57 0.91 0 0 1 224 231
f1h_227 f0_126 f0_198 2.34 -2.34 2.2 0 0 0 226 239
f1h_228 f0_132 f0_191 0.37 -0.37 4.08 0 0 0 228 224
f1h_229 f0_7 f0_105 0.4 -0.4 4.2 0 0 0 217 238
f1h_230 f0_109 f0_156 1.96 -1.96 2.72 0 0 0 216 215
f1h_231 f0_116 f0_122 0.22 -0.22 4.5 0 0 0 247 233
f1h_232 f0_5 f0_95 0.39 -0.39 3.57 0 0 0 224 226
f1h_233 f0_119 f0_191 0.66 -0.66 4.52 0 0 0 215 230
f1h_234 f0_9 f0_136 -0.95 0.95 1.91 0 0 0 205 204
f1h_234 f2_677 f2_877 0.47 -0.47 -0.28 0 0 1 211 210
f1h_234 f2_714 f2_877 -0.71 0.71 0.21 0 0 1 207 210
f1h_235 f0_11 f0_168 0.24 -0.24 3.22 0 0 0 220 212
f1h_236 f0_120 f0_143 0.87 -0.87 4.05 0 0 0 238 224
f1h_237 f0_116 f0_154 -1.13 1.13 1.22 0 0 0 244 227
f1h_237 f1h_377 f2_919 1.42 -1.42 0.76 0 0 1 232 239
f1h_240 f0_3 f0_144 1.35 -1.35 4.02 0 0 0 230 243
f1h_241 f0_105 f0_191 -0.66 0.66 4.04 0 0 0 240 240
f1h_242 f0_16 f0_33 -0.02 0.02 4 0 0 0 228 227
f1h_243 f0_67 f0_73 0.1 -0.1 4.55 0 0 0 231 223
f1h_244 f0_63 f0_77 2.18 -2.18 5.19 0 0 0 233 236
f1h_245 f0_106 f0_181 0.36 -0.36 4.11 0 0 0 213 220
f1h_246 f0_58 f0_168 -1.32 1.32 2.55 0 0 0 227 210
f1h_247 f0_25 f0_162 0.68 -0.68 5.45 0 0 0 252 242
f1h_248 f0_75 f0_112 -0.36 0.36 3.67 0 0 0 238 233
f1h_249 f0_73 f0_144 -0.49 0.49 3.84 0 0 0 218 232
f1h_250 f0_15 f0_150 -1.4 1.4 4.14 0 0 0 239 230
f1h_251 f0_104 f0_136 0.64 -0.64 3.7 0 0 0 220 227
f1h_252 f0_73 f0_172 -0.51 0.51 3.69 0 0 0 222 235
f1h_253 f0_76 f0_133 0.66 -0.66 4.52 0 0 0 235 237
f1h_254 f0_41 f0_149 0.99 -0.99 4.16 0 0 0 234 244
f1h_255 f0_130 f0_156 2.04 -2.04 3.82 0 0 0 233 244
f1h_256 f0_21 f0_195 -1.06 1.06 4.22 0 0 0 221 234
f1h_257 f0_23 f0_131 -0.54 0.54 4.08 0 0 0 227 226
f1h_259 f0_78 f0_115 0.16 -0.16 4.98 0 0 0 237 230
f1h_259 f0_115 f2_770 1.34 -1.34 -0.31 0 0 2 230 240
f1h_261 f0_14 f0_171 1.89 -1.89 3.42 0 0 0 227 226
f1h_261 f0_171 f2_381 -0.38 0.38 1.21 0 0 1 226 225
f1h_264 f0_122 f0_164 0.42 -0.42 4.52 0 0 0 224 242
f1h_265 f0_128 f0_134 1.9 -1.9 3.77 0 0 0 244 234
f1h_266 f0_90 f0_115 -1.47 1.47 4.63 0 0 0 235 217
f1h_267 f0_91 f0_125 0.65 -0.65 2.52 0 0 0 225 228
f1h_267 f0_125 f2_415 0.11 -0.11 0.29 0 0 1 228 229
f1h_269 f0_40 f0_87 -0.25 0.25 3.59 0 0 0 229 228
f1h_270 f0_25 f0_41 -1.74 1.74 3.99 0 0 0 233 234
f1h_271 f0_31 f0_140 -0.33 0.33 3.41 0 0 0 215 206
f1h_272 f0_144 f0_164 -1.54 1.54 3.32 0 0 0 229 236
f1h_273 f0_16 f0_180 0.6 -0.6 4.29 0 0 0 231 248
f1h_276 f0_1 f0_139 -1.26 1.26 3.81 0 0 0 239 247
f1h_278 f0_155 f0_190 -0.88 0.88 2.78 0 0 0 210 214
f1h_279 f0_96 f0_100 0.73 -0.73 3.79 0 0 0 226 232
f1h_279 f0_100 f2_195 0.13 -0.13 0.85 0 0 1 232 230
f1h_280 f0_3 f0_175 -0.05 0.05 5.72 0 0 0 230 248
f1h_281 f0_5 f0_136 -0.44 0.44 3.04 0 0 0 222 229
f1h_282 f0_108 f0_114 0.12 -0.12 4.09 0 0 0 250 243
f1h_284 f0_102 f0_157 -0.4 0.4 5.86 0 0 0 230 240
f1h_284 f0_102 f2_477 -2.04 2.04 4.04 0 0 1 230 227
f1h_286 f0_112 f0_155 0.07 -0.07 3.86 0 0 0 229 225
f1h_287 f0_18 f0_99 1.68 -1.68 3.18 0 0 0 222 221
f1h_288 f0_135 f0_158 -1.35 1.35 3.91 0 0 0 231 246
f1h_289 f0_27 f0_116 1.59 -1.59 2.26 0 0 0 221 236
f1h_291 f0_64 f0_193 0.35 -0.35 3.87 0 0 0 217 221
f1h_294 f0_90 f0_151 0.45 -0.45 3.84 0 0 0 248 222
f1h_295 f0_165 f0_191 0.24 -0.24 3.15 0 0 0 218 227
f1h_296 f0_55 f0_177 -1.41 1.41 3.45 0 0 0 224 222
f1h_297 f0_96 f0_162 -0.39 0.39 3.51 0 0 0 226 228
f1h_298 f0_152 f0_189 0.46 -0.46 4.8 0 0 0 226 233
f1h_300 f0_99 f0_173 1.6 -1.6 4.46 0 0 0 226 216
f1h_302 f0_139 f0_198 2.35 -2.35 4.17 0 0 0 248 236
f1h_304 f0_32 f0_102 0.18 -0.18 3.99 0 0 0 233 217
f1h_305 f0_94 f0_154 2.32 -2.32 3.63 0 0 0 239 244
f1h_306 f0_20 f0_81 1.43 -1.43 3.31 0 0 0 230 217
f1h_307 f0_11 f0_91 2.97 -2.97 2.23 0 0 0 222 230
f1h_311 f0_183 f0_185 1.75 -1.75 3.7 0 0 0 215 224
f1h_312 f0_60 f0_196 0.22 -0.22 4.64 0 0 0 225 218
f1h_314 f0_67 f0_188 1.1 -1.1 3.7 0 0 0 225 208
f1h_317 f0_80 f0_184 -0.79 0.79 3.78 0 0 0 254 252
f1h_318 f0_163 f0_174 0.96 -0.96 3.64 0 0 0 243 220
f1h_319 f0_10 f0_93 0.59 -0.59 5.18 0 0 0 247 234
f1h_319 f2_210 f2_632 0.15 -0.15 1.18 0 0 1 227 242
f1h_320 f0_13 f0_30 0.36 -0.36 3.77 0 0 0 221 224
f1h_322 f0_44 f0_140 -1.01 1.01 4.08 0 0 0 242 218
f1h_324 f0_66 f0_131 1.41 -1.41 3.03 0 0 0 238 240
f1h_325 f0_98 f0_140 -0.81 0.81 3.66 0 0 0 227 213
f1h_326 f0_73 f0_145 -1.74 1.74 3.42 0 0 0 224 223
f1h_327 f0_138 f0_178 -0.41 0.41 5.67 0 0 0 229 222
f1h_327 f0_138 f2_265 1.69 -1.69 3.08 0 0 1 229 226
f1h_328 f0_1 f0_177 -0.64 0.64 4.97 0 0 0 227 228
f1h_330 f0_55 f0_105 -1.82 1.82 3.16 0 0 0 217 224
f1h_332 f0_33 f0_189 0.07 -0.07 4.4 0 0 0 237 231
f1h_333 f0_132 f0_197 1.87 -1.87 2.75 0 0 0 248 246
f1h_333 f0_197 f2_924 0.91 -0.91 0.37 0 0 1 246 233
f1h_334 f0_16 f0_156 1.9 -1.9 3.97 0 0 0 230 243
f1h_337 f0_107 f0_125 -0.01 0.01 3.54 0 0 0 221 234
f1h_338 f0_92 f0_178 -0.85 0.85 3.71 0 0 0 212 216
f1h_339 f0_17 f0_155 -0.68 0.68 4.02 0 0 0 230 230
f1h_340 f0_180 f0_195 -0.65 0.65 3.24 0 0 0 243 226
f1h_341 f0_155 f0_185 -0.31 0.31 4.24 0 0 0 232 233
f1h_343 f0_9 f0_64 0.77 -0.77 4.18 0 0 0 233 227
f1h_343 f0_9 f2_588 -0.01 0.01 -0.04 0 0 2 233 229
f1h_344 f0_157 f0_191 -0.07 0.07 4.6 0 0 0 235 226
f1h_345 f0_62 f0_145 -0.46 0.46 4.21 0 0 0 231 219
f1h_348 f0_25 f0_31 0.54 -0.54 4.55 0 0 0 242 242
f1h_349 f0_3 f0_36 2.54 -2.54 3.67 0 0 0 220 246
f1h_350 f0_132 f0_147 0.81 -0.81 4.22 0 0 0 257 239
f1h_351 f0_59 f0_197 0.39 -0.39 5 0 0 0 238 249
f1h_353 f0_14 f0_81 -0.35 0.35 3.48 0 0 0 217 214
f1h_353 f0_81 f2_524 1.88 -1.88 0.24 0 0 1 214 224
f1h_354 f0_47 f0_160 0.31 -0.31 3.08 0 0 0 227 227
f1h_356 f0_2 f0_166 -0.13 0.13 4.6 0 0 0 232 215
f1h_357 f0_17 f0_159 1.72 -1.72 3.18 0 0 0 228 225
f1h_359 f0_109 f0_190 1.41 -1.41 3.67 0 0 0 220 225
f1h_360 f0_50 f0_170 -0.58 0.58 3.66 0 0 0 239 236
f1h_361 f0_47 f0_60 -0.66 0.66 3.53 0 0 0 229 232
f1h_362 f0_3 f0_185 -0.99 0.99 3.98 0 0 0 237 236
f1h_362 f0_3 f2_465 0.27 -0.27 2.74 0 0 1 237 238
f1h_364 f0_62 f0_107 -1.32 1.32 4.24 0 0 0 228 214
f1h_366 f0_102 f0_133 -0.53 0.53 3.54 0 0 0 224 231
f1h_367 f0_108 f0_135 -2.04 2.04 3.09 0 0 0 237 219
f1h_368 f0_30 f0_152 -1.42 1.42 2.87 0 0 0 226 224
f1h_369 f0_165 f0_200 1.88 -1.88 3.96 0 0 0 233 235
f1h_370 f0_28 f0_185 -1.83 1.83 2.28 0 0 0 227 227
f1h_372 f0_93 f0_131 -0.08 0.08 4.41 0 0 0 230 235
f1h_373 f0_142 f0_170 -0.75 0.75 5.52 0 0 0 221 232
f1h_374 f0_83 f0_141 -0.85 0.85 3.98 0 0 0 212 223
f1h_375 f0_36 f0_158 -0.51 0.51 4.9 0 0 0 229 232
f1h_376 f0_26 f0_169 0.01 -0.01 4.18 0 0 0 229 230
f1h_377 f0_128 f0_154 0.45 -0.45 4.06 0 0 0 238 231
f1h_378 f0_125 f0_164 -0.3 0.3 4.48 0 0 0 227 241
f1h_379 f0_29 f0_94 0.77 -0.77 4.16 0 0 0 222 225
f1h_380 f0_59 f0_107 -0.84 0.84 3.36 0 0 0 235 239
f1h_381 f0_14 f0_51 -1.57 1.57 3.37 0 0 0 226 220
f1h_382 f0_92 f0_166 -2.33 2.33 2.21 0 0 0 205 215
f1h_383 f0_3 f0_172 0.54 -0.54 3.65 0 0 0 214 218
f1h_384 f0_21 f0_91 -0.84 0.84 3.98 0 0 0 212 204
f1h_385 f0_22 f0_195 0.04 -0.04 5.24 0 0 0 243 240
f1h_386 f0_32 f0_53 -1.11 1.11 2.93 0 0 0 236 228
f1h_387 f0_51 f0_140 1.38 -1.38 3.26 0 0 0 239 222
f1h_390 f0_50 f0_167 2.01 -2.01 2.64 0 0 0 230 208
f1h_391 f0_72 f0_89 -1.06 1.06 3.49 0 0 0 227 224
f1h_391 f0_72 f2_50 1.22 -1.22 1.87 0 0 1 227 213
f1h_393 f0_15 f0_79 1.14 -1.14 4.78 0 0 0 235 226
f1h_394 f0_40 f0_200 1.01 -1.01 4.89 0 0 0 246 245
f1h_395 f0_93 f0_145 -0.84 0.84 3.31 0 0 0 226 219
f1h_396 f0_89 f0_149 -1.03 1.03 3.88 0 0 0 225 227
f1h_397 f0_162 f0_172 -1.81 1.81 4.56 0 0 0 221 232
f1h_398 f0_49 f0_148 0.23 -0.23 4.69 0 0 0 227 238
f1h_398 f2_91 f2_414 0.31 -0.31 -0.42 0 0 2 229 236
f1h_399 f0_94 f0_131 2.16 -2.16 1.47 0 0 0 221 232
f1h_400 f0_11 f0_96 -1.02 1.02 3.8 0 0 0 218 229
f1h_400 f0_96 f2_553 -0.53 0.53 1.95 0 0 0 229 224
f1h_401 f0_29 f0_55 -0.78 0.78 4.68 0 0 0 232 228
f1h_402 f0_186 f0_196 -0.62 0.62 3.78 0 0 0 223 224
f1h_404 f0_10 f0_110 -1.12 1.12 3.49 0 0 0 222 207
f1h_405 f0_21 f0_24 -0.85 0.85 4.69 0 0 0 225 227
f1h_406 f0_107 f0_134 -1.97 1.97 2.87 0 0 0 218 226
f1h_407 f0_3 f0_5 0.93 -0.93 5.56 0 0 0 238 240
f1h_409 f0_9 f0_13 0.7 -0.7 3.99 0 0 0 226 230
f1h_411 f0_103 f0_179 0.82 -0.82 4.11 0 0 0 250 248
f1h_412 f0_131 f0_139 -1.16 1.16 4.63 0 0 0 232 234
f1h_413 f0_36 f0_104 -0.39 0.39 4.13 0 0 0 235 219
f1h_414 f0_73 f0_90 -0.94 0.94 3.73 0 0 0 217 237
f1h_415 f0_2 f0_59 0.6 -0.6 3.61 0 0 0 226 228
f1h_416 f0_105 f0_190 0.04 -0.04 4.16 0 0 0 224 229
f1h_416 f0_105 f1h_359 -3.41 3.41 0.38 0 1 1 224 219
f1h_417 f0_124 f0_180 -0.19 0.19 5.01 0 0 0 228 237
f1h_418 f0_14 f0_194 -0.82 0.82 2.69 0 0 0 221 222
f1h_418 f0_14 f2_905 -0.32 0.32 -0.11 0 0 1 221 226
f1h_418 f2_128 f2_905 -0.3 0.3 -0.18 0 0 1 216 226
f1h_419 f0_119 f0_166 0.19 -0.19 3.58 0 0 0 203 213
f1h_421 f0_53 f0_80 0.86 -0.86 3.32 0 0 0 218 218
f1h_423 f0_102 f0_190 -1.54 1.54 3.49 0 0 0 226 231
f1h_424 f0_140 f0_192 -0.48 0.48 3.68 0 0 0 225 244
f1h_425 f0_72 f0_128 -1.03 1.03 3.69 0 0 0 244 238
f1h_426 f0_106 f0_127 0.91 -0.91 3.73 0 0 0 231 243
f1h_427 f0_138 f0_165 0.3 -0.3 5.31 0 0 0 232 231
f1h_428 f0_165 f0_178 -0.97 0.97 3.46 0 0 0 212 210
f1h_429 f0_14 f0_16 0.27 -0.27 4.14 0 0 0 233 235
f1h_433 f0_178 f0_188 1.63 -1.63 3.96 0 0 0 213 228
f1h_434 f0_60 f0_117 -0.87 0.87 3.33 0 0 0 219 234
f1h_435 f0_52 f0_160 1.31 -1.31 5.1 0 0 0 237 238
f1h_436 f0_25 f0_194 3.52 -3.52 3.78 0 0 0 228 230
f1h_438 f0_56 f0_61 0.56 -0.56 3.77 0 0 0 221 224
f1h_439 f0_17 f0_119 -1.15 1.15 4.1 0 0 0 220 212
f1h_439 f2_90 f2_653 1.08 -1.08 0.33 0 0 2 216 227
f1h_440 f0_90 f0_121 -1.2 1.2 3.72 0 0 0 232 217
f1h_442 f0_155 f0_173 0.06 -0.06 4.34 0 0 0 221 232
f1h_443 f0_153 f0_185 2 -2 3.97 0 0 0 242 220
f1h_444 f0_48 f0_73 0 0 2.94 0 0 0 230 225
f1h_444 f2_277 f2_700 -0.24 0.24 0.65 0 0 1 233 235
f1h_445 f0_104 f0_106 -2.37 2.37 2.15 0 0 0 213 221
f1h_446 f0_59 f0_149 0.01 -0.01 3.85 0 0 0 221 238
f1h_446 f2_126 f2_986 -0.91 0.91 1.34 0 0 1 237 203
f1h_447 f0_131 f0_160 0.65 -0.65 4.14 0 0 0 245 247
f1h_448 f0_7 f0_47 -0.62 0.62 3.76 0 0 0 211 222
f1h_451 f0_51 f0_89 0.32 -0.32 3.3 0 0 0 229 228
f1h_452 f0_91 f0_191 0.73 -0.73 3.88 0 0 0 217 233
f1h_453 f0_58 f0_141 -1.83 1.83 3.97 0 0 0 232 231
f1h_453 f0_141 f2_643 0.92 -0.92 0.12 0 0 2 231 241
f1h_454 f0_157 f0_199 0.43 -0.43 4.95 0 0 0 231 225
f1h_455 f0_73 f0_104 -2.63 2.63 4.13 0 0 0 229 230
f1h_457 f0_188 f0_189 0.44 -0.44 3.77 0 0 0 205 214
f1h_458 f0_24 f0_133 -1.96 1.96 4.48 0 0 0 233 233
f1h_459 f0_105 f0_182 1.62 -1.62 3.15 0 0 0 238 233
f1h_460 f0_92 f0_156 0.81 -0.81 4.36 0 0 0 211 224
f1h_461 f0_87 f0_176 -0.65 0.65 2.49 0 0 0 233 227
f1h_463 f0_118 f0_124 -1.16 1.16 4.19 0 0 0 243 245
f1h_466 f0_104 f0_155 -1.02 1.02 3.86 0 0 0 217 219
f1h_467 f0_94 f0_189 0.27 -0.27 3.12 0 0 0 219 218
f1h_468 f0_11 f0_54 0.24 -0.24 3.83 0 0 0 217 225
f1h_470 f0_45 f0_81 -2.74 2.74 3.83 0 0 0 250 223
f1h_471 f0_34 f0_126 -0.24 0.24 2.5 0 0 0 221 216
f1h_472 f0_11 f0_70 -1.81 1.81 3.43 0 0 0 217 225
f1h_472 f2_35 f2_941 -0.01 0.01 0.92 0 0 1 221 219
f1h_473 f0_54 f0_102 1.89 -1.89 4.31 0 0 0 214 226
f1h_474 f0_13 f0_24 0.65 -0.65 4.3 0 0 0 221 220
f1h_475 f0_58 f0_97 0.89 -0.89 3.79 0 0 0 230 231
f1h_476 f0_48 f0_87 -0.4 0.4 3.89 0 0 0 206 213
f1h_477 f0_127 f0_171 1.05 -1.05 3.45 0 0 0 234 231
f1h_478 f0_55 f0_75 0.9 -0.9 3.22 0 0 0 217 229
f1h_479 f0_78 f0_112 -1.19 1.19 3.16 0 0 0 221 223
f1h_480 f0_3 f0_13 -0.91 0.91 4.19 0 0 0 220 227
f1h_481 f0_123 f0_166 -2.14 2.14 3.85 0 0 0 234 218
f1h_482 f0_10 f0_171 -0.37 0.37 3.73 0 0 0 239 228
f1h_484 f0_52 f0_119 1.05 -1.05 4.05 0 0 0 238 213
f1h_485 f0_2 f0_118 -1.14 1.14 3.31 0 0 0 213 222
f1h_487 f0_21 f0_79 1.02 -1.02 3.7 0 0 0 223 228
f1h_489 f0_116 f0_177 -1.84 1.84 3.7 0 0 0 260 236
f1h_490 f0_15 f0_161 0.37 -0.37 3.01 0 0 0 237 242
f1h_490 f0_161 f2_184 -0.2 0.2 0.61 0 0 1 242 215
f1h_491 f0_52 f0_74 -0.2 0.2 4.87 0 0 0 234 243
f1h_494 f0_1 f0_110 0.61 -0.61 3.98 0 0 0 221 208
f1h_496 f0_20 f0_117 2.15 -2.15 2.85 0 0 0 219 243
f1h_497 f0_150 f0_179 -0.39 0.39 3.9 0 0 0 237 240
f1h_497 f2_235 f2_997 -0.82 0.82 -0.46 0 0 2 231 230
f1h_498 f0_60 f0_73 0.58 -0.58 3.42 0 0 0 233 232
f1h_498 f0_73 f2_760 1.56 -1.56 -0.44 0 0 1 232 236
f1h_499 f0_69 f0_107 0.23 -0.23 3.85 0 0 0 228 223
f1w_2 f0_958 f0_988 -1.33 1.33 3.64 0 0 0 233 215
f1w_4 f0_484 f0_538 1.6 -1.6 3.17 0 0 0 221 220
f1w_5 f0_753 f0_832 0.6 -0.6 2.93 0 0 0 221 229
f1w_6 f0_448 f0_639 0.06 -0.06 2.95 0 0 0 231 234
f1w_9 f0_520 f0_830 0.82 -0.82 3.99 0 0 0 238 226
f1w_10 f0_490 f0_540 0.49 -0.49 3.61 0 0 0 219 236
f1w_11 f0_947 f0_967 -1.82 1.82 3.62 0 0 0 233 222
f1w_12 f0_252 f0_860 1.15 -1.15 3.36 0 0 0 221 227
f1w_14 f0_752 f0_832 0.7 -0.7 4.05 0 0 0 233 238
f1w_14 f0_752 f2_458 0.17 -0.17 1.72 0 0 1 233 240
f1w_15 f0_298 f0_338 -0.26 0.26 3.64 0 0 0 234 244
f1w_15 f0_298 f2_881 0.48 -0.48 0.8 0 0 1 234 238
f1w_18 f0_725 f0_762 -0.73 0.73 4.08 0 0 0 218 210
f1w_21 f0_913 f0_936 0.69 -0.69 4.07 0 0 0 245 262
f1w_23 f0_399 f0_639 0.41 -0.41 3.67 0 0 0 233 234
f1w_24 f0_701 f0_882 -1.62 1.62 2.63 0 0 0 214 211
f1w_28 f0_257 f0_797 -0.6 0.6 4.17 0 0 0 226 237
f1w_35 f0_381 f0_491 -0.8 0.8 3.67 0 0 0 215 226
f1w_36 f0_474 f0_999 -2.96 2.96 3.61 0 0 0 235 230
f1w_36 f0_474 f2_956 -0.92 0.92 1.59 0 0 1 235 222
f1w_37 f0_819 f0_999 -1.58 1.58 3.19 0 0 0 230 224
f1w_41 f0_386 f0_523 2.32 -2.32 5.06 0 0 0 236 240
f1w_46 f0_588 f0_653 -0.27 0.27 4.22 0 0 0 228 225
f1w_52 f0_255 f0_836 1.04 -1.04 3.43 0 0 0 251 226
f1w_53 f0_267 f0_295 -0.86 0.86 2.9 0 0 0 218 229
f1w_54 f0_533 f0_729 1.18 -1.18 3.36 0 0 0 219 233
f1w_55 f0_290 f0_687 -0.3 0.3 4.02 0 0 0 219 228
f1w_58 f0_645 f0_875 -1.27 1.27 3.26 0 0 0 245 216
f1w_60 f0_448 f0_710 -0.17 0.17 3.68 0 0 0 234 235
f1w_62 f0_511 f0_816 1.49 -1.49 4.16 0 0 0 230 226
f1w_63 f0_531 f0_866 2.54 -2.54 2.75 0 0 0 241 226
f1w_64 f0_687 f0_922 0.61 -0.61 3.33 0 0 0 214 210
f1w_65 f0_842 f0_865 -0.06 0.06 3.31 0 0 0 229 228
f1w_68 f0_264 f0_601 -0.43 0.43 3.7 0 0 0 225 225
f1w_68 f0_264 f2_470 -1.49 1.49 0.53 0 0 1 225 222
f1w_70 f0_412 f0_1000 -2.84 2.84 3.51 0 0 0 247 217
f1w_72 f0_602 f0_603 0.6 -0.6 3.72 0 0 0 213 223
f1w_72 f0_602 f2_560 1.42 -1.42 -0.33 0 0 1 213 230
f1w_73 f0_467 f0_471 -0.79 0.79 4.32 0 0 0 226 225
f1w_74 f0_267 f0_333 -0.32 0.32 3.26 0 0 0 232 237
f1w_75 f0_516 f0_573 -0.49 0.49 4.01 0 0 0 205 206
f1w_76 f0_676 f0_767 -0.4 0.4 4.43 0 0 0 224 237
f1w_80 f0_246 f0_651 -1 1 3.58 0 0 0 218 245
f1w_82 f0_293 f0_810 1.43 -1.43 2.87 0 0 0 234 230
f1w_83 f0_582 f2_70 -0.31 0.31 -0.07 0 0 2 206 224
f1w_85 f0_523 f0_768 -1.77 1.77 3.84 0 0 0 233 220
f1w_87 f0_751 f0_909 -0.32 0.32 3.47 0 0 0 218 218
f1w_87 f0_909 f2_997 1.01 -1.01 1.72 0 0 0 218 203
f1w_89 f0_361 f0_671 2.26 -2.26 2.65 0 0 0 220 219
f1w_90 f0_487 f0_570 -1.99 1.99 4.36 0 0 0 236 246
f1w_92 f0_737 f0_748 1.22 -1.22 3.65 0 0 0 249 234
f1w_93 f0_269 f0_586 0.54 -0.54 5.29 0 0 0 244 241
f1w_94 f0_582 f0_927 -0.24 0.24 3.49 0 0 0 218 223
f1w_99 f0_263 f0_593 -1.03 1.03 3.47 0 0 0 227 225
f1w_100 f0_448 f0_696 0.84 -0.84 3.23 0 0 0 221 225
f1w_103 f0_328 f0_339 1.49 -1.49 3.95 0 0 0 223 221
f1w_104 f0_301 f0_322 -1.77 1.77 3.48 0 0 0 229 229
f1w_105 f0_445 f0_486 0.66 -0.66 3.69 0 0 0 228 237
f1w_106 f0_430 f0_632 -0.48 0.48 2.88 0 0 0 224 240
f1w_106 f2_123 f2_136 0.78 -0.78 -0.27 0 0 1 220 228
f1w_107 f0_277 f0_484 0.24 -0.24 3.66 0 0 0 218 223
f1w_109 f0_532 f0_846 2.11 -2.11 2.92 0 0 0 221 231
f1w_112 f0_766 f0_783 -0.44 0.44 3.52 0 0 0 232 232
f1w_113 f0_755 f0_809 0.52 -0.52 4.92 0 0 0 230 229
f1w_114 f0_599 f0_609 1.58 -1.58 4.41 0 0 0 231 239
f1w_117 f0_223 f0_391 0.88 -0.88 4.47 0 0 0 238 234
f1w_120 f0_874 f0_989 -1.23 1.23 5.1 0 0 0 230 230
f1w_121 f0_268 f0_288 -0.04 0.04 4.27 0 0 0 233 228
f1w_122 f0_664 f0_747 0.03 -0.03 3.42 0 0 0 240 241
f1w_123 f0_309 f0_972 0.38 -0.38 4.57 0 0 0 224 226
f1w_124 f0_233 f0_638 0.52 -0.52 4.33 0 0 0 233 233
f1w_125 f0_667 f0_863 2.81 -2.81 3.72 0 0 0 230 211
f1w_128 f0_264 f0_818 -0.99 0.99 3.87 0 0 0 226 225
f1w_131 f0_376 f0_655 -1.26 1.26 3.99 0 0 0 233 225
f1w_133 f0_219 f0_733 2.88 -2.88 2.73 0 0 0 247 240
f1w_135 f0_922 f0_972 1.57 -1.57 4.8 0 0 0 216 212
f1w_136 f0_441 f0_564 -2.04 2.04 2.98 0 0 0 229 236
f1w_137 f0_855 f0_896 0.71 -0.71 3.7 0 0 0 217 229
f1w_138 f0_490 f0_754 -0.13 0.13 3.73 0 0 0 217 222
f1w_140 f0_273 f0_836 -0.73 0.73 4.08 0 0 0 213 212
f1w_141 f0_668 f0_787 0.2 -0.2 4.11 0 0 0 240 237
f1w_141 f0_668 f2_508 0.8 -0.8 -0.23 0 0 1 240 242
f1w_142 f0_472 f0_580 -0.58 0.58 3.52 0 0 0 220 212
f1w_142 f2_14 f2_469 -0.1 0.1 -0.47 0 0 2 218 215
f1w_144 f0_502 f0_542 -2.6 2.6 3.24 0 0 0 226 227
f1w_145 f0_360 f0_922 0.8 -0.8 3.2 0 0 0 229 233
f1w_148 f0_482 f0_886 0.98 -0.98 4.09 0 0 0 227 234
f1w_149 f0_363 f0_730 0.44 -0.44 3.07 0 0 0 230 226
f1w_149 f0_363 f2_147 1.74 -1.74 0.37 0 0 1 230 240
f1w_149 f2_93 f2_147 0.11 -0.11 0.69 0 0 1 216 240
f1w_152 f0_512 f0_965 0.24 -0.24 3.47 0 0 0 217 223
f1w_154 f0_736 f0_947 -2.34 2.34 3.68 0 0 0 227 226
f1w_156 f0_369 f0_687 -1.75 1.75 3.63 0 0 0 239 229
f1w_156 f0_687 f2_933 0.52 -0.52 -0.47 0 0 2 229 236
f1w_158 f0_349 f0_723 1.16 -1.16 2.27 0 0 0 227 223
f1w_159 f0_357 f0_880 1.67 -1.67 3.92 0 0 0 236 230
f1w_160 f0_795 f0_846 1.16 -1.16 4.08 0 0 0 222 219
f1w_161 f0_574 f0_867 -0.91 0.91 2.52 0 0 0 231 223
f1w_162 f0_543 f0_913 -0.47 0.47 4.1 0 0 0 232 244
f1w_167 f0_530 f0_836 0.27 -0.27 4.26 0 0 0 229 224
f1w_167 f0_836 f2_155 -0.73 0.73 1.3 0 0 1 224 212
f1w_169 f0_735 f0_800 1.2 -1.2 4.18 0 0 0 225 223
f1w_170 f0_402 f0_531 -1.36 1.36 4.17 0 0 0 228 234
f1w_171 f0_254 f0_996 0.26 -0.26 4.48 0 0 0 231 220
f1w_171 f0_996 f2_968 0.53 -0.53 0.38 0 0 1 220 221
f1w_172 f0_236 f0_747 -0.29 0.29 4.22 0 0 0 233 233
f1w_173 f2_398 f2_898 2.51 -2.51 0.72 0 0 1 233 236
f1w_177 f0_410 f0_931 0.94 -0.94 2.56 0 0 0 231 230
f1w_179 f0_214 f0_253 0.99 -0.99 3.4 0 0 0 225 234
f1w_179 f0_253 f2_713 1.21 -1.21 1.39 0 0 1 234 242
f1w_180 f0_591 f0_885 1.45 -1.45 3.29 0 0 0 234 226
f1w_181 f0_600 f0_667 -0.24 0.24 3.84 0 0 0 229 217
f1w_183 f0_287 f0_544 1.28 -1.28 3.78 0 0 0 229 223
f1w_184 f0_453 f0_769 1.85 -1.85 3.7 0 0 0 229 225
f1w_185 f0_226 f0_705 1.37 -1.37 4.23 0 0 0 233 227
f1w_189 f0_514 f0_911 -0.86 0.86 3.77 0 0 0 229 229
f1w_190 f0_462 f0_848 0.38 -0.38 3.72 0 0 0 233 218
f1w_190 f0_462 f2_849 -0.71 0.71 0.84 0 0 2 233 233
f1w_190 f0_848 f2_849 -1.82 1.82 0.21 0 0 1 218 233
f1w_191 f0_735 f0_999 -2.56 2.56 3.45 0 0 0 226 228
f1w_192 f0_249 f0_574 -0.48 0.48 4.11 0 0 0 232 234
f1w_195 f0_453 f0_744 0.18 -0.18 3.37 0 0 0 226 245
f1w_196 f0_599 f0_963 -0.03 0.03 4.96 0 0 0 226 236
f1w_198 f0_796 f0_834 -0.72 0.72 3.29 0 0 0 213 206
f1w_199 f0_757 f2_359 0.23 -0.23 5.01 0 0 0 220 222
f1w_200 f0_361 f0_624 2.51 -2.51 3.34 0 0 0 222 240
f1w_202 f0_222 f0_796 0.14 -0.14 4.41 0 0 0 219 235
f1w_205 f0_450 f0_502 1.29 -1.29 4.78 0 0 0 240 231
f1w_209 f0_677 f2_627 1.14 -1.14 -0.32 0 0 2 224 219
f1w_211 f0_376 f0_888 1.85 -1.85 3.09 0 0 0 221 223
f1w_215 f0_563 f0_726 1.58 -1.58 3.44 0 0 0 222 238
f1w_218 f0_356 f0_972 1.14 -1.14 4.46 0 0 0 242 234
f1w_220 f0_590 f0_908 -0.97 0.97 3.62 0 0 0 252 236
f1w_221 f0_531 f0_770 -1.65 1.65 4.29 0 0 0 241 243
f1w_223 f0_756 f0_841 1.1 -1.1 3.08 0 0 0 223 222
f1w_223 f0_841 f2_191 -0.63 0.63 0.45 0 0 1 222 223
f1w_229 f0_496 f0_764 -0.83 0.83 3.9 0 0 0 220 217
f1w_230 f0_301 f0_444 0.17 -0.17 3.88 0 0 0 231 226
f1w_232 f0_644 f0_865 0.06 -0.06 4.38 0 0 0 231 232
f1w_234 f0_676 f0_841 -0.13 0.13 4.32 0 0 0 208 222
f1w_235 f0_840 f0_1000 1.15 -1.15 3.26 0 0 0 220 215
f1w_243 f0_423 f0_924 0.98 -0.98 3.89 0 0 0 233 226
f1w_246 f0_337 f0_409 -2.39 2.39 3.56 0 0 0 224 215
f1w_248 f0_736 f2_475 -0.88 0.88 3.41 0 0 0 228 224
f1w_251 f2_796 f2_906 1.91 -1.91 1.29 0 0 1 235 220
f1w_252 f0_252 f0_707 -0.81 0.81 4.08 0 0 0 240 238
f1w_253 f0_636 f0_895 0.56 -0.56 4.54 0 0 0 230 225
f1w_254 f0_260 f0_695 0.1 -0.1 3.92 0 0 0 250 239
f1w_255 f0_363 f0_461 -1.04 1.04 3.88 0 0 0 238 231
f1w_264 f0_445 f0_605 -0.25 0.25 4.04 0 0 0 221 212
f1w_265 f0_775 f0_926 -1.75 1.75 3.28 0 0 0 230 215
f1w_266 f0_970 f0_984 0.29 -0.29 4.15 0 0 0 219 240
f1w_267 f0_288 f0_456 1.23 -1.23 4.17 0 0 0 231 235
f1w_271 f0_651 f0_837 0.15 -0.15 4.01 0 0 0 221 220
f1w_273 f0_381 f0_590 -1.43 1.43 3.48 0 0 0 237 235
f1w_274 f0_551 f0_660 1.62 -1.62 3.85 0 0 0 233 233
f1w_275 f0_729 f0_784 1.59 -1.59 4.08 0 0 0 236 231
f1w_276 f0_277 f0_946 0.18 -0.18 3.55 0 0 0 236 244
f1w_277 f0_757 f0_894 -0.66 0.66 3.18 0 0 0 219 227
f1w_278 f0_256 f0_539 -1.67 1.67 4.54 0 0 0 235 243
f1w_279 f0_613 f0_883 1.55 -1.55 4.56 0 0 0 220 217
f1w_280 f0_238 f0_241 0.45 -0.45 4.37 0 0 0 225 223
f1w_280 f0_241 f2_853 1 -1 -0.08 0 0 2 223 206
f1w_286 f0_519 f0_543 2.54 -2.54 2.79 0 0 0 227 222
f1w_288 f0_671 f0_672 2.4 -2.4 2.18 0 0 0 211 216
f1w_289 f0_240 f0_544 -1.96 1.96 2.6 0 0 0 239 248
f1w_291 f0_508 f0_991 -2.66 2.66 2.78 0 0 0 219 212
f1w_292 f0_538 f0_582 1.03 -1.03 3.58 0 0 0 230 220
f1w_293 f0_473 f0_810 -0.24 0.24 4.39 0 0 0 229 229
f1w_294 f0_313 f0_521 2.21 -2.21 3.35 0 0 0 223 222
f1w_295 f0_362 f0_652 1.26 -1.26 3.02 0 0 0 228 232
f1w_296 f0_465 f0_824 -2.04 2.04 1.96 0 0 0 221 206
f1w_298 f0_251 f0_980 0.72 -0.72 4 0 0 0 230 242
f1w_300 f0_260 f0_779 0.76 -0.76 3.06 0 0 0 234 215
f1w_304 f0_383 f0_984 1.86 -1.86 4.64 0 0 0 240 255
f1w_307 f0_347 f0_351 -0.91 0.91 3.24 0 0 0 213 212
f1w_308 f0_696 f0_710 0.66 -0.66 4.86 0 0 0 233 233
f1w_310 f0_606 f0_988 -0.88 0.88 3.73 0 0 0 236 213
f1w_312 f0_501 f0_651 -1.77 1.77 3.5 0 0 0 246 239
f1w_312 f0_501 f2_29 -0.2 -0.69 0.93 0 0 1 246 241
f1w_318 f0_446 f0_820 0.78 -0.78 4.04 0 0 0 237 225
f1w_319 f0_655 f0_842 0.34 -0.34 4.79 0 0 0 221 217
f1w_321 f0_274 f0_843 -0.82 0.82 4.02 0 0 0 227 229
f1w_323 f0_861 f0_878 -1.2 1.2 3.35 0 0 0 224 217
f1w_325 f0_446 f0_784 -0.68 0.68 4.95 0 0 0 228 224
f1w_326 f0_720 f0_889 0.21 -0.21 4.96 0 0 0 211 225
f1w_331 f0_466 f0_514 -0.5 0.5 3.64 0 0 0 237 222
f1w_332 f2_110 f2_953 2.01 -2.01 1.38 0 0 1 224 217
f1w_332 f2_256 f2_953 1.31 -1.31 -0.02 0 0 1 218 217
f1w_334 f0_484 f0_882 2.02 -2.02 3.72 0 0 0 229 226
f1w_335 f0_316 f0_413 -2.18 2.18 3.65 0 0 0 235 229
f1w_338 f0_795 f0_967 -1.45 1.45 2.91 0 0 0 224 221
f1w_339 f0_524 f0_586 -0.23 0.23 5.27 0 0 0 240 235
f1w_340 f0_249 f0_438 0.09 -0.09 4.25 0 0 0 238 241
f1w_344 f0_223 f0_645 -2.19 2.19 3.15 0 0 0 226 227
f1w_345 f0_584 f0_789 1.7 -1.7 3.5 0 0 0 241 232
f1w_351 f0_692 f0_787 1.97 -1.97 3.3 0 0 0 224 220
f1w_352 f0_615 f0_691 0.63 -0.63 4.12 0 0 0 228 220
f1w_355 f0_275 f0_697 0.24 -0.24 3.97 0 0 0 225 215
f1w_358 f0_723 f0_828 -1.59 1.59 5.29 0 0 0 240 230
f1w_360 f0_267 f0_380 0.12 -0.12 4.23 0 0 0 225 230
f1w_364 f0_526 f0_998 0.24 -0.24 5.78 0 0 0 251 248
f1w_364 f0_998 f2_473 -0.47 0.47 1.45 0 0 1 248 228
f1w_368 f0_312 f0_978 2.62 -2.62 4.08 0 0 0 245 240
f1w_371 f0_355 f0_638 0.09 -0.09 4.67 0 0 0 246 240
f1w_372 f0_398 f0_858 -2.33 2.33 3.27 0 0 0 236 239
f1w_375 f2_3 f2_326 -0.06 0.06 1.88 0 0 1 236 241
f1w_378 f0_517 f0_855 -1.65 1.65 3.93 0 0 0 236 227
f1w_380 f0_915 f0_971 -1.1 1.1 2.81 0 0 0 205 220
f1w_383 f0_205 f0_528 -0.76 0.76 4.23 0 0 0 229 235
f1w_387 f0_545 f0_830 0.38 -0.38 3.23 0 0 0 221 216
f1w_387 f0_830 f2_448 2.35 -2.35 0.85 0 0 1 216 220
f1w_388 f0_397 f0_481 -0.01 0.01 4.02 0 0 0 226 222
f1w_390 f0_390 f0_417 -1.39 1.39 4.09 0 0 0 246 241
f1w_392 f0_323 f0_428 -2.49 2.49 4.22 0 0 0 240 232
f1w_394 f0_340 f0_632 0.65 -0.65 3.82 0 0 0 231 236
f1w_396 f0_632 f0_702 -1.81 1.81 3.1 0 0 0 233 221
f1w_399 f0_784 f0_865 0.64 -0.64 3.48 0 0 0 228 238
f1w_401 f0_380 f0_878 0.23 -0.23 4.32 0 0 0 225 219
f1w_402 f0_254 f0_651 -0.05 0.05 4.45 0 0 0 229 239
f1w_403 f0_262 f0_972 1.04 -1.04 4.33 0 0 0 218 220
f1w_403 f0_972 f2_76 0.02 -0.02 -0.46 0 0 2 220 206
f1w_404 f0_211 f0_385 0.48 -0.48 3.81 0 0 0 238 234
f1w_408 f0_334 f0_618 2.28 -2.28 3.19 0 0 0 215 228
f1w_409 f0_238 f0_373 1.4 -1.4 3.41 0 0 0 235 226
f1w_409 f0_373 f2_396 0.29 -0.29 0.03 0 0 2 226 239
f1w_409 f0_373 f2_606 0.53 -0.53 -0.44 0 0 2 226 233
f1w_410 f0_601 f0_890 0.9 -0.9 4.05 0 0 0 217 223
f1w_410 f0_890 f2_534 -0.7 0.7 0.85 0 0 1 223 214
f1w_411 f0_964 f0_998 -0.73 0.73 5.06 0 0 0 227 242
f1w_413 f0_311 f0_787 -1.69 1.69 2.99 0 0 0 230 213
f1w_414 f0_795 f0_892 0.25 -0.25 3.77 0 0 0 217 207
f1w_416 f0_238 f0_730 1.18 -1.18 2.95 0 0 0 237 230
f1w_417 f0_339 f0_528 0.49 -0.49 5.47 0 0 0 236 242
f1w_418 f0_548 f0_711 -0.21 0.21 3.54 0 0 0 230 214
f1w_420 f0_476 f0_950 -1.27 1.27 4.05 0 0 0 228 225
f1w_421 f0_587 f0_926 -0.29 0.29 3.89 0 0 0 231 226
f1w_424 f0_244 f0_529 -0.84 0.84 3.61 0 0 0 222 220
f1w_427 f0_249 f0_362 -1.14 1.14 3.72 0 0 0 245 231
f1w_428 f0_515 f0_559 -2.72 2.72 2.73 0 0 0 235 250
f1w_428 f0_515 f2_480 -1.95 1.95 -0.14 0 0 1 235 228
f1w_429 f0_432 f0_923 1.08 -1.08 3.61 0 0 0 242 219
f1w_430 f0_345 f0_447 -0.22 0.22 4.49 0 0 0 236 233
f1w_431 f0_764 f2_167 0.01 -0.01 -0.07 0 0 1 218 233
f1w_432 f0_421 f0_992 0.3 -0.3 3.99 0 0 0 238 227
f1w_434 f0_234 f0_975 -0.12 0.12 5.31 0 0 0 232 231
f1w_437 f0_222 f0_340 0.6 -0.6 3.55 0 0 0 208 220
f1w_438 f0_764 f0_834 -0.95 0.95 4.02 0 0 0 223 225
f1w_439 f0_472 f0_822 -0.65 0.65 4.15 0 0 0 222 211
f1w_443 f0_253 f0_591 -0.13 0.13 4.37 0 0 0 220 226
f1w_446 f0_347 f0_783 0.3 -0.3 4.13 0 0 0 222 230
f1w_448 f0_836 f0_963 0.54 -0.54 4.28 0 0 0 222 228
f1w_449 f0_576 f0_740 0.16 -0.16 2.79 0 0 0 230 206
f1w_450 f0_226 f0_954 1.59 -1.59 3.89 0 0 0 241 234
f1w_454 f0_400 f0_730 -1.46 1.46 4.1 0 0 0 230 236
f1w_455 f0_421 f0_523 0.38 -0.38 4.32 0 0 0 230 232
f1w_456 f0_412 f0_632 -2.32 2.32 3.42 0 0 0 242 227
f1w_457 f0_285 f0_605 -1.75 1.75 3.73 0 0 0 238 209
f1w_460 f0_240 f0_793 -0.01 0.01 5.17 0 0 0 228 237
f1w_461 f0_503 f0_513 1.27 -1.27 3.93 0 0 0 217 235
f1w_462 f0_206 f0_635 1.57 -1.57 3.31 0 0 0 206 217
f1w_464 f0_746 f0_771 1.93 -1.93 4.19 0 0 0 228 224
f1w_467 f0_249 f0_586 1.72 -1.72 4.08 0 0 0 241 238
f1w_468 f0_646 f2_254 -0.04 0.04 1.76 0 0 1 237 234
f1w_469 f0_710 f0_748 -0.54 0.54 5.26 0 0 0 226 232
f1w_470 f0_232 f0_895 -0.27 0.27 4.79 0 0 0 224 221
f1w_471 f0_573 f0_715 -0.29 0.29 3.34 0 0 0 235 239
f1w_472 f0_248 f0_435 -0.37 0.37 4.39 0 0 0 220 235
f1w_478 f0_732 f0_970 0.81 -0.81 3.73 0 0 0 229 214
f1w_479 f0_696 f0_987 0.61 -0.61 3.24 0 0 0 226 215
f1w_480 f0_290 f0_355 -0.19 0.19 5.13 0 0 0 216 237
f1w_485 f0_306 f0_615 0.5 -0.5 4.12 0 0 0 225 223
f1w_486 f0_450 f0_791 -0.63 0.63 4.12 0 0 0 243 227
f1w_487 f0_271 f0_356 1.15 -1.15 4.6 0 0 0 237 237
f1w_488 f0_920 f0_941 0.74 -0.74 5.37 0 0 0 241 237
f1w_491 f0_232 f0_775 0.4 -0.4 5.22 0 0 0 234 231
f1w_492 f0_497 f0_707 0.96 -0.96 3.93 0 0 0 220 227
f1w_496 f0_556 f0_965 -0.43 0.43 3.35 0 0 0 223 224
f1w_497 f0_391 f0_612 -0.6 0.6 4.45 0 0 0 232 230
f1w_498 f0_441 f0_958 -0.68 0.68 4.46 0 0 0 233 227
f1w_498 f0_958 f2_992 0.13 -0.13 0.8 0 0 2 227 215
f1w_499 f0_280 f0_896 0.29 -0.29 4.95 0 0 0 226 230
f1w_500 f0_386 f0_752 -0.85 0.85 3.99 0 0 0 229 230
f2_2 f1h_173 f1w_298 -0.73 0.73 4.6 0 0 0 224 240
f2_3 f1h_265 f1w_375 -0.11 0.11 5.8 0 0 0 239 236
f2_4 f1h_122 f1h_302 -0.09 0.09 4.09 0 0 0 217 227
f2_5 f1h_405 f1w_428 -3.24 3.24 2.94 0 0 0 223 228
f2_7 f1h_297 f1w_19 0.94 -0.94 4.81 0 0 0 224 221
f2_11 f1w_16 f1w_345 -0.23 0.23 2.78 0 0 0 240 249
f2_12 f1w_107 f1w_413 -1.12 1.12 3.61 0 0 0 222 227
f2_13 f1w_99 f1w_381 -0.03 0.03 3.92 0 0 0 235 238
f2_14 f1w_57 f1w_142 -0.64 0.64 4.39 0 0 0 235 218
f2_17 f1w_381 f1w_385 0.88 -0.88 4.1 0 0 0 238 233
f2_20 f1h_337 f1w_329 0.5 -0.5 3.98 0 0 0 232 228
f2_21 f1w_312 f1w_323 2.76 -2.76 2.44 0 0 0 241 223
f2_22 f1w_85 f1w_428 -1.77 1.77 2.5 0 0 0 222 231
f2_23 f1h_154 f1h_325 0.16 -0.16 4.29 0 0 0 244 237
f2_25 f1w_424 f1w_491 -1.01 1.01 3.73 0 0 0 215 239
f2_26 f1w_273 f1w_377 -1.77 1.77 3.28 0 0 0 232 216
f2_27 f1h_156 f1h_372 0.73 -0.73 3.52 0 0 0 223 228
f2_28 f1h_419 f1w_263 -0.24 0.24 3.77 0 0 0 215 221
f2_29 f1h_53 f1w_312 0.44 -0.44 4.82 0 0 0 230 241
f2_30 f1h_181 f1w_129 1.81 -1.81 3.6 0 0 0 212 234
f2_32 f1h_407 f1w_190 0.86 -0.86 4.52 0 0 0 230 221
f2_35 f1h_310 f1h_472 1.92 -1.92 2.84 0 0 0 228 221
f2_36 f1h_178 f1w_126 -1.7 1.7 4.21 0 0 0 220 211
f2_39 f1w_70 f1w_93 0.73 -0.73 3.97 0 0 0 234 231
f2_40 f1h_21 f1h_256 0.95 -0.95 3.89 0 0 0 219 227
f2_42 f1h_391 f1w_70 0.66 -0.66 4.15 0 0 0 217 234
f2_43 f1h_62 f1w_361 0.71 -0.71 3.26 0 0 0 245 231
f2_44 f1h_179 f1w_455 0 0 4.73 0 0 0 225 237
f2_45 f1h_206 f1h_424 -0.87 0.87 4.36 0 0 0 227 249
f2_46 f1h_253 f1w_13 -1.13 1.13 3.62 0 0 0 234 225
f2_49 f1h_87 f1w_1 0.85 -0.85 3.98 0 0 0 232 238
f2_50 f1h_391 f1h_451 -1.82 1.82 4.71 0 0 0 213 222
f2_54 f1h_63 f1w_360 -0.33 0.33 4.84 0 0 0 239 237
f2_57 f1h_13 f1h_70 -1.16 1.16 4.91 0 0 0 232 213
f2_60 f1w_140 f1w_311 0.5 -0.5 3.83 0 0 0 214 237
f2_63 f1h_362 f1w_488 1.95 -1.95 2.48 0 0 0 240 241
f2_64 f1w_52 f1w_221 1.9 -1.9 4.09 0 0 0 233 234
f2_67 f1h_49 f1h_478 -0.8 0.8 3.92 0 0 0 223 221
f2_68 f1w_284 f1w_364 0.62 -0.62 3.43 0 0 0 221 223
f2_69 f1h_477 f1w_35 0.75 -0.75 4.44 0 0 0 220 217
f2_74 f1h_179 f1w_293 -1.44 1.44 3.39 0 0 0 231 228
f2_76 f1h_372 f1w_403 0.95 -0.95 5.66 0 0 0 214 206
f2_77 f1h_138 f1w_406 -0.07 0.07 3.64 0 0 0 232 229
f2_78 f1h_69 f1w_121 2.05 -2.05 2.39 0 0 0 227 226
f2_80 f1h_224 f1w_117 -0.48 0.48 4.29 0 0 0 240 251
f2_81 f1h_185 f1h_442 -0.17 0.17 3.99 0 0 0 216 239
f2_82 f1h_401 f1w_333 1.14 -1.14 3.94 0 0 0 234 245
f2_85 f1h_198 f1w_327 -1.6 1.6 4.36 0 0 0 240 233
f2_88 f1h_370 f1w_309 1.64 -1.64 4.37 0 0 0 227 230
f2_90 f1h_439 f1h_478 -1.9 1.9 3.23 0 0 0 216 217
f2_91 f1h_398 f1w_192 -1.08 1.08 2.9 0 0 0 229 218
f2_93 f1h_78 f1w_149 -0.68 0.68 2.98 0 0 0 214 216
f2_94 f1h_342 f1w_278 -2.33 2.33 4.15 0 0 0 218 225
f2_95 f1h_434 f1w_223 -0.13 0.13 3.98 0 0 0 207 213
f2_96 f1h_31 f1w_13 -1.58 1.58 4.17 0 0 0 221 218
f2_98 f1h_180 f1w_490 -0.7 0.7 4.04 0 0 0 232 228
f2_99 f1h_21 f1h_463 0.2 -0.2 4.11 0 0 0 222 229
f2_103 f1w_124 f1w_363 1.08 -1.08 3.41 0 0 0 234 234
f2_105 f1h_368 f1h_496 0.49 -0.49 3.02 0 0 0 228 230
f2_106 f1h_103 f1h_470 -0.79 0.79 4.46 0 0 0 234 243
f2_109 f1h_124 f1w_299 -0.16 0.16 3.3 0 0 0 214 221
f2_110 f1w_64 f1w_332 0.96 -0.96 2.47 0 0 0 210 224
f2_114 f1h_113 f1w_16 0.84 -0.84 3.23 0 0 0 221 230
f2_118 f1h_187 f1w_449 0.71 -0.71 4.11 0 0 0 216 242
f2_123 f1w_106 f1w_404 -0.12 0.12 4.33 0 0 0 220 229
f2_124 f1w_203 f1w_249 -0.81 0.81 4.61 0 0 0 214 223
f2_125 f1h_40 f1h_366 0.52 -0.52 3.81 0 0 0 224 220
f2_126 f1h_446 f1w_184 -1.85 1.85 3.42 0 0 0 237 246
f2_131 f1h_424 f1w_241 1.43 -1.43 4.26 0 0 0 240 228
f2_132 f1w_37 f1w_61 -1.84 1.84 3.24 0 0 0 237 231
f2_135 f1h_105 f1h_209 -1.01 1.01 2.36 0 0 0 241 221
f2_136 f1w_106 f1w_485 -1.75 1.75 2.64 0 0 0 228 223
f2_138 f1h_207 f1w_244 0.54 -0.54 4.94 0 0 0 243 238
f2_139 f1h_162 f1w_5 -0.2 0.2 2.78 0 0 0 247 251
f2_140 f1h_195 f1w_445 -1.63 1.63 4.93 0 0 0 243 224
f2_142 f1w_331 f1w_407 -0.57 0.57 3.11 0 0 0 235 238
f2_143 f1h_397 f1h_472 -0.64 0.64 3.58 0 0 0 217 218
f2_144 f1w_130 f1w_372 0.67 -0.67 4.88 0 0 0 228 233
f2_145 f1h_265 f1w_195 -1.58 1.58 4.26 0 0 0 218 223
f2_147 f1w_149 f1w_442 0.87 -0.87 4.53 0 0 0 240 224
f2_149 f1h_175 f1w_440 0.48 -0.48 3.93 0 0 0 236 238
f2_150 f1w_25 f1w_182 1.9 -1.9 4.23 0 0 0 208 216
f2_151 f1h_279 f1w_337 2.19 -2.19 2.35 0 0 0 245 236
f2_154 f1h_44 f1h_101 1.29 -1.29 4.2 0 0 0 232 226
f2_155 f1h_424 f1w_167 0.83 -0.83 3.5 0 0 0 218 212
f2_159 f1h_344 f1h_479 -0.92 0.92 4.49 0 0 0 232 223
f2_161 f1h_26 f1w_161 -0.07 0.07 4.16 0 0 0 241 233
f2_162 f1h_177 f1w_152 0.71 -0.71 3.9 0 0 0 217 224
f2_163 f1w_30 f1w_365 -1.53 1.53 3.72 0 0 0 218 224
f2_164 f1w_144 f1w_385 1.05 -1.05 2.97 0 0 0 222 226
f2_166 f1h_267 f1h_351 0.5 -0.5 3.16 0 0 0 237 239
f2_167 f1w_431 f1w_461 -1.7 1.7 3.63 0 0 0 233 245
f2_168 f1h_104 f1h_230 2.53 -2.53 3.28 0 0 0 235 225
f2_171 f1h_205 f1w_26 -0.78 0.78 3.34 0 0 0 223 224
f2_172 f1h_116 f1w_36 1.62 -1.62 3.3 0 0 0 215 216
f2_173 f1h_288 f1w_26 -3.55 3.55 1.79 0 0 0 236 230
f2_175 f1w_201 f1w_333 -0.2 0.2 4.86 0 0 0 227 254
f2_179 f1h_135 f1h_351 1.69 -1.69 3.05 0 0 0 229 236
f2_181 f1w_70 f1w_167 1.78 -1.78 3.62 0 0 0 249 232
f2_182 f1h_108 f1h_427 1.17 -1.17 2.89 0 0 0 235 227
f2_184 f1h_238 f1h_490 -1.16 1.16 3.78 0 0 0 224 215
f2_190 f1h_93 f1h_368 -0.7 0.7 4.11 0 0 0 230 228
f2_192 f1h_53 f1w_400 -2.17 2.17 4.37 0 0 0 226 233
f2_193 f1h_210 f1h_381 -1.48 1.48 3.91 0 0 0 232 220
f2_194 f1h_340 f1w_64 -0.89 0.89 3.01 0 0 0 233 218
f2_195 f1h_31 f1h_279 -0.17 0.17 3.43 0 0 0 215 230
f2_196 f1h_348 f1w_159 -1.7 1.7 4.2 0 0 0 231 228
f2_199 f1h_234 f1h_259 -0.38 0.38 4.79 0 0 0 216 250
f2_200 f1w_192 f1w_244 -0.73 0.73 4.66 0 0 0 231 242
f2_201 f1w_80 f1w_333 -0.47 0.47 2.72 0 0 0 227 242
f2_202 f1h_2 f1h_242 1.55 -1.55 3.33 0 0 0 225 236
f2_205 f1w_202 f1w_264 0.07 -0.07 4.41 0 0 0 217 213
f2_206 f1h_27 f1w_249 2.37 -2.37 2.67 0 0 0 239 247
f2_209 f1h_199 f1w_135 -1.18 1.18 3.17 0 0 0 225 219
f2_210 f1h_319 f1w_267 0.52 -0.52 3.76 0 0 0 227 230
f2_215 f1h_163 f1w_417 1.47 -1.47 3.87 0 0 0 227 229
f2_217 f1h_306 f1w_23 0.8 -0.8 4.34 0 0 0 237 231
f2_218 f1h_232 f1h_360 -0.51 0.51 4.66 0 0 0 219 217
f2_220 f1h_131 f1h_356 -0.53 0.53 4.09 0 0 0 225 217
f2_222 f1h_159 f1w_430 -0.03 0.03 4.53 0 0 0 238 233
f2_224 f1h_48 f1h_340 -1.82 1.82 2.94 0 0 0 226 231
f2_225 f1w_75 f1w_464 0.39 -0.39 3.58 0 0 0 209 213
f2_226 f1h_242 f1w_142 0.71 -0.71 3.52 0 0 0 238 224
f2_229 f1h_70 f1h_376 -1.98 1.98 3.57 0 0 0 222 227
f2_233 f1h_433 f1w_19 -0.46 0.46 4.71 0 0 0 228 218
f2_234 f0_107 f1w_60 2.44 -2.44 0.26 1 0 1 207 222
f2_235 f1h_433 f1h_497 0.37 -0.37 4.78 0 0 0 224 231
f2_238 f1h_384 f1h_460 1.26 -1.26 3.43 0 0 0 220 221
f2_239 f1h_221 f1w_137 -0.98 0.98 3.83 0 0 0 214 225
f2_243 f1h_190 f1w_448 -1.08 1.08 3.14 0 0 0 240 230
f2_244 f1h_90 f1w_158 0.28 -0.28 3.59 0 0 0 228 228
f2_248 f1h_387 f1w_431 1 -1 3.34 0 0 0 212 209
f2_249 f1h_338 f1h_445 -0.79 0.79 3.63 0 0 0 218 212
f2_251 f1w_56 f1w_176 2.27 -2.27 3.62 0 0 0 235 229
f2_253 f1w_201 f1w_261 2.08 -2.08 3.26 0 0 0 213 233
f2_254 f1w_25 f1w_468 0.59 -0.59 3.49 0 0 0 238 234
f2_264 f1h_3 f1h_473 -1.29 1.29 3.63 0 0 0 220 227
f2_265 f1h_327 f1h_370 -0.96 0.96 4.66 0 0 0 226 219
f2_266 f1h_324 f1w_487 -0.93 0.93 2.35 0 0 0 228 227
f2_267 f1h_487 f1w_4 -1.92 1.92 3.82 0 0 0 225 224
f2_270 f1h_391 f1w_57 0.68 -0.68 4.13 0 0 0 222 238
f2_273 f1w_189 f1w_413 -0.65 0.65 4.81 0 0 0 228 231
f2_274 f1h_34 f1h_216 0.26 -0.26 3.72 0 0 0 227 238
f2_275 f1w_75 f1w_408 -0.27 0.27 2.6 0 0 0 203 220
f2_277 f1h_265 f1h_444 -0.56 0.56 3.94 0 0 0 234 233
f2_278 f1w_359 f1w_432 -0.16 0.16 4.05 0 0 0 215 243
f2_280 f1h_171 f1h_436 -0.02 0.02 4.15 0 0 0 215 219
f2_281 f1h_281 f1h_438 -0.71 0.71 2.55 0 0 0 222 222
f2_284 f1h_340 f1w_53 0.79 -0.79 4.13 0 0 0 228 234
f2_286 f1w_54 f1w_342 0.44 -0.44 4.79 0 0 0 232 231
f2_289 f1h_21 f1h_265 1.58 -1.58 3.86 0 0 0 220 232
f2_289 f1h_265 f2_99 -1.94 1.94 2.57 0 0 0 232 226
f2_291 f1h_459 f1w_10 0.23 -0.23 4.28 0 0 0 236 230
f2_293 f1w_18 f1w_358 -2.29 2.29 2.16 0 0 0 231 240
f2_295 f1h_56 f1h_438 -2.94 2.94 3.74 0 0 0 226 215
f2_302 f1h_499 f1w_312 -0.49 0.49 3.46 0 0 0 221 224
f2_303 f1w_96 f1w_407 -1.95 1.95 2.64 0 0 0 239 222
f2_304 f1h_286 f1h_398 2.3 -2.3 3.02 0 0 0 243 243
f2_306 f1h_264 f1w_178 0.06 -0.06 4.16 0 0 0 241 233
f2_307 f1h_261 f1h_320 1.69 -1.69 3.63 0 0 0 243 234
f2_308 f1w_128 f1w_174 0.29 -0.29 5 0 0 0 228 230
f2_311 f1h_68 f1h_342 -1.29 1.29 3.39 0 0 0 225 218
f2_312 f1h_430 f1w_177 -0.12 0.12 4.01 0 0 0 218 222
f2_313 f1h_338 f1h_372 -0.51 0.51 3.81 0 0 0 211 226
f2_316 f1h_270 f1h_304 -1.59 1.59 4.65 0 0 0 234 219
f2_317 f1w_200 f1w_301 -1.52 1.52 2.83 0 0 0 237 222
f2_319 f1w_128 f1w_244 -0.53 0.53 3.34 0 0 0 225 229
f2_320 f1h_59 f1w_256 1.18 -1.18 3.64 0 0 0 219 214
f2_321 f1h_186 f1h_310 -0.81 0.81 3.55 0 0 0 215 219
f2_322 f1h_172 f1h_428 1.16 -1.16 3.12 0 0 0 246 226
f2_323 f1h_279 f1h_444 -1.32 1.32 3.74 0 0 0 234 228
f2_325 f1h_143 f1h_424 -0.49 0.49 4.17 0 0 0 224 243
f2_326 f1w_93 f1w_375 1.23 -1.23 5.25 0 0 0 245 241
f2_327 f1h_66 f1h_257 -1.12 1.12 3.67 0 0 0 221 228
f2_331 f1h_69 f1w_374 -0.83 0.83 4.3 0 0 0 223 223
f2_332 f1h_3 f1w_337 1.33 -1.33 3.12 0 0 0 205 239
f2_334 f1h_80 f1h_157 0.42 -0.42 4.6 0 0 0 229 227
f2_340 f1h_174 f1w_154 -0.18 0.18 4.73 0 0 0 254 228
f2_341 f1w_257 f1w_478 0.96 -0.96 5.3 0 0 0 226 221
f2_342 f1w_393 f1w_475 -1.38 1.38 3.65 0 0 0 231 233
f2_344 f1w_66 f1w_186 0.65 -0.65 4.37 0 0 0 245 236
f2_345 f1w_329 f1w_331 -1.39 1.39 2.97 0 0 0 240 243
f2_346 f1w_96 f1w_462 0.4 -0.4 3.65 0 0 0 217 211
f2_347 f1h_153 f1w_396 -1.64 1.64 3.34 0 0 0 231 229
f2_350 f1h_1 f1h_247 0.3 -0.3 4.3 0 0 0 232 253
f2_351 f1h_253 f1w_313 0.37 -0.37 4.04 0 0 0 229 215
f2_360 f1h_204 f1w_284 0.95 -0.95 4.94 0 0 0 232 235
f2_362 f1h_73 f1w_188 -1.53 1.53 4.98 0 0 0 215 235
f2_364 f1h_38 f1w_63 0.2 -0.2 5.64 0 0 0 255 247
f2_368 f1h_156 f1w_171 1.83 -1.83 2.19 0 0 0 236 241
f2_370 f1h_382 f1w_316 0.27 -0.27 4.13 0 0 0 217 226
f2_371 f1h_26 f1h_267 -1.34 1.34 3.18 0 0 0 250 242
f2_374 f1h_91 f1h_242 -1.97 1.97 2.73 0 0 0 218 222
f2_377 f1h_20 f1h_417 0.97 -0.97 4.18 0 0 0 228 229
f2_378 f1h_443 f1w_159 -1.15 1.15 4.66 0 0 0 224 229
f2_379 f1w_22 f1w_303 0.38 -0.38 4.89 0 0 0 255 243
f2_381 f1h_261 f1w_2 -0.47 0.47 4.65 0 0 0 225 224
f2_383 f1w_324 f1w_336 -0.63 0.63 4.19 0 0 0 224 217
f2_386 f1h_47 f1h_368 -0.08 0.08 4.46 0 0 0 242 234
f2_388 f1h_494 f1w_254 0.59 -0.59 4.44 0 0 0 214 232
f2_393 f1h_243 f1w_316 -0.4 0.4 4.06 0 0 0 228 213
f2_394 f1h_199 f1w_148 1.52 -1.52 4.24 0 0 0 228 232
f2_395 f1h_9 f1h_106 -1.25 1.25 2.94 0 0 0 214 207
f2_396 f1w_170 f1w_409 -0.35 0.35 4.86 0 0 0 234 239
f2_398 f1h_190 f1w_173 0.45 -0.45 3.6 0 0 0 220 233
f2_400 f1w_31 f1w_439 -3 3 2.65 0 0 0 224 211
f2_404 f1h_174 f1w_20 -0.86 0.86 3.89 0 0 0 238 215
f2_408 f1w_182 f1w_197 0.73 -0.73 5.09 0 0 0 240 237
f2_411 f1h_412 f1w_400 -1.17 1.17 4.16 0 0 0 224 222
f2_412 f1h_242 f1w_479 0.79 -0.79 3.49 0 0 0 221 216
f2_413 f1h_88 f1w_284 0.72 -0.72 4.53 0 0 0 222 228
f2_414 f1h_398 f1w_58 -0.11 0.11 5.31 0 0 0 236 236
f2_415 f1h_267 f1h_339 1.27 -1.27 4.08 0 0 0 229 225
f2_416 f1h_470 f1w_276 0.32 -0.32 3.5 0 0 0 245 245
f2_417 f1w_228 f1w_450 0.12 -0.12 5.06 0 0 0 258 253
f2_418 f1h_5 f1h_217 0.83 -0.83 2.88 0 0 0 229 239
f2_419 f1h_173 f1h_359 -2.57 2.57 3.13 0 0 0 218 217
f2_425 f1h_497 f1w_363 1.76 -1.76 2.76 0 0 0 223 222
f2_426 f1h_143 f1h_421 -0.38 0.38 3.17 0 0 0 229 223
f2_429 f1w_101 f1w_309 2.94 -2.94 3.49 0 0 0 225 233
f2_432 f1h_66 f1h_390 1.1 -1.1 2.96 0 0 0 207 216
f2_433 f1h_198 f1h_256 0.04 -0.04 4.62 0 0 0 234 237
f2_434 f1h_100 f1w_374 -1.39 1.39 3.35 0 0 0 232 223
f2_442 f1h_122 f1h_161 -0.55 0.55 4.23 0 0 0 235 235
f2_443 f1h_204 f1w_399 0.98 -0.98 5.17 0 0 0 220 235
f2_444 f1w_28 f1w_399 -0.88 0.88 5.02 0 0 0 241 246
f2_446 f1w_325 f1w_427 -0.19 0.19 4.49 0 0 0 222 229
f2_448 f1h_46 f1w_387 -0.12 0.12 4.39 0 0 0 227 220
f2_451 f1w_140 f1w_398 -1.28 1.28 3.11 0 0 0 208 224
f2_453 f1h_3 f1w_471 1.68 -1.68 2.6 0 0 0 221 235
f2_455 f1w_437 f1w_465 2.61 -2.61 3.43 0 0 0 212 225
f2_456 f1h_291 f1w_469 1.45 -1.45 2.91 0 0 0 228 236
f2_457 f1h_350 f1w_379 -1.61 1.61 3.51 0 0 0 234 222
f2_458 f1w_14 f1w_443 -0.76 0.76 4.09 0 0 0 240 226
f2_459 f1h_270 f1w_396 0.54 -0.54 4.05 0 0 0 224 223
f2_460 f1w_120 f1w_205 3.34 -3.34 3.2 0 0 0 233 236
f2_461 f1h_175 f1w_99 -1.06 1.06 4.12 0 0 0 235 247
f2_468 f1h_207 f1h_351 -0.42 0.42 4.68 0 0 0 231 235
f2_469 f1w_80 f1w_142 -0.17 0.17 3.67 0 0 0 229 215
f2_473 f1h_64 f1w_364 0.52 -0.52 3.71 0 0 0 224 228
f2_475 f1w_248 f1w_435 2.51 -2.51 3.95 0 0 0 224 226
f2_476 f1h_395 f1w_370 0.94 -0.94 4.42 0 0 0 229 217
f2_477 f1h_284 f1w_276 -1.2 1.2 4.01 0 0 0 227 249
f2_478 f1h_162 f1w_478 0.69 -0.69 4.27 0 0 0 224 215
f2_479 f1w_181 f1w_266 0.94 -0.94 3.24 0 0 0 218 219
f2_480 f1h_491 f1w_428 -2.08 2.08 2.84 0 0 0 223 228
f2_481 f1h_172 f1h_381 -0.91 0.91 4.43 0 0 0 235 222
f2_482 f1h_337 f1w_286 1.1 -1.1 4.41 0 0 0 233 227
f2_483 f1h_67 f1h_287 0.33 -0.33 4.14 0 0 0 227 220
f2_485 f1h_362 f1w_201 0.18 -0.18 4.76 0 0 0 242 225
f2_487 f1h_156 f1h_207 0.58 -0.58 3.64 0 0 0 227 231
f2_489 f1w_214 f1w_400 0.16 -0.16 4.62 0 0 0 225 223
f2_490 f1h_129 f1w_476 -0.44 0.44 4.09 0 0 0 217 226
f2_492 f1h_103 f1w_19 0.09 -0.09 3.53 0 0 0 224 205
f2_493 f1h_236 f1w_44 2.52 -2.52 3.94 0 0 0 228 249
f2_496 f1h_280 f1w_200 -0.6 0.6 3.93 0 0 0 234 233
f2_500 f1w_443 f1w_497 0.62 -0.62 3.04 0 0 0 213 227
f2_502 f1h_61 f1h_398 1.17 -1.17 3.36 0 0 0 233 237
f2_503 f1w_249 f1w_470 0.14 -0.14 4.56 0 0 0 225 226
f2_504 f1h_9 f1h_13 -1.47 1.47 4.47 0 0 0 224 233
f2_506 f1w_167 f1w_291 0.82 -0.82 4.02 0 0 0 219 209
f2_507 f1h_126 f1w_248 -1.55 1.55 3.08 0 0 0 219 225
f2_508 f1w_141 f1w_259 -1.43 1.43 4.92 0 0 0 242 228
f2_510 f1w_73 f1w_486 0.87 -0.87 2.93 0 0 0 229 233
f2_513 f1h_80 f1h_304 -0.41 0.41 3.81 0 0 0 234 235
f2_514 f1h_196 f1w_54 -0.2 0.2 4.41 0 0 0 232 229
f2_516 f1h_80 f1w_292 -0.62 0.62 3.95 0 0 0 247 238
f2_516 f1h_80 f2_637 -2.27 2.27 -0.27 0 0 1 247 245
f2_517 f1h_332 f1w_128 -0.77 0.77 3.49 0 0 0 222 223
f2_522 f1h_380 f1h_405 0.48 -0.48 4.5 0 0 0 249 225
f2_523 f1h_130 f1h_219 0.01 -0.01 4.56 0 0 0 224 219
f2_524 f1h_353 f1w_372 -0.09 0.09 4.33 0 0 0 224 244
f2_525 f1h_25 f1h_205 -0.98 0.98 4.43 0 0 0 237 232
f2_529 f1h_73 f1h_375 0.47 -0.47 4.7 0 0 0 216 225
f2_531 f1h_102 f1w_309 0.41 -0.41 4.88 0 0 0 231 229
f2_532 f1h_105 f1w_223 1.38 -1.38 5.05 0 0 0 245 231
f2_533 f1h_194 f1w_252 1.18 -1.18 2.32 0 0 0 239 254
f2_534 f1w_145 f1w_410 0.36 -0.36 3.62 0 0 0 223 214
f2_538 f1h_105 f1w_421 -1.48 1.48 3.74 0 0 0 249 225
f2_542 f1h_192 f1h_202 0.37 -0.37 3.83 0 0 0 230 245
f2_543 f1w_62 f1w_233 0.16 -0.16 4.22 0 0 0 235 213
f2_544 f1h_45 f1h_294 0.27 -0.27 4.2 0 0 0 218 231
f2_546 f1h_443 f1w_353 -0.12 0.12 4.02 0 0 0 231 222
f2_547 f1h_436 f1w_76 1.68 -1.68 3.99 0 0 0 223 241
f2_549 f1h_246 f1w_365 -0.3 0.3 3.69 0 0 0 232 229
f2_550 f1h_249 f1w_434 0.67 -0.67 3.83 0 0 0 215 228
f2_551 f1h_297 f1w_44 2 -2 3.55 0 0 0 230 243
f2_553 f1h_400 f1h_474 0.87 -0.87 4.51 0 0 0 224 206
f2_556 f1h_11 f1h_382 -1.26 1.26 2.37 0 0 0 227 225
f2_557 f1w_277 f1w_485 -0.51 0.51 4.69 0 0 0 218 221
f2_558 f1h_72 f1w_468 -0.29 0.29 3.17 0 0 0 229 220
f2_559 f1h_318 f1w_323 0.85 -0.85 4.45 0 0 0 226 220
f2_560 f1h_106 f1w_72 2.48 -2.48 3.2 0 0 0 224 230
f2_563 f1h_206 f1w_418 0.19 -0.19 4.54 0 0 0 218 226
f2_564 f1h_207 f1h_400 2.32 -2.32 3.32 0 0 0 222 233
f2_565 f1h_439 f1w_418 -1.11 1.11 2.22 0 0 0 225 228
f2_566 f1h_186 f1w_154 2.82 -2.82 1.84 0 0 0 229 218
f2_568 f1h_2 f1h_155 -0.41 0.41 4.1 0 0 0 223 223
f2_569 f1h_270 f1w_383 -0.09 0.09 4.98 0 0 0 236 235
f2_571 f1h_340 f1w_406 0.32 -0.32 3.74 0 0 0 221 226
f2_572 f1w_154 f1w_492 -1.48 1.48 4.3 0 0 0 236 238
f2_573 f1h_444 f1w_475 2.86 -2.86 2.9 0 0 0 235 241
f2_574 f1h_177 f1w_485 0.7 -0.7 4.89 0 0 0 242 234
f2_577 f1w_152 f1w_244 0.27 -0.27 3.33 0 0 0 228 222
f2_578 f1w_101 f1w_357 -0.7 0.7 3.34 0 0 0 221 235
f2_579 f1h_275 f1h_323 0.9 -0.9 4.04 0 0 0 219 222
f2_582 f1h_11 f1w_354 0.2 -0.2 0.49 0 0 1 228 219
f2_582 f1h_410 f1w_354 -1.55 1.55 3.93 0 0 0 235 219
f2_584 f1w_172 f1w_478 -0.34 0.34 3.52 0 0 0 230 222
f2_585 f1h_47 f1h_81 -0.29 0.29 4.27 0 0 0 236 245
f2_587 f1h_473 f1w_288 0.1 -0.1 3.2 0 0 0 230 222
f2_588 f1h_343 f1w_124 -0.77 0.77 5.05 0 0 0 229 222
f2_589 f1w_215 f1w_394 -0.22 0.22 3.95 0 0 0 217 226
f2_590 f1h_78 f1w_186 -0.85 0.85 3.58 0 0 0 217 232
f2_591 f1h_98 f1h_238 -1.57 1.57 4.31 0 0 0 219 221
f2_592 f1h_443 f1w_379 -0.3 0.3 3.34 0 0 0 226 220
f2_593 f1w_12 f1w_101 -0.08 0.08 4.09 0 0 0 218 204
f2_598 f1h_436 f1w_128 -1.03 1.03 3.5 0 0 0 227 224
f2_600 f1h_342 f1w_223 0.42 -0.42 5.13 0 0 0 220 224
f2_602 f1h_202 f1h_251 -0.14 0.14 4.71 0 0 0 246 235
f2_605 f1w_211 f1w_243 -0.05 0.05 4.28 0 0 0 237 234
f2_606 f1h_241 f1w_409 0.35 -0.35 4.38 0 0 0 238 233
f2_608 f1h_13 f1w_468 -2.24 2.24 2.36 0 0 0 225 219
f2_610 f1h_172 f1w_294 2.11 -2.11 3.48 0 0 0 233 224
f2_612 f1h_162 f1h_300 -1.62 1.62 2.65 0 0 0 228 225
f2_613 f1h_412 f1w_410 -1.07 1.07 3.46 0 0 0 234 226
f2_621 f1h_385 f1w_52 0.7 -0.7 3.62 0 0 0 236 231
f2_625 f1h_261 f1w_310 -2.08 2.08 4.3 0 0 0 241 236
f2_626 f1w_123 f1w_498 1.34 -1.34 3.45 0 0 0 243 244
f2_627 f1w_170 f1w_209 1.03 -1.03 4.61 0 0 0 225 219
f2_628 f1w_183 f1w_417 -1.42 1.42 2.97 0 0 0 216 232
f2_637 f1w_292 f1w_430 0.49 -0.49 4.03 0 0 0 238 240
f2_638 f1h_399 f1w_184 -0.52 0.52 3.94 0 0 0 232 229
f2_643 f0_166 f1h_453 4.43 -4.43 0.51 1 0 1 227 241
f2_643 f1h_202 f1h_453 -0.05 0.05 5.34 0 0 0 253 241
f2_647 f1h_64 f1h_463 -0.99 0.99 3.34 0 0 0 232 232
f2_648 f1h_54 f1w_18 0.3 -0.3 5.19 0 0 0 237 228
f2_649 f1h_254 f1h_302 -2.79 2.79 3.86 0 0 0 233 232
f2_650 f1h_124 f1h_340 -0.46 0.46 4.71 0 0 0 223 229
f2_652 f1h_490 f1w_487 1.27 -1.27 4.02 0 0 0 225 224
f2_653 f1h_386 f1h_439 -0.7 0.7 4.62 0 0 0 227 227
f2_654 f1w_284 f1w_475 0.68 -0.68 4.65 0 0 0 231 242
f2_656 f1h_273 f1w_128 -0.98 0.98 5.29 0 0 0 238 233
f2_657 f1h_163 f1w_221 -1.27 1.27 3.72 0 0 0 234 238
f2_659 f1h_90 f1h_296 -0.57 0.57 3.5 0 0 0 220 220
f2_660 f1w_131 f1w_303 1.56 -1.56 5.77 0 0 0 238 242
f2_662 f1h_435 f1w_292 -1.59 1.59 3.48 0 0 0 227 227
f2_663 f1h_80 f1w_137 -0.61 0.61 4.29 0 0 0 244 239
f2_666 f1h_267 f1h_483 1.7 -1.7 2.63 0 0 0 242 214
f2_670 f1h_307 f1h_384 1.06 -1.06 2.6 0 0 0 252 217
f2_671 f1h_373 f1w_447 -1.3 1.3 4.8 0 0 0 239 243
f2_672 f1h_499 f1w_394 -0.62 0.62 4.63 0 0 0 235 236
f2_676 f1h_6 f1w_263 1.08 -1.08 3.94 0 0 0 226 222
f2_677 f1h_234 f1w_16 -0.26 0.26 3.26 0 0 0 211 225
f2_680 f1h_46 f1w_11 -0.11 0.11 5.19 0 0 0 225 232
f2_682 f1h_351 f1w_145 -0.95 0.95 4.62 0 0 0 224 232
f2_683 f1w_82 f1w_173 -0.05 0.05 5.41 0 0 0 229 222
f2_684 f1w_70 f1w_235 -1.03 1.03 4.55 0 0 0 232 233
f2_688 f1h_334 f1w_285 1.52 -1.52 4.31 0 0 0 239 232
f2_690 f1w_229 f1w_424 -0.93 0.93 3.67 0 0 0 215 206
f2_697 f1w_172 f1w_449 -0.62 0.62 3.77 0 0 0 221 217
f2_697 f1w_172 f2_118 -1.5 1.5 0.04 0 0 1 221 216
f2_700 f1h_444 f1w_441 1.37 -1.37 2.77 0 0 0 235 225
f2_701 f1h_228 f1h_305 0.06 -0.06 5.1 0 0 0 222 247
f2_702 f1w_22 f1w_103 0.66 -0.66 4.6 0 0 0 236 224
f2_703 f1h_284 f1h_457 -0.91 0.91 4.46 0 0 0 227 208
f2_708 f1h_327 f1w_177 -0.72 0.72 3.88 0 0 0 235 234
f2_709 f1h_206 f1h_337 -0.9 0.9 4.19 0 0 0 226 245
f2_710 f1w_424 f1w_468 -0.81 0.81 3.18 0 0 0 219 228
f2_711 f1h_286 f1w_53 0.6 -0.6 3.91 0 0 0 227 221
f2_713 f1w_140 f1w_179 0.19 -0.19 4.39 0 0 0 215 242
f2_714 f1h_38 f1h_234 -1.74 1.74 5.91 0 0 0 237 207
f2_718 f1h_367 f1h_382 2.02 -2.02 4.76 0 0 0 247 237
f2_720 f1h_93 f1h_436 -0.52 0.52 3.54 0 0 0 227 221
f2_721 f1h_237 f1w_449 -1.79 1.79 3.23 0 0 0 234 236
f2_722 f1h_155 f1w_291 0.99 -0.99 4.19 0 0 0 212 211
f2_724 f1h_138 f1w_446 0.89 -0.89 4.9 0 0 0 236 232
f2_726 f1h_168 f1h_173 -0.09 0.09 4.41 0 0 0 230 222
f2_735 f1h_317 f1w_333 1.54 -1.54 5.03 0 0 0 239 235
f2_738 f1h_100 f1w_243 -0.03 0.03 3.05 0 0 0 246 232
f2_742 f1h_52 f1w_436 1.5 -1.5 3.32 0 0 0 224 235
f2_744 f1w_107 f1w_392 -0.28 0.28 4.49 0 0 0 226 228
f2_747 f1h_327 f1w_259 0.59 -0.59 3.34 0 0 0 236 229
f2_748 f1h_233 f1h_474 0.6 -0.6 4.4 0 0 0 236 227
f2_750 f1h_252 f1h_480 -0.41 0.41 4.68 0 0 0 216 217
f2_751 f1w_141 f1w_309 -0.96 0.96 4.66 0 0 0 249 233
f2_754 f1h_217 f1w_285 1.25 -1.25 3.22 0 0 0 233 226
f2_755 f1h_423 f1h_466 1.86 -1.86 3.23 0 0 0 235 233
f2_756 f1h_190 f1h_279 1.31 -1.31 2.52 0 0 0 227 236
f2_757 f1h_180 f1h_481 -0.58 0.58 3.84 0 0 0 243 226
f2_760 f1h_498 f1w_171 -2.1 2.1 3.92 0 0 0 236 248
f2_763 f1w_114 f1w_149 0.97 -0.97 2.17 0 0 0 229 223
f2_764 f1h_83 f1h_455 0.58 -0.58 5.07 0 0 0 225 238
f2_765 f1h_275 f1h_311 -0.53 0.53 3.63 0 0 0 222 239
f2_770 f1h_259 f1w_457 -1.16 1.16 5.11 0 0 0 240 227
f2_771 f1h_86 f1w_167 0.26 -0.26 4.87 0 0 0 231 232
f2_775 f1h_48 f1w_214 -1.86 1.86 3.14 0 0 0 236 239
f2_776 f1h_350 f1w_468 1.61 -1.61 4.12 0 0 0 240 222
f2_777 f1h_103 f1w_5 0.36 -0.36 4.4 0 0 0 236 234
f2_779 f1h_312 f1w_92 -1.67 1.67 3.88 0 0 0 212 228
f2_780 f1w_196 f1w_469 0.3 -0.3 4.85 0 0 0 230 226
f2_782 f1h_33 f1w_257 -0.98 0.98 4.46 0 0 0 242 238
f2_784 f1h_163 f1w_52 0.3 -0.3 3.79 0 0 0 221 218
f2_786 f1h_280 f1w_294 0.37 -0.37 3.84 0 0 0 238 224
f2_788 f1w_5 f1w_179 -0.93 0.93 3.81 0 0 0 234 235
f2_790 f1h_397 f1w_152 -0.64 0.64 3.73 0 0 0 231 232
f2_791 f1h_353 f1w_78 -1.67 1.67 2.78 0 0 0 229 235
f2_794 f1h_169 f1w_183 0.45 -0.45 3.36 0 0 0 228 218
f2_796 f1h_159 f1w_251 -0.14 0.14 4.39 0 0 0 239 235
f2_797 f1h_452 f1w_487 -0.85 0.85 2.9 0 0 0 226 228
f2_798 f1h_496 f1w_357 0.36 -0.36 4.19 0 0 0 241 251
f2_800 f1h_275 f1w_467 -0.5 0.5 4.4 0 0 0 221 226
f2_803 f1h_43 f1h_119 0.36 -0.36 3.93 0 0 0 229 227
f2_804 f1h_397 f1w_86 1.69 -1.69 3.52 0 0 0 221 217
f2_806 f1h_6 f1h_379 -0.94 0.94 3.78 0 0 0 240 230
f2_809 f1h_224 f1w_476 -0.87 0.87 3.81 0 0 0 234 235
f2_811 f1h_8 f1w_324 -2.51 2.51 2.09 0 0 0 230 219
f2_815 f1w_181 f1w_261 -1.27 1.27 3.33 0 0 0 233 239
f2_819 f1h_57 f1w_279 -1.7 1.7 4.26 0 0 0 244 234
f2_822 f1h_140 f1w_331 0.34 -0.34 3.59 0 0 0 211 221
f2_823 f1h_5 f1w_105 -0.98 0.98 2.62 0 0 0 226 231
f2_832 f1h_349 f1w_241 -1.07 1.07 3.51 0 0 0 239 239
f2_833 f1h_81 f1h_338 0.73 -0.73 3.87 0 0 0 235 225
f2_835 f1h_413 f1w_251 0.9 -0.9 3.91 0 0 0 232 232
f2_836 f1h_378 f1w_390 -2.08 2.08 4.18 0 0 0 238 241
f2_838 f1h_28 f1h_321 -1.34 1.34 3.18 0 0 0 223 211
f2_840 f1h_34 f1w_153 -0.97 0.97 4.52 0 0 0 234 236
f2_841 f1h_48 f1h_412 0.79 -0.79 4.25 0 0 0 227 223
f2_845 f1w_56 f1w_275 -0.86 0.86 3.56 0 0 0 238 232
f2_847 f1h_91 f1w_406 -0.3 0.3 4.34 0 0 0 229 222
f2_850 f1h_37 f1h_496 0.29 -0.29 3.72 0 0 0 229 231
f2_852 f1h_77 f1h_107 0.9 -0.9 2.4 0 0 0 219 226
f2_853 f1w_57 f1w_280 0.52 -0.52 4.71 0 0 0 231 206
f2_854 f1w_76 f1w_205 -0.54 0.54 4.59 0 0 0 234 228
f2_860 f1w_22 f1w_286 -0.31 0.31 4.53 0 0 0 236 227
f2_861 f1h_410 f1w_411 1.16 -1.16 2.98 0 0 0 250 244
f2_862 f1h_65 f1w_144 2.56 -2.56 2.98 0 0 0 221 215
f2_864 f1h_110 f1w_369 -0.6 0.6 3.94 0 0 0 222 227
f2_866 f1w_92 f1w_108 2.78 -2.78 2.98 0 0 0 231 226
f2_867 f1h_340 f1w_179 -0.99 0.99 3.4 0 0 0 225 222
f2_869 f1w_55 f1w_311 0.8 -0.8 4.59 0 0 0 218 226
f2_871 f1h_113 f1w_345 0.25 -0.25 4.12 0 0 0 224 238
f2_874 f1h_284 f1h_471 -2.34 2.34 3.89 0 0 0 224 226
f2_875 f1h_106 f1h_129 0.18 -0.18 4.12 0 0 0 220 227
f2_876 f1w_144 f1w_161 -0.38 0.38 3.79 0 0 0 218 218
f2_877 f1h_234 f1h_480 0.45 -0.45 3.38 0 0 0 210 223
f2_878 f1w_434 f1w_467 -1.18 1.18 4.56 0 0 0 232 231
f2_879 f1h_78 f1h_238 -0.58 0.58 4.09 0 0 0 220 224
f2_881 f1w_15 f1w_294 -2.07 2.07 2.89 0 0 0 238 224
f2_882 f1w_223 f1w_499 0 0 3.71 0 0 0 230 234
f2_884 f1h_80 f1w_432 -1.9 1.9 3.57 0 0 0 214 210
f2_885 f1h_306 f1w_374 0.92 -0.92 2.96 0 0 0 210 212
f2_886 f1h_248 f1h_436 0.76 -0.76 3.91 0 0 0 233 228
f2_894 f1h_32 f1w_141 -0.27 0.27 4.38 0 0 0 226 240
f2_896 f1h_162 f1h_383 -1.21 1.21 3.02 0 0 0 227 212
f2_897 f1h_129 f1w_149 -2.63 2.63 2.79 0 0 0 220 232
f2_898 f1w_171 f1w_173 3.2 -3.2 2.95 0 0 0 242 236
f2_899 f1w_381 f1w_406 -0.1 0.1 4.22 0 0 0 232 234
f2_900 f1h_305 f1w_216 -2.25 2.25 3.13 0 0 0 243 215
f2_902 f1h_424 f1w_176 0.17 -0.17 3.65 0 0 0 231 225
f2_903 f1h_216 f1w_162 0.04 -0.04 5.28 0 0 0 235 232
f2_905 f1h_63 f1h_418 -0.11 0.11 5.62 0 0 0 238 226
f2_906 f1h_279 f1w_251 1.63 -1.63 3.66 0 0 0 222 220
f2_908 f1w_41 f1w_460 -0.62 0.62 2.68 0 0 0 236 235
f2_910 f1h_72 f1h_364 -0.62 0.62 4.39 0 0 0 226 210
f2_912 f1h_30 f1h_257 -1.64 1.64 3.73 0 0 0 221 230
f2_917 f1h_409 f1w_369 -1.84 1.84 4 0 0 0 245 235
f2_919 f1h_237 f1w_15 -1.58 1.58 3.79 0 0 0 239 233
f2_920 f1w_71 f1w_320 1.52 -1.52 2.85 0 0 0 213 225
f2_921 f1w_170 f1w_496 -0.08 0.08 3.82 0 0 0 224 221
f2_923 f1h_349 f1h_417 0.43 -0.43 4.26 0 0 0 226 222
f2_924 f1h_333 f1w_446 -1.49 1.49 4.16 0 0 0 233 220
f2_925 f1h_143 f1h_481 2.16 -2.16 2.84 0 0 0 220 226
f2_927 f1w_176 f1w_492 0.55 -0.55 3.71 0 0 0 222 219
f2_928 f1h_240 f1w_257 -0.05 0.05 4.11 0 0 0 227 225
f2_930 f1h_377 f1w_375 -0.07 0.07 4.41 0 0 0 221 215
f2_933 f1w_156 f1w_236 0.36 -0.36 4.42 0 0 0 236 226
f2_934 f1h_368 f1w_332 0.68 -0.68 3.11 0 0 0 222 220
f2_935 f1h_40 f1w_28 0.6 -0.6 4.86 0 0 0 243 224
f2_938 f1h_109 f1h_322 -0.64 0.64 3.97 0 0 0 217 235
f2_941 f1h_207 f1h_472 0.69 -0.69 4.65 0 0 0 223 219
f2_943 f1h_52 f1w_239 0.24 -0.24 4.98 0 0 0 215 210
f2_944 f1h_300 f1h_376 0.06 -0.06 3.54 0 0 0 216 219
f2_945 f1w_41 f1w_171 -2.41 2.41 4.14 0 0 0 226 237
f2_948 f1h_428 f1w_360 -0.49 0.49 3.23 0 0 0 226 245
f2_949 f1h_113 f1h_383 -0.68 0.68 2.05 0 0 0 219 220
f2_950 f1h_67 f1w_2 -0.32 0.32 4.35 0 0 0 231 231
f2_951 f1w_343 f1w_489 0.35 -0.35 4.62 0 0 0 230 221
f2_953 f1h_286 f1w_332 1.36 -1.36 2.78 0 0 0 234 217
f2_954 f1h_184 f1h_341 0.92 -0.92 3.5 0 0 0 221 242
f2_956 f1w_36 f1w_271 -0.34 0.34 4.04 0 0 0 222 210
f2_957 f1h_232 f1h_300 0.02 -0.02 5.81 0 0 0 224 224
f2_961 f1h_221 f1w_83 -2.82 2.82 2.47 0 0 0 218 204
f2_962 f1h_138 f1h_459 0.46 -0.46 3.7 0 0 0 227 226
f2_965 f1h_20 f1h_24 -1.61 1.61 3.53 0 0 0 225 229
f2_967 f1h_13 f1w_485 0.26 -0.26 4.44 0 0 0 227 228
f2_968 f1h_47 f1w_171 -0.21 0.21 4.35 0 0 0 231 221
f2_969 f1h_55 f1h_229 1.26 -1.26 4.11 0 0 0 255 248
f2_970 f1h_77 f1w_96 -0.98 0.98 3.05 0 0 0 232 238
f2_971 f1h_325 f1h_468 -2.59 2.59 2.16 0 0 0 229 222
f2_972 f1w_61 f1w_213 -2.48 2.48 3.74 0 0 0 230 239
f2_977 f1h_46 f1w_295 0.45 -0.45 3.79 0 0 0 209 223
f2_978 f1h_75 f1w_410 0.01 -0.01 4.29 0 0 0 229 238
f2_981 f1w_93 f1w_288 0.19 -0.19 4.18 0 0 0 236 219
f2_982 f1h_455 f1h_470 2.13 -2.13 4.47 0 0 0 233 251
f2_983 f1h_53 f1h_436 1.98 -1.98 3.52 0 0 0 221 217
f2_986 f1h_446 f1w_152 -0.11 0.11 3.22 0 0 0 203 215
f2_987 f1h_234 f1w_204 1.63 -1.63 3.79 0 0 0 219 240
f2_989 f1h_381 f1w_180 2.58 -2.58 3.43 0 0 0 223 246
f2_991 f1h_5 f1h_487 -0.08 0.08 5.08 0 0 0 230 234
f2_992 f1h_411 f1w_498 1.15 -1.15 3.7 0 0 0 244 215
f2_993 f1w_294 f1w_436 2.06 -2.06 3 0 0 0 240 244
f2_994 f1w_327 f1w_373 1.08 -1.08 2.67 0 0 0 231 229
f2_996 f1h_282 f1w_41 1.05 -1.05 3.46 0 0 0 240 245
f2_997 f1h_497 f1w_87 -0.13 0.13 4.3 0 0 0 230 203
f2_999 f1h_343 f1w_454 -1.54 1.54 4.23 0 0 0 238 224
f2_999 f1w_454 f2_646 -2.81 2.69 0.4 0 1 1 224 222
