id parent1 parent2 LLRparent1 LLRparent2 LLRpair OHparent1 OHparent2 MEpair SNPd.id.parent1 SNPd.id.parent2
f1h_1 f0_104 f0_111 -9.86 9.86 142.38 0 0 0 6806 6760
f1h_2 f0_7 f0_143 7.69 -7.69 142.54 0 0 0 6756 6763
f1h_3 f0_11 f0_58 14.08 -14.08 140.04 0 0 0 6767 6765
f1h_4 f0_66 f0_136 -1.45 1.45 147.79 0 0 0 6801 6778
f1h_6 f0_8 f0_161 0.18 -0.18 146.68 0 0 0 6840 6786
f1h_8 f0_53 f0_168 15.51 -15.51 141.05 0 0 0 6813 6817
f1h_9 f0_108 f0_198 -0.8 0.8 147.08 0 0 0 6797 6787
f1h_10 f0_110 f0_172 9 -9 139.49 0 0 0 6780 6791
f1h_12 f0_143 f0_186 8.97 -8.97 143.89 0 0 0 6804 6769
f1h_13 f0_14 f0_51 -3.47 3.47 146.33 0 0 0 6737 6758
f1h_14 f0_2 f0_126 -2.7 2.7 151.61 0 0 0 6793 6738
f1h_16 f0_13 f0_87 -2.76 2.76 156.37 0 0 0 6856 6757
f1h_17 f0_76 f0_176 -7.61 7.61 147.35 0 0 0 6799 6782
f1h_18 f0_42 f0_72 2.74 -2.74 145.46 0 0 0 6761 6822
f1h_19 f0_4 f0_119 -9.26 9.26 149.05 0 0 0 6769 6783
f1h_20 f0_109 f0_143 -10.27 10.27 136.84 0 0 0 6773 6841
f1h_21 f0_2 f0_184 -2.17 2.17 147.2 0 0 0 6778 6795
f1h_22 f0_51 f0_128 1.77 -1.77 150.47 0 0 0 6782 6773
f1h_23 f0_87 f0_133 -1.22 1.22 151.39 0 0 0 6718 6740
f1h_24 f0_149 f0_156 -5.39 5.39 154.23 0 0 0 6817 6817
f1h_25 f0_61 f0_96 -5.44 5.44 140.11 0 0 0 6735 6780
f1h_26 f0_7 f0_77 3.03 -3.03 149.85 0 0 0 6830 6780
f1h_27 f0_188 f0_194 -11.46 11.46 144.17 0 0 0 6750 6803
f1h_29 f0_22 f0_142 -0.73 0.73 151.78 0 0 0 6886 6823
f1h_30 f0_14 f0_61 4.81 -4.81 141.14 0 0 0 6733 6688
f1h_31 f0_70 f0_81 -3.92 3.92 147.53 0 0 0 6811 6769
f1h_32 f0_16 f0_41 3.6 -3.6 147.97 0 0 0 6759 6787
f1h_33 f0_110 f0_165 -5.53 5.53 143.35 0 0 0 6755 6749
f1h_34 f0_153 f0_168 -5.64 5.64 142 0 0 0 6781 6761
f1h_35 f0_25 f0_47 -3.13 3.13 146.23 0 0 0 6760 6670
f1h_37 f0_37 f0_55 5.23 -5.23 145.3 0 0 0 6788 6770
f1h_38 f0_2 f0_182 -6.38 6.38 147.04 0 0 0 6872 6805
f1h_39 f0_75 f0_142 -3.68 3.68 146.38 0 0 0 6811 6786
f1h_41 f0_39 f0_168 6.95 -6.95 147.2 0 0 0 6827 6819
f1h_42 f0_7 f0_18 9.44 -9.44 142.9 0 0 0 6808 6799
f1h_43 f0_48 f0_65 7.05 -7.05 146.91 0 0 0 6761 6777
f1h_44 f0_89 f0_160 -8.82 8.82 140.93 0 0 0 6800 6802
f1h_46 f0_88 f0_159 -0.02 0.02 150.83 0 0 0 6763 6780
f1h_47 f0_72 f0_135 3.23 -3.23 149.44 0 0 0 6753 6768
f1h_48 f0_122 f0_127 -7.78 7.78 145.01 0 0 0 6775 6774
f1h_49 f0_54 f0_119 -5.46 5.46 146.47 0 0 0 6804 6791
f1h_51 f0_104 f0_107 12.88 -12.88 149.94 0 0 0 6784 6798
f1h_52 f0_99 f0_135 5.59 -5.59 140.85 0 0 0 6810 6861
f1h_54 f0_37 f0_173 -8.48 8.48 142.01 0 0 0 6759 6805
f1h_55 f0_114 f0_183 -8.51 8.51 148.3 0 0 0 6759 6754
f1h_56 f0_97 f0_174 9.93 -9.93 139.87 0 0 0 6771 6824
f1h_57 f0_95 f0_124 10.94 -10.94 141.3 0 0 0 6756 6745
f1h_59 f0_7 f0_182 1.63 -1.63 147.91 0 0 0 6755 6738
f1h_60 f0_120 f0_175 4.36 -4.36 147.28 0 0 0 6804 6837
f1h_61 f0_63 f0_72 7.64 -7.64 144.69 0 0 0 6783 6790
f1h_62 f0_181 f0_188 1.77 -1.77 148.55 0 0 0 6790 6757
f1h_65 f0_47 f0_87 5.02 -5.02 146.98 0 0 0 6692 6745
f1h_67 f0_59 f0_79 1.28 -1.28 149.77 0 0 0 6781 6778
f1h_68 f0_74 f0_118 5.11 -5.11 146.18 0 0 0 6777 6744
f1h_69 f0_42 f0_63 -4.77 4.77 144.56 0 0 0 6728 6764
f1h_71 f0_41 f0_75 9.1 -9.1 147.07 0 0 0 6805 6834
f1h_73 f0_42 f0_80 6.74 -6.74 146.24 0 0 0 6797 6828
f1h_74 f0_154 f0_199 4.52 -4.52 140.68 0 0 0 6793 6770
f1h_78 f0_67 f0_72 -0.11 0.11 153.03 0 0 0 6721 6756
f1h_79 f0_24 f0_67 -1.47 1.47 150.11 0 0 0 6841 6809
f1h_81 f0_60 f0_102 3.92 -3.92 144.17 0 0 0 6830 6808
f1h_82 f0_47 f0_171 -2.3 2.3 147.25 0 0 0 6686 6811
f1h_83 f0_93 f0_162 0.89 -0.89 146.09 0 0 0 6760 6745
f1h_86 f0_24 f0_121 -0.32 0.32 146.28 0 0 0 6765 6775
f1h_87 f0_57 f0_159 -6.25 6.25 144.31 0 0 0 6751 6800
f1h_88 f0_58 f0_84 5.12 -5.12 152.4 0 0 0 6792 6780
f1h_89 f0_43 f0_132 -2.2 2.2 151.27 0 0 0 6808 6841
f1h_91 f0_101 f0_159 -0.86 0.86 146.66 0 0 0 6767 6792
f1h_92 f0_8 f0_86 -3.4 3.4 153.92 0 0 0 6823 6812
f1h_94 f0_44 f0_170 -6.05 6.05 144.8 0 0 0 6804 6812
f1h_95 f0_115 f0_147 8.48 -8.48 150.46 0 0 0 6784 6821
f1h_97 f0_74 f0_168 -4.77 4.77 150.28 0 0 0 6791 6768
f1h_99 f0_156 f0_188 -6.85 6.85 150.3 0 0 0 6773 6728
f1h_101 f0_30 f0_120 -1.66 1.66 152.3 0 0 0 6810 6790
f1h_102 f0_70 f0_86 3.54 -3.54 156.08 0 0 0 6849 6839
f1h_103 f0_27 f0_31 3.87 -3.87 146.1 0 0 0 6729 6784
f1h_104 f0_30 f0_38 11.51 -11.51 148.6 0 0 0 6795 6808
f1h_105 f0_27 f0_138 -4.04 4.04 144.77 0 0 0 6808 6807
f1h_106 f0_6 f0_157 13.2 -13.2 139.74 0 0 0 6762 6781
f1h_107 f0_17 f0_32 7.6 -7.6 136.97 0 0 0 6788 6771
f1h_108 f0_45 f0_103 0.29 -0.29 153.83 0 0 0 6831 6720
f1h_109 f0_135 f0_190 -5.57 5.57 151.43 0 0 0 6811 6816
f1h_111 f0_114 f0_167 -0.82 0.82 146.32 0 0 0 6793 6811
f1h_112 f0_124 f0_134 -5.13 5.13 146.49 0 0 0 6738 6702
f1h_113 f0_84 f0_103 -2.32 2.32 150.28 0 0 0 6790 6770
f1h_114 f0_96 f0_102 0.3 -0.3 151.71 0 0 0 6788 6801
f1h_115 f0_38 f0_156 -1.76 1.76 148.54 0 0 0 6786 6785
f1h_117 f0_12 f0_56 8.37 -8.37 143.7 0 0 0 6786 6785
f1h_118 f0_73 f0_74 10.4 -10.4 147.11 0 0 0 6743 6771
f1h_121 f0_57 f0_89 1.33 -1.33 145.1 0 0 0 6781 6800
f1h_122 f0_43 f0_160 -7.71 7.71 143.8 0 0 0 6783 6770
f1h_123 f0_73 f0_88 -3.46 3.46 142.75 0 0 0 6682 6754
f1h_124 f0_32 f0_58 4.66 -4.66 144.95 0 0 0 6772 6782
f1h_125 f0_64 f0_75 -2.76 2.76 149.43 0 0 0 6801 6783
f1h_126 f0_145 f0_154 -4.05 4.05 147.61 0 0 0 6768 6781
f1h_127 f0_87 f0_145 -1.56 1.56 149.59 0 0 0 6768 6762
f1h_128 f0_28 f0_127 -1.45 1.45 149.22 0 0 0 6789 6748
f1h_129 f0_65 f0_100 5.61 -5.61 151.68 0 0 0 6742 6747
f1h_130 f0_44 f0_93 4.2 -4.2 144.45 0 0 0 6790 6819
f1h_131 f0_122 f0_149 3.43 -3.43 156.79 0 0 0 6796 6812
f1h_132 f0_44 f0_153 4.51 -4.51 151.21 0 0 0 6819 6815
f1h_134 f0_193 f0_195 6.37 -6.37 143.67 0 0 0 6798 6764
f1h_135 f0_11 f0_137 8.74 -8.74 138.76 0 0 0 6763 6739
f1h_137 f0_27 f0_74 -0.47 0.47 154.08 0 0 0 6711 6735
f1h_138 f0_27 f0_80 -3.17 3.17 144.13 0 0 0 6780 6780
f1h_140 f0_31 f0_94 13.5 -13.5 147.96 0 0 0 6762 6775
f1h_141 f0_13 f0_162 -3.32 3.32 149.48 0 0 0 6804 6775
f1h_143 f0_184 f0_199 -2.35 2.35 143.12 0 0 0 6795 6747
f1h_144 f0_101 f0_114 -5.46 5.46 149.32 0 0 0 6740 6750
f1h_145 f0_70 f0_134 -12.31 12.31 145.54 0 0 0 6857 6759
f1h_146 f0_118 f0_146 -11.82 11.82 138.71 0 0 0 6746 6733
f1h_147 f0_3 f0_182 -5.89 5.89 142.97 0 0 0 6730 6750
f1h_148 f0_172 f0_198 -4.5 4.5 145.14 0 0 0 6812 6797
f1h_149 f0_78 f0_200 -0.91 0.91 152.9 0 0 0 6790 6795
f1h_150 f0_7 f0_195 -8.82 8.82 144.45 0 0 0 6799 6763
f1h_151 f0_169 f0_172 6.15 -6.15 145.38 0 0 0 6743 6803
f1h_152 f0_76 f0_194 -6.65 6.65 139.44 0 0 0 6783 6790
f1h_155 f0_1 f0_91 2.24 -2.24 146 0 0 0 6818 6745
f1h_156 f0_76 f0_182 9.23 -9.23 141.9 0 0 0 6816 6775
f1h_157 f0_46 f0_47 4.48 -4.48 145.96 0 0 0 6771 6672
f1h_158 f0_147 f0_158 -6.69 6.69 144.84 0 0 0 6820 6802
f1h_159 f0_155 f0_186 -7.53 7.53 149.65 0 0 0 6829 6827
f1h_160 f0_104 f0_150 1.1 -1.1 149.6 0 0 0 6803 6787
f1h_161 f0_121 f0_179 -1.56 1.56 153.75 0 0 0 6801 6745
f1h_163 f0_13 f0_113 3.39 -3.39 148.91 0 0 0 6820 6769
f1h_164 f0_80 f0_180 -2.51 2.51 150.68 0 0 0 6772 6819
f1h_165 f0_45 f0_66 -5.27 5.27 150.44 0 0 0 6909 6854
f1h_166 f0_95 f0_97 1.44 -1.44 148 0 0 0 6785 6750
f1h_168 f0_48 f0_171 -2.32 2.32 142.6 0 0 0 6774 6831
f1h_169 f0_25 f0_177 -1.56 1.56 145.21 0 0 0 6787 6804
f1h_170 f0_7 f0_26 18.91 -18.91 139.4 0 0 0 6811 6823
f1h_171 f0_170 f0_182 0.7 -0.7 151.25 0 0 0 6801 6798
f1h_172 f0_9 f0_33 6.14 -6.14 151.34 0 0 0 6839 6772
f1h_173 f0_20 f0_137 7.41 -7.41 146.06 0 0 0 6842 6768
f1h_174 f0_52 f0_111 -9.61 9.61 146.95 0 0 0 6806 6799
f1h_176 f0_19 f0_120 0.54 -0.54 144.95 0 0 0 6760 6740
f1h_177 f0_51 f0_197 -2.43 2.43 149.35 0 0 0 6789 6763
f1h_179 f0_61 f0_173 -0.3 0.3 150.74 0 0 0 6734 6812
f1h_180 f0_42 f0_67 -6.43 6.43 139.83 0 0 0 6766 6772
f1h_181 f0_76 f0_163 -0.1 0.1 148.12 0 0 0 6799 6781
f1h_182 f0_23 f0_171 -2.19 2.19 146.07 0 0 0 6846 6851
f1h_183 f0_21 f0_194 -1.7 1.7 141.81 0 0 0 6821 6802
f1h_184 f0_39 f0_115 1.38 -1.38 145.89 0 0 0 6758 6775
f1h_185 f0_23 f0_115 -1.75 1.75 155.09 0 0 0 6807 6775
f1h_186 f0_85 f0_173 -2.31 2.31 150.99 0 0 0 6789 6799
f1h_187 f0_15 f0_149 0.85 -0.85 144.32 0 0 0 6765 6790
f1h_188 f0_154 f0_176 19.44 -19.44 132.72 0 0 0 6709 6718
f1h_189 f0_4 f0_41 4.35 -4.35 146.53 0 0 0 6728 6780
f1h_190 f0_14 f0_102 2.62 -2.62 146.38 0 0 0 6781 6801
f1h_192 f0_60 f0_175 -1.34 1.34 150.88 0 0 0 6844 6834
f1h_193 f0_40 f0_154 -7.36 7.36 144.33 0 0 0 6778 6770
f1h_195 f0_1 f0_79 2.47 -2.47 145.38 0 0 0 6822 6747
f1h_196 f0_20 f0_151 10.72 -10.72 148.77 0 0 0 6813 6789
f1h_197 f0_19 f0_110 7.9 -7.9 143.32 0 0 0 6792 6806
f1h_198 f0_9 f0_28 -1.09 1.09 149.91 0 0 0 6803 6770
f1h_199 f0_67 f0_132 1.37 -1.37 148.63 0 0 0 6757 6814
f1h_200 f0_177 f0_193 -1.97 1.97 147.75 0 0 0 6788 6799
f1h_201 f0_158 f0_179 5.59 -5.59 145.56 0 0 0 6791 6794
f1h_202 f0_23 f0_197 4.43 -4.43 145.61 0 0 0 6801 6786
f1h_203 f0_66 f0_107 11.63 -11.63 143.49 0 0 0 6781 6796
f1h_204 f0_29 f0_115 -8.87 8.87 144.06 0 0 0 6768 6758
f1h_205 f0_8 f0_125 6.29 -6.29 146.47 0 0 0 6810 6781
f1h_206 f0_11 f0_103 9.4 -9.4 142.77 0 0 0 6772 6738
f1h_207 f0_16 f0_123 -2.54 2.54 146.97 0 0 0 6775 6800
f1h_208 f0_14 f0_198 -0.54 0.54 148.76 0 0 0 6756 6755
f1h_210 f0_39 f0_142 7.17 -7.17 148.01 0 0 0 6850 6845
f1h_211 f0_23 f0_131 6.57 -6.57 139.97 0 0 0 6793 6769
f1h_212 f0_56 f0_107 -5.78 5.78 148.98 0 0 0 6771 6792
f1h_214 f0_95 f0_135 -3.34 3.34 146.95 0 0 0 6743 6814
f1h_215 f0_185 f0_190 1.77 -1.77 149.14 0 0 0 6829 6863
f1h_216 f0_43 f0_123 -8.19 8.19 145.11 0 0 0 6799 6782
f1h_217 f0_86 f0_146 -11.66 11.66 145.12 0 0 0 6796 6743
f1h_218 f0_20 f0_52 6.57 -6.57 141.35 0 0 0 6850 6796
f1h_220 f0_72 f0_166 -1.1 1.1 145.92 0 0 0 6823 6783
f1h_221 f0_135 f0_189 -5.86 5.86 145.63 0 0 0 6816 6763
f1h_222 f0_175 f0_196 5.39 -5.39 146.25 0 0 0 6806 6752
f1h_223 f0_1 f0_36 -2.62 2.62 148.58 0 0 0 6804 6729
f1h_224 f0_54 f0_169 -5.2 5.2 139.19 0 0 0 6768 6731
f1h_225 f0_12 f0_109 11.96 -11.96 145.73 0 0 0 6777 6740
f1h_227 f0_32 f0_74 -0.93 0.93 141.76 0 0 0 6792 6804
f1h_228 f0_136 f0_154 1.23 -1.23 146.56 0 0 0 6774 6747
f1h_231 f0_5 f0_197 2.54 -2.54 147.22 0 0 0 6778 6749
f1h_232 f0_142 f0_154 -7.14 7.14 145.01 0 0 0 6797 6790
f1h_233 f0_159 f0_195 0.86 -0.86 147.44 0 0 0 6781 6771
f1h_235 f0_67 f0_131 0.98 -0.98 146.91 0 0 0 6756 6785
f1h_236 f0_18 f0_193 -9.13 9.13 151.2 0 0 0 6786 6813
f1h_237 f0_11 f0_32 -7.11 7.11 146.86 0 0 0 6802 6766
f1h_239 f0_112 f0_118 5.93 -5.93 142.98 0 0 0 6797 6745
f1h_240 f0_134 f0_178 2.34 -2.34 146.45 0 0 0 6717 6746
f1h_241 f0_31 f0_40 -7.76 7.76 149.53 0 0 0 6823 6794
f1h_242 f0_21 f0_196 -6.38 6.38 149.89 0 0 0 6806 6795
f1h_243 f0_127 f0_138 7.8 -7.8 142.1 0 0 0 6791 6784
f1h_244 f0_56 f0_147 4.3 -4.3 147.76 0 0 0 6721 6778
f1h_246 f0_132 f0_133 8.65 -8.65 147.62 0 0 0 6856 6802
f1h_249 f0_80 f0_192 15.49 -15.49 140.67 0 0 0 6777 6755
f1h_250 f0_67 f0_189 5.18 -5.18 143.22 0 0 0 6759 6763
f1h_251 f0_11 f0_108 -1.33 1.33 139.35 0 0 0 6760 6757
f1h_252 f0_40 f0_82 9.55 -9.55 148.88 0 0 0 6745 6784
f1h_253 f0_10 f0_151 -7.2 7.2 145.9 0 0 0 6769 6758
f1h_255 f0_22 f0_133 -2.5 2.5 146.55 0 0 0 6796 6740
f1h_256 f0_71 f0_194 4.14 -4.14 154.39 0 0 0 6802 6795
f1h_257 f0_92 f0_151 -5.73 5.73 155.1 0 0 0 6788 6800
f1h_259 f0_45 f0_150 -3.51 3.51 154.62 0 0 0 6915 6818
f1h_260 f0_110 f0_133 -6.13 6.13 150.59 0 0 0 6813 6817
f1h_262 f0_62 f0_150 -3.33 3.33 156.28 0 0 0 6869 6809
f1h_263 f0_29 f0_114 1.59 -1.59 148.17 0 0 0 6806 6779
f1h_264 f0_25 f0_93 -1.18 1.18 150.4 0 0 0 6781 6804
f1h_265 f0_22 f0_42 -2.63 2.63 148.92 0 0 0 6831 6769
f1h_266 f0_17 f0_142 3.65 -3.65 143.53 0 0 0 6771 6798
f1h_267 f0_120 f0_197 -6.05 6.05 146.03 0 0 0 6700 6693
f1h_268 f0_10 f0_161 -8.73 8.73 147.56 0 0 0 6854 6820
f1h_272 f0_29 f0_141 -4.07 4.07 148.79 0 0 0 6822 6842
f1h_274 f0_88 f0_141 -6.84 6.84 154.69 0 0 0 6750 6792
f1h_275 f0_50 f0_157 8.29 -8.29 142.28 0 0 0 6762 6703
f1h_276 f0_62 f0_197 -0.83 0.83 154.85 0 0 0 6827 6746
f1h_277 f0_38 f0_59 -2.5 2.5 146.11 0 0 0 6783 6752
f1h_278 f0_29 f0_110 4.57 -4.57 147.54 0 0 0 6803 6795
f1h_280 f0_62 f0_165 1.04 -1.04 143.94 0 0 0 6768 6738
f1h_282 f0_60 f0_186 3.5 -3.5 140.81 0 0 0 6797 6747
f1h_283 f0_98 f0_158 2.59 -2.59 143.72 0 0 0 6792 6820
f1h_284 f0_38 f0_158 0.88 -0.88 147.39 0 0 0 6845 6839
f1h_286 f0_39 f0_136 -1.1 1.1 143.51 0 0 0 6739 6752
f1h_287 f0_44 f0_96 -8.17 8.17 148.84 0 0 0 6767 6786
f1h_288 f0_177 f0_194 -1.5 1.5 146.86 0 0 0 6755 6752
f1h_289 f0_75 f0_128 -9.31 9.31 149.31 0 0 0 6773 6730
f1h_290 f0_97 f0_136 -11.97 11.97 140.93 0 0 0 6743 6783
f1h_291 f0_80 f0_140 12.75 -12.75 143.12 0 0 0 6805 6785
f1h_292 f0_96 f0_194 -4.87 4.87 145.4 0 0 0 6817 6830
f1h_293 f0_170 f0_199 9.17 -9.17 150.5 0 0 0 6788 6758
f1h_294 f0_35 f0_190 15.95 -15.95 139.72 0 0 0 6789 6832
f1h_295 f0_48 f0_62 0.57 -0.57 155.32 0 0 0 6753 6790
f1h_296 f0_40 f0_184 -2.61 2.61 147.2 0 0 0 6769 6826
f1h_297 f0_39 f0_133 3.55 -3.55 149.1 0 0 0 6781 6768
f1h_298 f0_68 f0_173 2.45 -2.45 140.61 0 0 0 6746 6795
f1h_299 f0_76 f0_139 -7.19 7.19 146.75 0 0 0 6837 6797
f1h_300 f0_125 f0_197 8.89 -8.89 143.06 0 0 0 6827 6786
f1h_301 f0_24 f0_193 12.64 -12.64 143.96 0 0 0 6808 6813
f1h_303 f0_26 f0_193 15.66 -15.66 139.82 0 0 0 6779 6775
f1h_305 f0_103 f0_129 -6.12 6.12 145.77 0 0 0 6723 6727
f1h_307 f0_66 f0_118 -4.23 4.23 147.49 0 0 0 6811 6776
f1h_308 f0_76 f0_157 5.18 -5.18 144.39 0 0 0 6790 6750
f1h_309 f0_143 f0_161 -3.88 3.88 146.31 0 0 0 6812 6767
f1h_311 f0_78 f0_127 4.76 -4.76 147.95 0 0 0 6768 6778
f1h_312 f0_92 f0_95 -8.61 8.61 144.22 0 0 0 6781 6767
f1h_314 f0_10 f0_180 -5 5 153.27 0 0 0 6809 6830
f1h_315 f0_6 f0_161 -2.88 2.88 143.09 0 0 0 6778 6819
f1h_316 f0_132 f0_165 9.41 -9.41 141.95 0 0 0 6841 6770
f1h_318 f0_4 f0_186 -2.05 2.05 149.69 0 0 0 6756 6787
f1h_319 f0_12 f0_146 2.87 -2.87 147.38 0 0 0 6807 6765
f1h_321 f0_18 f0_111 -5.5 5.5 149.16 0 0 0 6821 6787
f1h_323 f0_67 f0_193 1.9 -1.9 143.89 0 0 0 6730 6815
f1h_324 f0_44 f0_61 -0.07 0.07 151.43 0 0 0 6773 6737
f1h_327 f0_144 f0_161 2.88 -2.88 152.38 0 0 0 6797 6752
f1h_329 f0_47 f0_147 0.94 -0.94 146.38 0 0 0 6654 6785
f1h_331 f0_106 f0_153 1.35 -1.35 150.86 0 0 0 6774 6833
f1h_332 f0_61 f0_170 -0.09 0.09 151.43 0 0 0 6724 6763
f1h_333 f0_55 f0_169 -9.25 9.25 144.65 0 0 0 6846 6802
f1h_334 f0_85 f0_163 2.74 -2.74 150.16 0 0 0 6787 6772
f1h_335 f0_13 f0_53 -7.35 7.35 146.73 0 0 0 6875 6844
f1h_336 f0_23 f0_94 -5.06 5.06 149.7 0 0 0 6806 6817
f1h_337 f0_26 f0_186 8.84 -8.84 149.77 0 0 0 6815 6785
f1h_338 f0_71 f0_138 -17.96 17.96 135.54 0 0 0 6789 6751
f1h_340 f0_60 f0_62 -7.02 7.02 141.92 0 0 0 6810 6804
f1h_341 f0_174 f0_194 0.26 -0.26 146.44 0 0 0 6738 6737
f1h_342 f0_44 f0_115 -4.39 4.39 150.19 0 0 0 6782 6769
f1h_343 f0_133 f0_155 6.16 -6.16 147.21 0 0 0 6786 6799
f1h_344 f0_35 f0_76 12.02 -12.02 140.61 0 0 0 6828 6833
f1h_345 f0_128 f0_150 3.46 -3.46 148.47 0 0 0 6730 6727
f1h_347 f0_105 f0_113 3.28 -3.28 149.21 0 0 0 6759 6780
f1h_348 f0_82 f0_149 5.01 -5.01 145.39 0 0 0 6817 6819
f1h_350 f0_55 f0_98 0.74 -0.74 148.02 0 0 0 6752 6755
f1h_352 f0_79 f0_142 0.87 -0.87 146.98 0 0 0 6783 6798
f1h_353 f0_98 f0_106 -0.65 0.65 142.34 0 0 0 6800 6774
f1h_354 f0_106 f0_169 -14.17 14.17 144.94 0 0 0 6735 6720
f1h_355 f0_13 f0_125 -1.31 1.31 145.12 0 0 0 6836 6817
f1h_356 f0_114 f0_126 1.86 -1.86 144.45 0 0 0 6726 6722
f1h_358 f0_70 f0_121 -11.09 11.09 148.63 0 0 0 6802 6793
f1h_360 f0_146 f0_166 4.38 -4.38 148.24 0 0 0 6753 6782
f1h_362 f0_10 f0_169 -2.54 2.54 147.45 0 0 0 6768 6701
f1h_363 f0_140 f0_158 -16.76 16.76 139.38 0 0 0 6781 6796
f1h_365 f0_51 f0_165 -4.5 4.5 145.63 0 0 0 6825 6847
f1h_366 f0_137 f0_185 7 -7 142.34 0 0 0 6751 6809
f1h_368 f0_13 f0_55 1.07 -1.07 149.77 0 0 0 6802 6751
f1h_369 f0_108 f0_189 -11.05 11.05 143.7 0 0 0 6784 6763
f1h_370 f0_30 f0_162 -3.51 3.51 144.95 0 0 0 6767 6795
f1h_371 f0_74 f0_121 14.95 -14.95 148.53 0 0 0 6755 6788
f1h_372 f0_36 f0_156 0 0 154.55 0 0 0 6819 6813
f1h_373 f0_163 f0_192 -3.05 3.05 141.6 0 0 0 6764 6765
f1h_375 f0_44 f0_170 -8.88 8.88 147.93 0 0 0 6809 6825
f1h_377 f0_124 f0_194 -11.07 11.07 145.48 0 0 0 6797 6828
f1h_378 f0_46 f0_51 -1.28 1.28 151.17 0 0 0 6805 6774
f1h_379 f0_19 f0_71 5.56 -5.56 142.77 0 0 0 6748 6796
f1h_380 f0_105 f0_110 7.1 -7.1 139.76 0 0 0 6730 6763
f1h_381 f0_54 f0_66 0.19 -0.19 151.86 0 0 0 6804 6819
f1h_382 f0_132 f0_182 -4.08 4.08 150.37 0 0 0 6849 6792
f1h_385 f0_62 f0_155 14.93 -14.93 140.84 0 0 0 6809 6775
f1h_386 f0_114 f0_163 10.69 -10.69 138.82 0 0 0 6757 6742
f1h_387 f0_62 f0_178 -0.81 0.81 143.65 0 0 0 6838 6791
f1h_388 f0_79 f0_128 -0.73 0.73 147.44 0 0 0 6804 6835
f1h_389 f0_25 f0_51 11.33 -11.33 146.93 0 0 0 6822 6820
f1h_390 f0_43 f0_47 -3.63 3.63 148.79 0 0 0 6743 6636
f1h_391 f0_62 f0_95 -4.31 4.31 145.39 0 0 0 6814 6774
f1h_392 f0_1 f0_19 -0.37 0.37 135.36 0 0 0 6800 6736
f1h_393 f0_112 f0_190 0.1 -0.1 149.76 0 0 0 6824 6850
f1h_395 f0_69 f0_83 12.39 -12.39 144.44 0 0 0 6748 6764
f1h_396 f0_106 f0_177 5.66 -5.66 147.74 0 0 0 6749 6824
f1h_398 f0_55 f0_114 -3.26 3.26 147.07 0 0 0 6778 6765
f1h_399 f0_66 f0_150 4.06 -4.06 148.2 0 0 0 6784 6755
f1h_403 f0_45 f0_170 -0.63 0.63 151.46 0 0 0 6887 6789
f1h_405 f0_30 f0_101 2.69 -2.69 148.33 0 0 0 6726 6728
f1h_406 f0_84 f0_101 10.51 -10.51 144.44 0 0 0 6757 6738
f1h_407 f0_93 f0_97 -3.22 3.22 141.98 0 0 0 6766 6741
f1h_408 f0_78 f0_109 -9.87 9.87 147.48 0 0 0 6806 6782
f1h_410 f0_1 f0_101 1.64 -1.64 144.85 0 0 0 6839 6770
f1h_413 f0_152 f0_183 -1.17 1.17 151.98 0 0 0 6809 6797
f1h_414 f0_129 f0_189 -2.71 2.71 143.43 0 0 0 6757 6735
f1h_415 f0_87 f0_90 -3.75 3.75 151.79 0 0 0 6724 6761
f1h_416 f0_122 f0_153 4.74 -4.74 147.03 0 0 0 6773 6827
f1h_417 f0_69 f0_175 1.11 -1.11 145.86 0 0 0 6783 6825
f1h_418 f0_35 f0_97 6.88 -6.88 142.21 0 0 0 6780 6737
f1h_419 f0_149 f0_168 -5.23 5.23 147.95 0 0 0 6826 6791
f1h_420 f0_39 f0_181 2.03 -2.03 149.14 0 0 0 6768 6765
f1h_421 f0_130 f0_200 -3.75 3.75 152.68 0 0 0 6846 6844
f1h_423 f0_11 f0_135 6.58 -6.58 140.72 0 0 0 6775 6835
f1h_424 f0_62 f0_77 -9.91 9.91 144.59 0 0 0 6770 6721
f1h_425 f0_166 f0_186 -6.76 6.76 147.77 0 0 0 6785 6777
f1h_427 f0_18 f0_52 0.05 -0.05 149.11 0 0 0 6817 6811
f1h_428 f0_12 f0_140 6.17 -6.17 142.78 0 0 0 6760 6722
f1h_429 f0_51 f0_161 -18.27 18.27 143.91 0 0 0 6829 6832
f1h_430 f0_89 f0_172 -2.74 2.74 145.36 0 0 0 6730 6743
f1h_431 f0_6 f0_92 9.47 -9.47 143.15 0 0 0 6757 6794
f1h_432 f0_94 f0_145 -4.86 4.86 145.89 0 0 0 6824 6735
f1h_433 f0_99 f0_175 -4.94 4.94 149.2 0 0 0 6807 6817
f1h_434 f0_93 f0_165 -8.02 8.02 147.88 0 0 0 6819 6799
f1h_436 f0_20 f0_143 5.06 -5.06 144.53 0 0 0 6847 6819
f1h_437 f0_44 f0_91 -3.01 3.01 150.63 0 0 0 6817 6818
f1h_438 f0_46 f0_163 -1.66 1.66 144.19 0 0 0 6751 6752
f1h_439 f0_11 f0_28 11.02 -11.02 136.71 0 0 0 6762 6779
f1h_440 f0_18 f0_178 -15.1 15.1 139.24 0 0 0 6787 6741
f1h_441 f0_30 f0_176 -10.84 10.84 146.6 0 0 0 6788 6770
f1h_443 f0_67 f0_73 -8.16 8.16 138.34 0 0 0 6808 6766
f1h_444 f0_43 f0_132 1.65 -1.65 147.45 0 0 0 6746 6790
f1h_445 f0_29 f0_39 -16.04 16.04 142.07 0 0 0 6759 6749
f1h_447 f0_175 f0_181 -3.47 3.47 149.81 0 0 0 6855 6818
f1h_448 f0_103 f0_113 -8.68 8.68 152.98 0 0 0 6789 6818
f1h_449 f0_108 f0_177 4.87 -4.87 140.36 0 0 0 6704 6741
f1h_450 f0_5 f0_169 2.42 -2.42 150.84 0 0 0 6776 6707
f1h_451 f0_88 f0_142 1.68 -1.68 160.56 0 0 0 6776 6795
f1h_452 f0_32 f0_99 11.05 -11.05 139.02 0 0 0 6723 6763
f1h_453 f0_18 f0_167 -1.92 1.92 152.42 0 0 0 6786 6806
f1h_454 f0_17 f0_125 8.35 -8.35 143.68 0 0 0 6710 6766
f1h_455 f0_6 f0_135 0.29 -0.29 145.77 0 0 0 6707 6804
f1h_456 f0_24 f0_45 -1.43 1.43 150.48 0 0 0 6800 6866
f1h_457 f0_48 f0_79 -8.67 8.67 145.52 0 0 0 6779 6786
f1h_458 f0_25 f0_46 -17.39 17.39 139.18 0 0 0 6831 6828
f1h_459 f0_38 f0_113 1.34 -1.34 157.68 0 0 0 6818 6813
f1h_460 f0_145 f0_146 11.74 -11.74 141.49 0 0 0 6720 6711
f1h_461 f0_27 f0_32 -4.11 4.11 145.05 0 0 0 6757 6724
f1h_462 f0_94 f0_155 7.69 -7.69 148.99 0 0 0 6843 6781
f1h_463 f0_58 f0_72 -6.21 6.21 149.88 0 0 0 6740 6797
f1h_464 f0_43 f0_101 -11.46 11.46 143.43 0 0 0 6745 6703
f1h_465 f0_28 f0_142 -5.28 5.28 150.19 0 0 0 6784 6773
f1h_466 f0_67 f0_108 3.58 -3.58 141.81 0 0 0 6753 6758
f1h_467 f0_3 f0_16 -3.39 3.39 144.4 0 0 0 6772 6760
f1h_468 f0_76 f0_163 -5.74 5.74 143.29 0 0 0 6780 6764
f1h_469 f0_63 f0_174 0.74 -0.74 151.02 0 0 0 6799 6776
f1h_470 f0_19 f0_123 7.36 -7.36 143.16 0 0 0 6747 6772
f1h_471 f0_11 f0_113 17.19 -17.19 138.99 0 0 0 6777 6780
f1h_473 f0_107 f0_161 -4.95 4.95 154.88 0 0 0 6807 6777
f1h_474 f0_84 f0_165 -14.94 14.94 138.39 0 0 0 6748 6764
f1h_476 f0_39 f0_70 4.6 -4.6 140.43 0 0 0 6771 6830
f1h_477 f0_166 f0_175 3.75 -3.75 151.06 0 0 0 6795 6838
f1h_478 f0_97 f0_178 -11.71 11.71 142.07 0 0 0 6758 6772
f1h_479 f0_59 f0_137 11.24 -11.24 141.08 0 0 0 6744 6707
f1h_480 f0_36 f0_90 -3.72 3.72 147.09 0 0 0 6768 6779
f1h_481 f0_57 f0_67 -9.12 9.12 144.86 0 0 0 6722 6729
f1h_482 f0_131 f0_177 -5.21 5.21 142.42 0 0 0 6770 6790
f1h_484 f0_94 f0_126 -5.46 5.46 150.03 0 0 0 6800 6738
f1h_485 f0_46 f0_169 -13.28 13.28 138.48 0 0 0 6764 6732
f1h_487 f0_43 f0_49 -6.12 6.12 147.41 0 0 0 6803 6850
f1h_488 f0_5 f0_157 -2.76 2.76 147.77 0 0 0 6785 6744
f1h_489 f0_12 f0_45 0.43 -0.43 148.33 0 0 0 6715 6809
f1h_491 f0_117 f0_139 -15.12 15.12 141.17 0 0 0 6747 6743
f1h_493 f0_76 f0_96 7.64 -7.64 145.98 0 0 0 6821 6798
f1h_494 f0_131 f0_183 11.92 -11.92 142.53 0 0 0 6838 6810
f1h_495 f0_40 f0_56 -0.01 0.01 151.33 0 0 0 6759 6771
f1h_496 f0_16 f0_107 5.55 -5.55 144.04 0 0 0 6781 6853
f1h_497 f0_23 f0_118 4.33 -4.33 145.97 0 0 0 6755 6752
f1h_498 f0_184 f0_187 -3.83 3.83 139.45 0 0 0 6842 6821
f1h_499 f0_36 f0_144 0.1 -0.1 151.4 0 0 0 6819 6840
f1w_3 f0_299 f0_729 9.18 -9.18 142.49 0 0 0 6755 6792
f1w_5 f0_479 f0_564 -5.84 5.84 155.04 0 0 0 6768 6814
f1w_11 f0_594 f0_648 14.45 -14.45 140.6 0 0 0 6777 6812
f1w_12 f0_789 f0_944 -3.21 3.21 144.13 0 0 0 6715 6789
f1w_13 f0_640 f0_984 4.37 -4.37 148.85 0 0 0 6721 6752
f1w_16 f0_274 f0_369 -9.23 9.23 149.22 0 0 0 6812 6803
f1w_17 f0_205 f0_909 -0.71 0.71 150.49 0 0 0 6677 6749
f1w_19 f0_310 f0_313 -4.07 4.07 144 0 0 0 6803 6850
f1w_21 f0_619 f0_641 -1.07 1.07 147.49 0 0 0 6741 6781
f1w_22 f0_684 f0_971 2.68 -2.68 146.05 0 0 0 6706 6799
f1w_25 f0_408 f0_759 12.12 -12.12 153.32 0 0 0 6775 6833
f1w_27 f0_441 f0_945 6.54 -6.54 147.8 0 0 0 6831 6807
f1w_28 f0_688 f0_764 3.46 -3.46 140.55 0 0 0 6764 6737
f1w_29 f0_317 f0_412 -2.49 2.49 151.3 0 0 0 6819 6747
f1w_30 f0_379 f0_674 -2.01 2.01 145.48 0 0 0 6794 6750
f1w_31 f0_453 f0_955 -5.04 5.04 140.95 0 0 0 6783 6782
f1w_32 f0_674 f0_917 23.81 -23.81 133.38 0 0 0 6719 6774
f1w_33 f0_605 f0_1000 -10.99 10.99 145.09 0 0 0 6803 6732
f1w_34 f0_408 f0_885 11.32 -11.32 141.28 0 0 0 6776 6777
f1w_35 f0_336 f0_837 11.78 -11.78 146.32 0 0 0 6680 6662
f1w_38 f0_854 f0_920 -13.62 13.62 140.13 0 0 0 6838 6838
f1w_40 f0_578 f0_740 8.14 -8.14 142.07 0 0 0 6760 6742
f1w_42 f0_209 f0_715 5.84 -5.84 145.99 0 0 0 6764 6768
f1w_43 f0_292 f0_514 -3.43 3.43 141.23 0 0 0 6808 6802
f1w_45 f0_204 f0_668 3.01 -3.01 151.17 0 0 0 6780 6815
f1w_46 f0_254 f0_489 -2.86 2.86 144.8 0 0 0 6789 6722
f1w_47 f0_395 f0_514 -8.07 8.07 141.53 0 0 0 6782 6787
f1w_48 f0_612 f0_933 -4.58 4.58 149.72 0 0 0 6835 6837
f1w_54 f0_271 f0_836 1.84 -1.84 150.37 0 0 0 6761 6815
f1w_57 f0_311 f0_323 -3.18 3.18 147.19 0 0 0 6801 6816
f1w_59 f0_348 f0_450 -7.32 7.32 135.54 0 0 0 6735 6723
f1w_60 f0_309 f0_583 9.02 -9.02 144.31 0 0 0 6798 6823
f1w_61 f0_274 f0_603 -5.35 5.35 147.7 0 0 0 6759 6725
f1w_64 f0_424 f0_517 4.19 -4.19 148.05 0 0 0 6811 6745
f1w_65 f0_546 f0_917 7.98 -7.98 146.43 0 0 0 6730 6779
f1w_67 f0_229 f0_936 -10.38 10.38 142.77 0 0 0 6703 6694
f1w_69 f0_854 f0_880 2.77 -2.77 146.69 0 0 0 6774 6773
f1w_70 f0_297 f0_332 -1.7 1.7 144.04 0 0 0 6773 6804
f1w_71 f0_685 f0_753 0.98 -0.98 145.44 0 0 0 6834 6863
f1w_72 f0_628 f0_993 -5.21 5.21 149.94 0 0 0 6820 6786
f1w_74 f0_221 f0_618 20.27 -20.27 139.81 0 0 0 6733 6762
f1w_75 f0_344 f0_549 0.5 -0.5 149.59 0 0 0 6769 6776
f1w_76 f0_334 f0_768 9.02 -9.02 145.77 0 0 0 6769 6831
f1w_77 f0_290 f0_739 2.42 -2.42 152.35 0 0 0 6777 6789
f1w_78 f0_594 f0_1000 12.56 -12.56 145.56 0 0 0 6770 6748
f1w_80 f0_483 f0_514 -6.56 6.56 145.16 0 0 0 6738 6774
f1w_82 f0_463 f0_908 0.37 -0.37 152.12 0 0 0 6832 6790
f1w_84 f0_456 f0_791 -2.55 2.55 150.03 0 0 0 6888 6807
f1w_89 f0_400 f0_828 4.36 -4.36 150.62 0 0 0 6809 6783
f1w_92 f0_360 f0_449 2.97 -2.97 142.47 0 0 0 6751 6778
f1w_93 f0_336 f0_461 -5.87 5.87 143.73 0 0 0 6710 6739
f1w_95 f0_338 f0_543 -4.58 4.58 147.37 0 0 0 6754 6757
f1w_96 f0_788 f0_800 8.24 -8.24 147.47 0 0 0 6753 6788
f1w_97 f0_243 f0_594 9.95 -9.95 141.35 0 0 0 6774 6713
f1w_98 f0_683 f0_992 0.65 -0.65 159.12 0 0 0 6779 6769
f1w_100 f0_348 f0_420 -5.83 5.83 149.14 0 0 0 6742 6772
f1w_101 f0_220 f0_527 -14.47 14.47 144.33 0 0 0 6815 6773
f1w_102 f0_451 f0_546 -4.84 4.84 142.15 0 0 0 6816 6721
f1w_103 f0_208 f0_305 0.27 -0.27 148.86 0 0 0 6730 6720
f1w_104 f0_261 f0_758 1.72 -1.72 157.01 0 0 0 6764 6779
f1w_105 f0_387 f0_722 -13.7 13.7 140.42 0 0 0 6790 6749
f1w_106 f0_611 f0_899 2.18 -2.18 146.29 0 0 0 6742 6714
f1w_108 f0_316 f0_780 -6.69 6.69 146.32 0 0 0 6859 6794
f1w_111 f0_295 f0_829 2.26 -2.26 143.31 0 0 0 6719 6706
f1w_112 f0_360 f0_804 -8.24 8.24 148.99 0 0 0 6765 6780
f1w_114 f0_363 f0_519 -6.48 6.48 147.48 0 0 0 6777 6765
f1w_115 f0_508 f0_985 2.31 -2.31 147.15 0 0 0 6695 6722
f1w_116 f0_771 f0_798 8.86 -8.86 149.02 0 0 0 6792 6794
f1w_117 f0_650 f0_934 -0.73 0.73 153.8 0 0 0 6833 6872
f1w_118 f0_300 f0_357 -8.2 8.2 143.68 0 0 0 6812 6815
f1w_124 f0_838 f0_997 -2.75 2.75 144.39 0 0 0 6850 6815
f1w_125 f0_755 f0_758 0.16 -0.16 148.07 0 0 0 6796 6819
f1w_130 f0_357 f0_724 7.48 -7.48 148.96 0 0 0 6845 6805
f1w_132 f0_349 f0_989 9.53 -9.53 145.94 0 0 0 6824 6807
f1w_133 f0_758 f0_970 -0.61 0.61 148.69 0 0 0 6781 6771
f1w_135 f0_258 f0_692 4 -4 141.55 0 0 0 6815 6781
f1w_138 f0_478 f0_630 -10.58 10.58 143.08 0 0 0 6760 6792
f1w_139 f0_719 f0_909 -11.77 11.77 145.53 0 0 0 6784 6794
f1w_140 f0_300 f0_897 -1.54 1.54 147.62 0 0 0 6742 6695
f1w_142 f0_674 f0_899 -5.26 5.26 146.53 0 0 0 6766 6800
f1w_144 f0_292 f0_835 2.43 -2.43 150.68 0 0 0 6823 6778
f1w_147 f0_237 f0_839 -0.22 0.22 153.32 0 0 0 6702 6746
f1w_149 f0_636 f0_855 3.82 -3.82 148.47 0 0 0 6769 6816
f1w_150 f0_422 f0_634 5.2 -5.2 149.01 0 0 0 6776 6807
f1w_153 f0_295 f0_879 -3.03 3.03 149.06 0 0 0 6787 6783
f1w_155 f0_470 f0_738 13.76 -13.76 138.4 0 0 0 6788 6794
f1w_160 f0_563 f0_875 -1.12 1.12 144.68 0 0 0 6778 6776
f1w_162 f0_611 f0_778 -4.16 4.16 149.66 0 0 0 6811 6795
f1w_166 f0_861 f0_928 -0.7 0.7 147.98 0 0 0 6825 6792
f1w_168 f0_416 f0_872 -14.54 14.54 138.22 0 0 0 6723 6694
f1w_169 f0_753 f0_940 0.25 -0.25 147.31 0 0 0 6782 6761
f1w_171 f0_643 f0_962 -0.68 0.68 154.4 0 0 0 6786 6795
f1w_172 f0_483 f0_746 4.31 -4.31 144.11 0 0 0 6744 6723
f1w_174 f0_490 f0_862 13.21 -13.21 150.6 0 0 0 6808 6812
f1w_178 f0_241 f0_784 5.05 -5.05 150.87 0 0 0 6761 6750
f1w_179 f0_630 f0_764 2.29 -2.29 144.24 0 0 0 6769 6726
f1w_182 f0_574 f0_608 -8.21 8.21 142.19 0 0 0 6871 6789
f1w_184 f0_379 f0_951 -0.74 0.74 146.77 0 0 0 6804 6795
f1w_188 f0_416 f0_617 -5.24 5.24 148.07 0 0 0 6756 6747
f1w_189 f0_514 f0_552 -8.12 8.12 145.56 0 0 0 6806 6769
f1w_194 f0_337 f0_421 -5.95 5.95 149.35 0 0 0 6820 6824
f1w_197 f0_361 f0_402 -10.86 10.86 144.49 0 0 0 6821 6818
f1w_198 f0_902 f0_933 6.62 -6.62 149.9 0 0 0 6831 6841
f1w_201 f0_597 f0_639 -2.71 2.71 145.29 0 0 0 6789 6845
f1w_202 f0_485 f0_952 13.86 -13.86 146.48 0 0 0 6776 6820
f1w_204 f0_477 f0_806 1.05 -1.05 146.18 0 0 0 6778 6792
f1w_205 f0_312 f0_956 -1.56 1.56 153.23 0 0 0 6809 6782
f1w_207 f0_394 f0_828 -5.57 5.57 153.06 0 0 0 6848 6821
f1w_209 f0_324 f0_761 -9.08 9.08 138.31 0 0 0 6805 6792
f1w_213 f0_366 f0_436 -0.6 0.6 150.88 0 0 0 6792 6791
f1w_214 f0_332 f0_990 8.8 -8.8 144.55 0 0 0 6821 6773
f1w_216 f0_526 f0_896 -1.13 1.13 149.49 0 0 0 6743 6761
f1w_218 f0_248 f0_674 4.79 -4.79 141.61 0 0 0 6759 6712
f1w_219 f0_486 f0_610 -7.36 7.36 139.19 0 0 0 6817 6847
f1w_221 f0_485 f0_909 -4.76 4.76 147.83 0 0 0 6735 6750
f1w_222 f0_685 f0_793 -1.07 1.07 144.43 0 0 0 6768 6775
f1w_223 f0_292 f0_373 -11.22 11.22 145.3 0 0 0 6878 6821
f1w_224 f0_501 f0_814 2.1 -2.1 143.58 0 0 0 6770 6762
f1w_225 f0_440 f0_839 0.84 -0.84 149.69 0 0 0 6802 6755
f1w_226 f0_753 f0_952 -3.57 3.57 150.97 0 0 0 6801 6825
f1w_227 f0_538 f0_704 -3.97 3.97 150.16 0 0 0 6750 6786
f1w_228 f0_206 f0_313 1.07 -1.07 142.24 0 0 0 6811 6842
f1w_229 f0_224 f0_676 9.86 -9.86 144.06 0 0 0 6775 6828
f1w_232 f0_237 f0_291 -0.74 0.74 149.51 0 0 0 6743 6847
f1w_239 f0_303 f0_421 0 0 151.39 0 0 0 6712 6757
f1w_240 f0_352 f0_792 -6.07 6.07 147.61 0 0 0 6824 6798
f1w_242 f0_524 f0_816 6.6 -6.6 142.47 0 0 0 6817 6785
f1w_243 f0_288 f0_915 9.68 -9.68 142.89 0 0 0 6764 6779
f1w_245 f0_690 f0_702 -1.49 1.49 147.62 0 0 0 6783 6857
f1w_246 f0_672 f0_823 -0.02 0.02 151.27 0 0 0 6832 6766
f1w_249 f0_292 f0_715 6.57 -6.57 147.44 0 0 0 6824 6817
f1w_251 f0_664 f0_924 3.48 -3.48 150.45 0 0 0 6779 6766
f1w_252 f0_369 f0_933 5.38 -5.38 153.2 0 0 0 6776 6825
f1w_254 f0_258 f0_952 -1.3 1.3 142.21 0 0 0 6770 6810
f1w_256 f0_672 f0_1000 -11.55 11.55 145.96 0 0 0 6878 6782
f1w_260 f0_476 f0_852 -2.39 2.39 143.67 0 0 0 6792 6791
f1w_262 f0_247 f0_700 -2.63 2.63 149.88 0 0 0 6772 6751
f1w_263 f0_579 f0_751 -1.1 1.1 146.53 0 0 0 6688 6701
f1w_265 f0_499 f0_936 7.46 -7.46 146.9 0 0 0 6758 6781
f1w_270 f0_525 f0_850 4.02 -4.02 147.83 0 0 0 6714 6758
f1w_272 f0_229 f0_399 1.22 -1.22 151.23 0 0 0 6762 6791
f1w_273 f0_270 f0_402 -18.5 18.5 143.44 0 0 0 6805 6822
f1w_274 f0_612 f0_678 2.12 -2.12 145.84 0 0 0 6804 6752
f1w_278 f0_326 f0_990 -2.46 2.46 144.69 0 0 0 6808 6794
f1w_279 f0_393 f0_711 3.85 -3.85 148.73 0 0 0 6804 6783
f1w_280 f0_639 f0_831 8.19 -8.19 145.77 0 0 0 6866 6880
f1w_281 f0_861 f0_913 8.6 -8.6 142.49 0 0 0 6811 6803
f1w_282 f0_238 f0_400 -1.88 1.88 149.93 0 0 0 6745 6755
f1w_283 f0_261 f0_995 -4.22 4.22 154.81 0 0 0 6774 6784
f1w_285 f0_235 f0_730 4.74 -4.74 151.95 0 0 0 6851 6811
f1w_286 f0_449 f0_518 -2.48 2.48 147.88 0 0 0 6753 6749
f1w_287 f0_420 f0_444 -10.68 10.68 144.02 0 0 0 6753 6808
f1w_289 f0_564 f0_955 3.54 -3.54 148.71 0 0 0 6781 6761
f1w_290 f0_785 f0_985 7.87 -7.87 151.92 0 0 0 6789 6813
f1w_293 f0_249 f0_825 2.01 -2.01 145.8 0 0 0 6838 6850
f1w_297 f0_596 f0_740 -9.76 9.76 142.16 0 0 0 6816 6759
f1w_299 f0_228 f0_613 -2.48 2.48 144.54 0 0 0 6758 6748
f1w_300 f0_628 f0_931 1.07 -1.07 145.22 0 0 0 6768 6731
f1w_301 f0_819 f0_852 -8.97 8.97 136.4 0 0 0 6797 6793
f1w_302 f0_535 f0_790 -3.21 3.21 147.04 0 0 0 6799 6807
f1w_305 f0_407 f0_640 -6.04 6.04 143.58 0 0 0 6769 6706
f1w_310 f0_634 f0_854 -18.8 18.8 149.78 0 0 0 6784 6743
f1w_311 f0_275 f0_875 -7.68 7.68 142.69 0 0 0 6750 6792
f1w_315 f0_267 f0_612 6.47 -6.47 147.6 0 0 0 6753 6798
f1w_316 f0_210 f0_524 -3.83 3.83 150.04 0 0 0 6818 6821
f1w_317 f0_377 f0_882 1.36 -1.36 150.91 0 0 0 6849 6844
f1w_318 f0_449 f0_732 -7.92 7.92 138.95 0 0 0 6776 6743
f1w_319 f0_401 f0_590 5.58 -5.58 142.51 0 0 0 6769 6800
f1w_320 f0_727 f0_869 -1.74 1.74 148.55 0 0 0 6794 6741
f1w_322 f0_871 f0_917 -7.98 7.98 143.21 0 0 0 6819 6816
f1w_323 f0_441 f0_589 -0.57 0.57 155.24 0 0 0 6832 6814
f1w_324 f0_820 f0_850 1.9 -1.9 149.55 0 0 0 6831 6829
f1w_325 f0_297 f0_842 9.2 -9.2 152.23 0 0 0 6788 6771
f1w_326 f0_740 f0_918 0.59 -0.59 151.71 0 0 0 6783 6819
f1w_327 f0_727 f0_883 0.32 -0.32 148.65 0 0 0 6849 6793
f1w_328 f0_367 f0_739 3.48 -3.48 147.05 0 0 0 6805 6789
f1w_330 f0_696 f0_771 -11.17 11.17 144.49 0 0 0 6805 6837
f1w_331 f0_310 f0_416 -4.21 4.21 151.73 0 0 0 6719 6730
f1w_333 f0_841 f0_867 -7.35 7.35 141.71 0 0 0 6711 6707
f1w_334 f0_476 f0_565 -6.99 6.99 140.33 0 0 0 6771 6767
f1w_335 f0_956 f0_995 -4.02 4.02 143.27 0 0 0 6766 6788
f1w_337 f0_208 f0_378 -2.1 2.1 147.34 0 0 0 6779 6773
f1w_340 f0_319 f0_530 0.29 -0.29 148.78 0 0 0 6773 6849
f1w_341 f0_542 f0_727 7.84 -7.84 148.39 0 0 0 6760 6820
f1w_342 f0_516 f0_768 -0.61 0.61 150.72 0 0 0 6814 6843
f1w_343 f0_471 f0_548 -4.41 4.41 151.78 0 0 0 6735 6789
f1w_346 f0_206 f0_708 -5.98 5.98 141.14 0 0 0 6777 6766
f1w_347 f0_869 f0_900 5.92 -5.92 145.04 0 0 0 6795 6775
f1w_348 f0_656 f0_929 6.82 -6.82 140.61 0 0 0 6858 6856
f1w_349 f0_212 f0_728 -4.6 4.6 142.02 0 0 0 6753 6783
f1w_351 f0_313 f0_618 12 -12 139.28 0 0 0 6833 6803
f1w_353 f0_343 f0_801 10.49 -10.49 138.89 0 0 0 6728 6727
f1w_356 f0_478 f0_780 -2.07 2.07 144.62 0 0 0 6776 6743
f1w_358 f0_783 f0_957 -1.74 1.74 160.15 0 0 0 6817 6823
f1w_361 f0_549 f0_566 3.11 -3.11 151.56 0 0 0 6741 6773
f1w_362 f0_508 f0_884 -2.49 2.49 141.76 0 0 0 6808 6746
f1w_364 f0_463 f0_582 8.06 -8.06 144.23 0 0 0 6808 6755
f1w_372 f0_477 f0_722 8.41 -8.41 145.4 0 0 0 6791 6786
f1w_375 f0_506 f0_801 15.45 -15.45 141.12 0 0 0 6795 6776
f1w_379 f0_269 f0_277 -10.56 10.56 141.75 0 0 0 6818 6839
f1w_382 f0_303 f0_610 -1.51 1.51 154.28 0 0 0 6766 6843
f1w_383 f0_425 f0_470 3.66 -3.66 146.15 0 0 0 6749 6764
f1w_387 f0_542 f0_777 -2.74 2.74 149.59 0 0 0 6811 6837
f1w_388 f0_299 f0_320 7.15 -7.15 143.49 0 0 0 6765 6782
f1w_390 f0_257 f0_836 1.18 -1.18 152.82 0 0 0 6809 6831
f1w_398 f0_774 f0_969 -0.26 0.26 148.55 0 0 0 6770 6808
f1w_400 f0_326 f0_768 9.92 -9.92 148.54 0 0 0 6838 6850
f1w_402 f0_436 f0_965 -5.76 5.76 147.92 0 0 0 6771 6759
f1w_403 f0_516 f0_860 -3.77 3.77 147.88 0 0 0 6790 6741
f1w_404 f0_331 f0_424 5.28 -5.28 143.91 0 0 0 6828 6851
f1w_405 f0_323 f0_973 8.12 -8.12 140.43 0 0 0 6768 6799
f1w_406 f0_214 f0_679 2.05 -2.05 153.01 0 0 0 6747 6716
f1w_408 f0_365 f0_856 -5.49 5.49 152.02 0 0 0 6807 6801
f1w_409 f0_530 f0_856 -1.34 1.34 152.63 0 0 0 6803 6825
f1w_410 f0_212 f0_852 1.85 -1.85 151.4 0 0 0 6836 6834
f1w_413 f0_270 f0_633 2.21 -2.21 146.9 0 0 0 6815 6762
f1w_414 f0_757 f0_814 -11.59 11.59 145.94 0 0 0 6791 6739
f1w_418 f0_604 f0_660 -3.34 3.34 145.6 0 0 0 6769 6767
f1w_419 f0_388 f0_842 1.77 -1.77 154.15 0 0 0 6749 6748
f1w_420 f0_416 f0_438 -4.6 4.6 140.87 0 0 0 6745 6775
f1w_421 f0_421 f0_898 -5.95 5.95 143.95 0 0 0 6818 6821
f1w_422 f0_379 f0_855 2.18 -2.18 139.77 0 0 0 6761 6767
f1w_423 f0_370 f0_421 -2.53 2.53 147.64 0 0 0 6726 6764
f1w_425 f0_328 f0_619 -2.33 2.33 141.48 0 0 0 6790 6718
f1w_427 f0_476 f0_1000 -2.86 2.86 149.16 0 0 0 6822 6749
f1w_428 f0_441 f0_762 7.84 -7.84 149.41 0 0 0 6876 6865
f1w_430 f0_226 f0_515 -0.41 0.41 150.31 0 0 0 6769 6777
f1w_433 f0_290 f0_761 -6 6 141.11 0 0 0 6756 6759
f1w_436 f0_573 f0_582 -8.99 8.99 147.26 0 0 0 6836 6777
f1w_437 f0_291 f0_836 4.9 -4.9 153.93 0 0 0 6821 6824
f1w_439 f0_494 f0_994 -1.41 1.41 150.29 0 0 0 6804 6838
f1w_441 f0_495 f0_691 -4.76 4.76 142.11 0 0 0 6765 6722
f1w_443 f0_340 f0_586 -13.1 13.1 145.5 0 0 0 6786 6719
f1w_447 f0_706 f0_946 -3.01 3.01 149.67 0 0 0 6715 6746
f1w_449 f0_251 f0_352 2.68 -2.68 152.05 0 0 0 6822 6775
f1w_451 f0_387 f0_867 4.37 -4.37 149.71 0 0 0 6787 6731
f1w_453 f0_307 f0_850 -8.82 8.82 146.53 0 0 0 6785 6811
f1w_455 f0_245 f0_410 -1.19 1.19 158.72 0 0 0 6821 6792
f1w_456 f0_295 f0_684 4.65 -4.65 147.06 0 0 0 6785 6759
f1w_458 f0_737 f0_994 1.15 -1.15 146.03 0 0 0 6781 6794
f1w_459 f0_285 f0_449 -3.46 3.46 146.24 0 0 0 6789 6783
f1w_460 f0_316 f0_790 -4.91 4.91 147.11 0 0 0 6818 6772
f1w_461 f0_225 f0_363 8.5 -8.5 151.9 0 0 0 6812 6785
f1w_462 f0_359 f0_965 -7.89 7.89 142.42 0 0 0 6838 6820
f1w_463 f0_405 f0_913 7.3 -7.3 144.87 0 0 0 6792 6817
f1w_466 f0_366 f0_686 1.73 -1.73 149.51 0 0 0 6787 6818
f1w_467 f0_315 f0_865 -9.53 9.53 145.68 0 0 0 6759 6820
f1w_468 f0_634 f0_951 -17.87 17.87 143.94 0 0 0 6839 6801
f1w_469 f0_618 f0_890 14.33 -14.33 142.42 0 0 0 6789 6750
f1w_470 f0_241 f0_753 -12.58 12.58 150.14 0 0 0 6777 6818
f1w_471 f0_373 f0_977 -5.53 5.53 150.03 0 0 0 6771 6808
f1w_474 f0_361 f0_696 -5.19 5.19 147.98 0 0 0 6815 6773
f1w_476 f0_252 f0_456 4.09 -4.09 145.9 0 0 0 6723 6849
f1w_478 f0_546 f0_934 10.3 -10.3 142.79 0 0 0 6719 6837
f1w_479 f0_563 f0_847 0.77 -0.77 148.92 0 0 0 6832 6778
f1w_482 f0_264 f0_552 -3.31 3.31 149.19 0 0 0 6769 6757
f1w_483 f0_487 f0_757 0.77 -0.77 148.25 0 0 0 6772 6843
f1w_485 f0_229 f0_829 6.23 -6.23 144.68 0 0 0 6724 6732
f1w_487 f0_294 f0_701 10.97 -10.97 147.28 0 0 0 6774 6724
f1w_489 f0_655 f0_944 2.8 -2.8 145.36 0 0 0 6808 6804
f1w_491 f0_438 f0_959 5.01 -5.01 145.07 0 0 0 6791 6790
f1w_494 f0_523 f0_663 -5.74 5.74 150.46 0 0 0 6811 6806
f1w_495 f0_860 f0_890 2.94 -2.94 149.3 0 0 0 6759 6748
f1w_498 f0_616 f0_934 2.08 -2.08 155.01 0 0 0 6824 6862
f1w_500 f0_217 f0_366 -2.52 2.52 152.13 0 0 0 6772 6766
f2_4 f1h_280 f1w_327 0.45 -0.45 144.85 0 0 0 6768 6819
f2_7 f1h_477 f1w_410 -1.78 1.78 148.51 0 0 0 6789 6804
f2_10 f1w_393 f1w_473 11.06 -11.06 149.51 0 0 0 6866 6839
f2_12 f1w_194 f1w_239 16.75 -16.75 186.99 0 0 0 6872 6792
f2_13 f1w_32 f1w_475 -4.71 4.71 143.53 0 0 0 6734 6780
f2_16 f1h_430 f1w_476 -5.75 5.75 141.19 0 0 0 6736 6752
f2_18 f1h_403 f1w_310 -1.29 1.29 151.45 0 0 0 6861 6803
f2_20 f1h_44 f1h_57 0.66 -0.66 147.88 0 0 0 6795 6766
f2_21 f1h_299 f1w_486 13.92 -13.92 138.5 0 0 0 6829 6788
f2_23 f1h_452 f1w_76 1.78 -1.78 144.66 0 0 0 6742 6779
f2_25 f1h_220 f1h_447 2.3 -2.3 145.23 0 0 0 6768 6791
f2_28 f1h_283 f1h_284 18.75 -18.75 191.9 0 0 0 6810 6851
f2_29 f1w_400 f1w_421 -0.05 0.05 146.88 0 0 0 6807 6788
f2_30 f1h_250 f1h_419 -5.5 5.5 146.17 0 0 0 6761 6781
f2_31 f1w_98 f1w_279 -6.49 6.49 147.11 0 0 0 6835 6831
f2_34 f1w_289 f1w_372 0.55 -0.55 145.78 0 0 0 6780 6803
f2_35 f1w_108 f1w_458 -8.59 8.59 143.89 0 0 0 6813 6775
f2_36 f1h_448 f1w_232 -3.79 3.79 159.14 0 0 0 6824 6827
f2_37 f1h_242 f1w_331 11 -11 148.2 0 0 0 6789 6723
f2_39 f1h_382 f1w_43 -0.85 0.85 148.23 0 0 0 6819 6779
f2_42 f1h_97 f1w_217 -4.03 4.03 148.53 0 0 0 6739 6755
f2_43 f1h_353 f1w_141 -10.96 10.96 139.21 0 0 0 6800 6747
f2_47 f1h_160 f1h_166 1.28 -1.28 148.39 0 0 0 6766 6775
f2_48 f1w_171 f1w_340 6.22 -6.22 144.39 0 0 0 6768 6826
f2_50 f1h_56 f1w_442 13.41 -13.41 143.09 0 0 0 6768 6735
f2_51 f1w_329 f1w_369 9.15 -9.15 147.98 0 0 0 6762 6767
f2_52 f1h_29 f1h_39 0.16 -0.16 203 0 0 0 6780 6735
f2_54 f1h_121 f1w_224 2.08 -2.08 152.56 0 0 0 6804 6786
f2_57 f1h_217 f1w_417 4.63 -4.63 147.76 0 0 0 6768 6810
f2_58 f1h_138 f1w_84 -8.59 8.59 153.63 0 0 0 6807 6850
f2_60 f1w_117 f1w_213 0.04 -0.04 148.06 0 0 0 6811 6762
f2_62 f1w_245 f1w_331 -6.11 6.11 146.48 0 0 0 6771 6715
f2_63 f1h_55 f1w_15 -4.93 4.93 151.67 0 0 0 6789 6808
f2_67 f1h_393 f1h_494 11.22 -11.22 143.61 0 0 0 6782 6828
f2_68 f1h_42 f1w_460 14.25 -14.25 142.26 0 0 0 6876 6834
f2_69 f1h_369 f1w_148 0.89 -0.89 151.81 0 0 0 6809 6856
f2_70 f1h_379 f1w_394 5.63 -5.63 141.44 0 0 0 6774 6786
f2_72 f1h_14 f1h_345 -2.99 2.99 150.16 0 0 0 6800 6780
f2_73 f1h_405 f1w_178 -1.29 1.29 148.85 0 0 0 6720 6780
f2_75 f1h_46 f1h_115 11.02 -11.02 145.43 0 0 0 6756 6774
f2_78 f1h_375 f1w_278 3.51 -3.51 151.33 0 0 0 6802 6800
f2_82 f1h_252 f1h_332 -10.03 10.03 147.47 0 0 0 6750 6754
f2_84 f1h_6 f1w_169 -8.11 8.11 147.93 0 0 0 6814 6784
f2_87 f1h_381 f1w_463 5.13 -5.13 150.01 0 0 0 6789 6772
f2_93 f1h_482 f1w_210 -0.43 0.43 148.31 0 0 0 6768 6813
f2_95 f1h_39 f1h_443 -17.97 17.97 140.99 0 0 0 6801 6829
f2_96 f1w_319 f1w_370 3.45 -3.45 146.74 0 0 0 6733 6786
f2_97 f1h_56 f1h_432 3.74 -3.74 146.37 0 0 0 6805 6797
f2_98 f1h_6 f1h_343 8.12 -8.12 146.25 0 0 0 6843 6836
f2_99 f1w_46 f1w_177 4.66 -4.66 144.38 0 0 0 6780 6811
f2_102 f1h_478 f1w_393 3.98 -3.98 147.84 0 0 0 6787 6823
f2_105 f1w_422 f1w_439 12.02 -12.02 139.21 0 0 0 6734 6782
f2_108 f1w_65 f1w_410 5.79 -5.79 148.99 0 0 0 6729 6764
f2_109 f1w_197 f1w_491 1.03 -1.03 151.22 0 0 0 6759 6786
f2_110 f1h_148 f1w_191 3.52 -3.52 152.01 0 0 0 6817 6806
f2_111 f1h_83 f1h_354 -0.64 0.64 150.6 0 0 0 6740 6763
f2_112 f1w_240 f1w_290 7.42 -7.42 146 0 0 0 6840 6821
f2_113 f1h_29 f1h_224 -6.97 6.97 140.88 0 0 0 6802 6749
f2_115 f1h_453 f1w_428 -3.19 3.19 147.75 0 0 0 6799 6851
f2_116 f1h_192 f1w_182 -6.96 6.96 145.26 0 0 0 6791 6826
f2_117 f1h_360 f1h_465 11.33 -11.33 145.32 0 0 0 6853 6829
f2_121 f1h_54 f1w_107 11.07 -11.07 145.78 0 0 0 6775 6774
f2_123 f1h_141 f1w_97 12.54 -12.54 141.99 0 0 0 6775 6773
f2_125 f1h_343 f1w_321 2.82 -2.82 148.61 0 0 0 6757 6721
f2_126 f1h_338 f1w_130 8.63 -8.63 138.53 0 0 0 6743 6810
f2_127 f1w_220 f1w_279 -2.37 2.37 147.2 0 0 0 6743 6816
f2_128 f1h_59 f1h_126 -1.8 1.8 145.75 0 0 0 6723 6789
f2_130 f1w_223 f1w_386 -9.27 9.27 147.11 0 0 0 6886 6836
f2_133 f1w_221 f1w_441 -0.91 0.91 147.35 0 0 0 6723 6703
f2_136 f1h_481 f1w_433 -3.19 3.19 150.87 0 0 0 6722 6731
f2_137 f1w_53 f1w_323 4.48 -4.48 156.43 0 0 0 6816 6804
f2_139 f1w_299 f1w_391 -1.35 1.35 147.21 0 0 0 6780 6810
f2_140 f1w_11 f1w_228 -0.16 0.16 149.39 0 0 0 6870 6839
f2_144 f1h_49 f1h_458 2 -2 144.87 0 0 0 6778 6772
f2_149 f1w_64 f1w_210 12.27 -12.27 139.47 0 0 0 6793 6843
f2_150 f1h_57 f1w_47 -0.97 0.97 153.61 0 0 0 6802 6807
f2_151 f1h_41 f1w_101 13.87 -13.87 141.02 0 0 0 6784 6717
f2_153 f1w_56 f1w_64 -1.07 1.07 151.34 0 0 0 6783 6798
f2_154 f1h_17 f1h_221 -6.05 6.05 147.18 0 0 0 6816 6827
f2_155 f1w_108 f1w_241 -2.04 2.04 142.64 0 0 0 6796 6779
f2_157 f1h_337 f1w_213 0.79 -0.79 143.9 0 0 0 6842 6827
f2_160 f1h_152 f1h_200 3.14 -3.14 146.89 0 0 0 6767 6760
f2_161 f1w_296 f1w_327 -16.64 16.64 144.43 0 0 0 6797 6796
f2_162 f1h_476 f1w_158 9.04 -9.04 139.63 0 0 0 6778 6814
f2_164 f1h_74 f1w_406 0.53 -0.53 148.3 0 0 0 6772 6685
f2_167 f1h_126 f1h_299 8.48 -8.48 146.49 0 0 0 6784 6802
f2_169 f1w_70 f1w_474 -3.22 3.22 145.6 0 0 0 6746 6773
f2_170 f1h_264 f1w_274 -1.05 1.05 139.28 0 0 0 6758 6749
f2_173 f1h_493 f1w_248 1.99 -1.99 150.9 0 0 0 6801 6809
f2_176 f1h_131 f1h_485 3.9 -3.9 143.63 0 0 0 6798 6738
f2_177 f1w_158 f1w_434 -2.07 2.07 146.47 0 0 0 6826 6794
f2_178 f1h_469 f1w_274 6.09 -6.09 147.56 0 0 0 6813 6800
f2_179 f1h_255 f1h_358 -4.09 4.09 149.13 0 0 0 6703 6734
f2_181 f1h_123 f1w_135 4.24 -4.24 150.64 0 0 0 6780 6842
f2_182 f1w_13 f1w_315 -1.69 1.69 147.61 0 0 0 6783 6785
f2_184 f1h_180 f1w_398 -1.08 1.08 148.73 0 0 0 6813 6772
f2_186 f1w_61 f1w_340 -2.41 2.41 145.54 0 0 0 6694 6760
f2_194 f1w_45 f1w_301 1.68 -1.68 148.61 0 0 0 6811 6773
f2_195 f1w_197 f1w_471 2.19 -2.19 149.98 0 0 0 6820 6806
f2_197 f1w_134 f1w_256 -0.51 0.51 152.12 0 0 0 6752 6819
f2_199 f1h_208 f1w_11 2.79 -2.79 147.56 0 0 0 6770 6835
f2_201 f1w_232 f1w_405 -9.74 9.74 138.91 0 0 0 6816 6744
f2_202 f1h_30 f1w_57 -0.21 0.21 143.77 0 0 0 6713 6788
f2_203 f1h_200 f1w_135 4.5 -4.5 150.83 0 0 0 6818 6877
f2_205 f1h_324 f1w_144 11.24 -11.24 144.84 0 0 0 6781 6800
f2_207 f1h_410 f1w_375 15.94 -15.94 146.18 0 0 0 6766 6786
f2_208 f1h_221 f1w_190 21.35 -21.35 140.15 0 0 0 6765 6802
f2_209 f1h_378 f1w_227 -1.63 1.63 145.97 0 0 0 6841 6824
f2_210 f1w_215 f1w_246 5.43 -5.43 147.73 0 0 0 6801 6806
f2_211 f1h_146 f1h_289 1.94 -1.94 149.96 0 0 0 6738 6703
f2_212 f1h_149 f1h_370 -9.84 9.84 133.57 0 0 0 6758 6737
f2_213 f1h_197 f1h_432 1.79 -1.79 147.02 0 0 0 6798 6750
f2_216 f1h_109 f1w_447 -1.73 1.73 144.77 0 0 0 6729 6701
f2_221 f1h_335 f1h_375 -2.82 2.82 146.26 0 0 0 6820 6817
f2_226 f1h_12 f1h_134 -0.63 0.63 153.61 0 0 0 6801 6782
f2_227 f1h_206 f1w_241 -1.89 1.89 152.14 0 0 0 6786 6817
f2_232 f1h_222 f1h_449 12.37 -12.37 143.42 0 0 0 6817 6758
f2_238 f1h_172 f1w_93 -4.75 4.75 148.37 0 0 0 6833 6792
f2_239 f1h_148 f1h_233 -5.27 5.27 151.35 0 0 0 6805 6761
f2_241 f1w_34 f1w_121 15.21 -15.21 147.3 0 0 0 6786 6780
f2_242 f1h_181 f1h_239 -11.28 11.28 143.65 0 0 0 6780 6757
f2_244 f1h_390 f1w_74 -3.59 3.59 144.09 0 0 0 6691 6702
f2_246 f1h_340 f1w_301 -2.64 2.64 149.71 0 0 0 6865 6842
f2_247 f1h_468 f1w_386 -6.37 6.37 141.15 0 0 0 6769 6818
f2_248 f1h_439 f1w_243 4.67 -4.67 148.72 0 0 0 6779 6827
f2_249 f1h_49 f1h_222 3.96 -3.96 149.32 0 0 0 6829 6787
f2_252 f1h_428 f1w_101 9.91 -9.91 150.73 0 0 0 6734 6748
f2_253 f1h_255 f1w_379 -4.82 4.82 146.24 0 0 0 6762 6813
f2_254 f1w_69 f1w_247 9.48 -9.48 142.2 0 0 0 6763 6763
f2_255 f1h_2 f1w_223 4.53 -4.53 152.09 0 0 0 6798 6882
f2_256 f1h_456 f1h_477 -1.84 1.84 149.43 0 0 0 6800 6839
f2_257 f1h_215 f1w_236 -0.44 0.44 147.8 0 0 0 6858 6808
f2_259 f1h_117 f1w_43 -6.44 6.44 145.92 0 0 0 6802 6788
f2_260 f1w_478 f1w_481 10.22 -10.22 141 0 0 0 6795 6765
f2_263 f1h_170 f1h_461 -2.93 2.93 148.23 0 0 0 6822 6767
f2_267 f1h_255 f1h_300 -2.4 2.4 155.51 0 0 0 6777 6824
f2_268 f1h_46 f1w_433 6.33 -6.33 144.45 0 0 0 6756 6747
f2_269 f1h_130 f1h_479 2.88 -2.88 148.12 0 0 0 6807 6768
f2_272 f1h_286 f1w_279 6.92 -6.92 136.73 0 0 0 6703 6753
f2_275 f1w_313 f1w_405 -6.53 6.53 139.65 0 0 0 6727 6719
f2_282 f1h_148 f1w_29 3.95 -3.95 145.16 0 0 0 6786 6767
f2_283 f1h_104 f1w_107 4.49 -4.49 146.37 0 0 0 6796 6735
f2_284 f1h_88 f1w_40 -7.21 7.21 141.48 0 0 0 6764 6725
f2_285 f1h_347 f1w_98 3.43 -3.43 150.09 0 0 0 6804 6805
f2_286 f1h_199 f1h_427 -0.65 0.65 155.9 0 0 0 6744 6750
f2_287 f1h_127 f1h_494 7.14 -7.14 153.05 0 0 0 6826 6859
f2_288 f1h_456 f1w_393 3.42 -3.42 147.78 0 0 0 6777 6842
f2_290 f1h_332 f1w_429 4.2 -4.2 145.93 0 0 0 6800 6810
f2_296 f1h_408 f1w_369 3.66 -3.66 148 0 0 0 6812 6783
f2_298 f1h_379 f1h_445 4.59 -4.59 150.25 0 0 0 6770 6753
f2_300 f1h_176 f1w_278 -0.3 0.3 152.36 0 0 0 6784 6820
f2_302 f1h_423 f1w_382 -1.37 1.37 147.83 0 0 0 6769 6794
f2_304 f1h_240 f1w_430 4.99 -4.99 143.36 0 0 0 6741 6723
f2_305 f1h_3 f1h_392 1.38 -1.38 137.74 0 0 0 6745 6725
f2_308 f1h_251 f1w_70 -0.06 0.06 149.46 0 0 0 6768 6758
f2_309 f1w_335 f1w_476 -4.62 4.62 146.46 0 0 0 6829 6826
f2_310 f1h_289 f1w_398 -3.38 3.38 147.18 0 0 0 6746 6768
f2_311 f1h_171 f1h_493 -3.55 3.55 146.16 0 0 0 6805 6824
f2_314 f1w_197 f1w_233 -8.73 8.73 142.07 0 0 0 6822 6804
f2_316 f1h_391 f1w_193 -4.79 4.79 141.35 0 0 0 6819 6789
f2_317 f1h_418 f1w_327 -2.8 2.8 144.59 0 0 0 6773 6802
f2_318 f1w_64 f1w_185 7.07 -7.07 148.68 0 0 0 6798 6789
f2_320 f1h_251 f1w_450 5.62 -5.62 144.74 0 0 0 6742 6753
f2_322 f1w_157 f1w_316 -5.06 5.06 143.7 0 0 0 6790 6803
f2_324 f1h_19 f1h_418 -2.11 2.11 150.82 0 0 0 6779 6742
f2_325 f1h_200 f1w_425 4.45 -4.45 148.4 0 0 0 6729 6727
f2_331 f1h_225 f1w_162 -6.4 6.4 147.78 0 0 0 6786 6805
f2_332 f1h_105 f1w_314 -1.98 1.98 149.32 0 0 0 6801 6759
f2_333 f1w_67 f1w_327 -3.44 3.44 147.36 0 0 0 6727 6798
f2_336 f1h_2 f1w_492 -3.05 3.05 149.71 0 0 0 6729 6820
f2_337 f1h_437 f1w_406 12.14 -12.14 145.62 0 0 0 6851 6756
f2_340 f1h_22 f1h_451 3.53 -3.53 147.42 0 0 0 6802 6789
f2_342 f1w_398 f1w_458 -2.72 2.72 148.98 0 0 0 6726 6750
f2_343 f1h_166 f1h_252 -0.77 0.77 158.53 0 0 0 6821 6803
f2_345 f1w_102 f1w_316 -4.02 4.02 144.18 0 0 0 6797 6791
f2_346 f1h_280 f1h_299 0.24 -0.24 146.52 0 0 0 6717 6787
f2_348 f1w_219 f1w_341 15.83 -15.83 143 0 0 0 6783 6764
f2_349 f1h_181 f1w_158 2.32 -2.32 150.42 0 0 0 6751 6767
f2_350 f1h_195 f1w_169 5.61 -5.61 153.39 0 0 0 6825 6803
f2_353 f1h_47 f1h_498 3.57 -3.57 147.46 0 0 0 6731 6803
f2_354 f1h_215 f1w_102 -5.05 5.05 138.8 0 0 0 6833 6814
f2_355 f1h_481 f1w_325 5.38 -5.38 149.34 0 0 0 6737 6758
f2_358 f1w_453 f1w_468 9.11 -9.11 148.1 0 0 0 6826 6816
f2_361 f1h_181 f1w_134 2.5 -2.5 149.23 0 0 0 6774 6736
f2_362 f1h_360 f1w_76 -10.68 10.68 142.37 0 0 0 6821 6835
f2_364 f1w_127 f1w_249 -3.05 3.05 149.61 0 0 0 6780 6796
f2_373 f1h_454 f1w_352 2.95 -2.95 142.03 0 0 0 6733 6703
f2_374 f1h_32 f1h_81 2.85 -2.85 148.91 0 0 0 6774 6796
f2_375 f1h_48 f1w_153 -1.61 1.61 147.4 0 0 0 6776 6769
f2_377 f1h_206 f1h_277 6.24 -6.24 142.84 0 0 0 6790 6785
f2_378 f1h_418 f1w_468 2.32 -2.32 148.34 0 0 0 6778 6777
f2_379 f1h_22 f1w_156 -9.46 9.46 150 0 0 0 6792 6820
f2_384 f1h_280 f1w_358 11.08 -11.08 142.34 0 0 0 6713 6823
f2_386 f1w_160 f1w_193 4.37 -4.37 143.6 0 0 0 6748 6774
f2_387 f1w_33 f1w_156 -11.47 11.47 135.93 0 0 0 6822 6812
f2_388 f1w_60 f1w_210 -2.95 2.95 148.05 0 0 0 6773 6803
f2_389 f1h_4 f1w_135 7.68 -7.68 140.23 0 0 0 6766 6801
f2_391 f1h_20 f1h_172 4.88 -4.88 152.4 0 0 0 6796 6754
f2_395 f1w_63 f1w_272 9.66 -9.66 144.64 0 0 0 6794 6791
f2_396 f1h_82 f1h_205 -1.71 1.71 146.96 0 0 0 6804 6778
f2_397 f1h_264 f1h_432 -7.37 7.37 137.86 0 0 0 6717 6717
f2_399 f1w_216 f1w_316 0.78 -0.78 147.39 0 0 0 6758 6793
f2_400 f1h_278 f1w_175 13.87 -13.87 147.35 0 0 0 6813 6804
f2_406 f1h_143 f1h_193 -1.69 1.69 142.84 0 0 0 6784 6774
f2_407 f1h_417 f1w_190 2.8 -2.8 152.55 0 0 0 6840 6840
f2_410 f1h_220 f1h_350 3.18 -3.18 143.53 0 0 0 6789 6756
f2_412 f1h_462 f1w_285 -0.92 0.92 144.1 0 0 0 6808 6822
f2_414 f1w_25 f1w_317 4.14 -4.14 153.17 0 0 0 6792 6815
f2_415 f1h_253 f1h_255 16.18 -16.18 140.53 0 0 0 6753 6754
f2_416 f1h_217 f1h_410 -8.67 8.67 143.94 0 0 0 6790 6813
f2_420 f1w_174 f1w_363 -0.3 0.3 144.74 0 0 0 6719 6677
f2_421 f1w_211 f1w_361 1.86 -1.86 143.54 0 0 0 6823 6759
f2_422 f1h_31 f1w_348 6.3 -6.3 147.44 0 0 0 6746 6810
f2_423 f1h_262 f1w_404 -1.31 1.31 147.99 0 0 0 6792 6811
f2_427 f1h_470 f1w_76 -2.31 2.31 150.11 0 0 0 6753 6766
f2_431 f1h_450 f1w_65 -5.88 5.88 154.05 0 0 0 6764 6798
f2_437 f1h_338 f1w_365 -8.51 8.51 137.88 0 0 0 6758 6810
f2_440 f1h_134 f1h_202 2.18 -2.18 153.13 0 0 0 6752 6785
f2_444 f1h_491 f1w_319 1.2 -1.2 145.6 0 0 0 6756 6736
f2_445 f1h_48 f1w_344 2.43 -2.43 154.5 0 0 0 6775 6756
f2_447 f1h_24 f1w_193 -5.55 5.55 143.43 0 0 0 6783 6756
f2_448 f1w_257 f1w_305 -21.38 21.38 139.5 0 0 0 6848 6782
f2_450 f1w_30 f1w_351 7.46 -7.46 141.14 0 0 0 6790 6795
f2_451 f1h_338 f1w_326 8.55 -8.55 151.04 0 0 0 6778 6836
f2_453 f1w_121 f1w_463 1.81 -1.81 149.39 0 0 0 6769 6774
f2_456 f1w_189 f1w_317 -0.48 0.48 149.54 0 0 0 6765 6801
f2_460 f1h_164 f1w_419 -1.59 1.59 149.23 0 0 0 6760 6733
f2_461 f1w_182 f1w_352 3.51 -3.51 139.32 0 0 0 6848 6763
f2_464 f1h_246 f1h_425 -1.71 1.71 150.67 0 0 0 6831 6814
f2_467 f1h_143 f1w_283 2.54 -2.54 145.41 0 0 0 6794 6773
f2_468 f1w_141 f1w_156 -8.51 8.51 148.66 0 0 0 6801 6808
f2_472 f1h_474 f1w_103 2.2 -2.2 147 0 0 0 6794 6771
f2_474 f1h_291 f1h_439 -12.33 12.33 140.13 0 0 0 6789 6730
f2_476 f1h_202 f1w_195 -11.45 11.45 144.73 0 0 0 6759 6768
f2_478 f1h_265 f1w_327 -7.04 7.04 149.28 0 0 0 6795 6809
f2_479 f1h_387 f1h_455 11.74 -11.74 142.21 0 0 0 6813 6766
f2_484 f1w_382 f1w_393 -5.01 5.01 142.17 0 0 0 6819 6826
f2_487 f1h_332 f1w_386 -0.38 0.38 151.43 0 0 0 6726 6766
f2_489 f1h_43 f1w_247 -8.2 8.2 146.95 0 0 0 6770 6791
f2_490 f1h_43 f1w_77 -6.41 6.41 144.66 0 0 0 6800 6814
f2_491 f1w_220 f1w_424 7.56 -7.56 139.11 0 0 0 6714 6738
f2_492 f1w_174 f1w_357 -4.98 4.98 143.45 0 0 0 6761 6779
f2_495 f1h_199 f1w_75 2.32 -2.32 150.83 0 0 0 6787 6802
f2_496 f1h_382 f1w_273 8.24 -8.24 144.74 0 0 0 6754 6719
f2_497 f1h_470 f1w_157 4.73 -4.73 152.86 0 0 0 6781 6781
f2_500 f1w_142 f1w_204 -12.62 12.62 146.85 0 0 0 6815 6800
f2_501 f1h_419 f1w_140 8.31 -8.31 139.52 0 0 0 6819 6749
f2_505 f1h_109 f1w_476 -2.06 2.06 153.85 0 0 0 6765 6805
f2_507 f1h_39 f1w_220 -3.83 3.83 144.36 0 0 0 6780 6733
f2_508 f1h_19 f1h_388 6.59 -6.59 144.87 0 0 0 6796 6825
f2_509 f1h_427 f1w_370 -13.02 13.02 142.73 0 0 0 6820 6819
f2_510 f1w_337 f1w_348 10.09 -10.09 151.91 0 0 0 6806 6869
f2_512 f1w_293 f1w_449 0.53 -0.53 143.84 0 0 0 6839 6792
f2_517 f1w_199 f1w_227 -4.35 4.35 148.54 0 0 0 6787 6791
f2_520 f1h_86 f1w_115 -2.13 2.13 140.56 0 0 0 6767 6740
f2_522 f1h_83 f1w_178 2.91 -2.91 145.87 0 0 0 6733 6771
f2_523 f1w_406 f1w_420 -3.95 3.95 148.35 0 0 0 6740 6790
f2_524 f1h_487 f1w_93 -15.79 15.79 144.81 0 0 0 6826 6777
f2_526 f1w_120 f1w_482 -0.64 0.64 146.42 0 0 0 6756 6758
f2_529 f1w_8 f1w_98 -2.22 2.22 147.47 0 0 0 6791 6820
f2_534 f1w_135 f1w_282 1.98 -1.98 147.41 0 0 0 6811 6741
f2_535 f1h_333 f1w_421 10.96 -10.96 142.22 0 0 0 6899 6865
f2_537 f1h_125 f1w_369 1.24 -1.24 154.47 0 0 0 6776 6789
f2_539 f1h_204 f1h_381 -9.27 9.27 146.56 0 0 0 6807 6832
f2_541 f1h_276 f1w_41 8.55 -8.55 154.52 0 0 0 6798 6848
f2_543 f1h_388 f1w_413 -7.18 7.18 147.31 0 0 0 6814 6754
f2_546 f1h_25 f1w_302 -2.95 2.95 148.22 0 0 0 6814 6835
f2_548 f1w_322 f1w_352 -8.23 8.23 143.1 0 0 0 6838 6747
f2_549 f1h_176 f1h_193 -1.21 1.21 147.95 0 0 0 6765 6805
f2_553 f1h_49 f1h_369 7.13 -7.13 143.09 0 0 0 6752 6739
f2_556 f1h_55 f1w_28 1.09 -1.09 151.36 0 0 0 6762 6778
f2_557 f1w_190 f1w_262 -6.81 6.81 143.93 0 0 0 6783 6774
f2_558 f1h_288 f1h_381 -1.01 1.01 146.47 0 0 0 6786 6839
f2_560 f1w_52 f1w_453 -0.52 0.52 144.96 0 0 0 6792 6759
f2_561 f1h_57 f1w_500 8.31 -8.31 150.49 0 0 0 6795 6774
f2_565 f1h_227 f1w_473 1.64 -1.64 150.9 0 0 0 6780 6795
f2_566 f1w_34 f1w_474 4.66 -4.66 145.35 0 0 0 6786 6776
f2_569 f1h_277 f1w_481 -5.05 5.05 141.88 0 0 0 6811 6810
f2_573 f1h_56 f1h_315 -2.06 2.06 146.64 0 0 0 6779 6802
f2_576 f1h_52 f1h_298 0.34 -0.34 141.6 0 0 0 6822 6767
f2_578 f1h_99 f1h_487 6.11 -6.11 151.18 0 0 0 6752 6786
f2_581 f1h_206 f1h_336 2.26 -2.26 142.71 0 0 0 6766 6774
f2_582 f1w_149 f1w_460 -4.93 4.93 145.88 0 0 0 6782 6758
f2_583 f1h_59 f1w_112 -7.23 7.23 146.14 0 0 0 6760 6801
f2_584 f1h_461 f1w_171 -3.97 3.97 146.63 0 0 0 6763 6781
f2_585 f1h_461 f1w_114 -9.41 9.41 142.81 0 0 0 6721 6741
f2_586 f1h_189 f1w_383 -10.6 10.6 139.7 0 0 0 6746 6769
f2_587 f1h_260 f1h_316 -10.68 10.68 148 0 0 0 6808 6779
f2_589 f1h_42 f1h_268 5.79 -5.79 151.39 0 0 0 6825 6865
f2_591 f1w_106 f1w_236 -6.85 6.85 148.38 0 0 0 6754 6782
f2_592 f1w_34 f1w_449 4.83 -4.83 142.23 0 0 0 6758 6767
f2_594 f1w_97 f1w_388 0.22 -0.22 149.69 0 0 0 6752 6767
f2_595 f1h_497 f1w_433 6.03 -6.03 145.61 0 0 0 6761 6765
f2_596 f1w_180 f1w_330 -2.96 2.96 144.28 0 0 0 6784 6854
f2_599 f1h_482 f1w_413 -3.32 3.32 150.89 0 0 0 6757 6766
f2_600 f1w_29 f1w_449 -4.25 4.25 149.17 0 0 0 6788 6780
f2_602 f1h_169 f1w_175 -2.92 2.92 151.72 0 0 0 6767 6781
f2_603 f1h_263 f1w_311 -0.08 0.08 152.65 0 0 0 6765 6771
f2_604 f1w_127 f1w_473 -0.79 0.79 147.18 0 0 0 6810 6815
f2_606 f1h_71 f1w_466 5.38 -5.38 147.22 0 0 0 6785 6772
f2_608 f1h_263 f1w_71 -5.27 5.27 145.75 0 0 0 6820 6863
f2_610 f1h_420 f1w_387 -8.46 8.46 136.29 0 0 0 6774 6827
f2_612 f1w_159 f1w_498 6.12 -6.12 151.96 0 0 0 6838 6842
f2_613 f1h_448 f1w_425 -3.15 3.15 152.12 0 0 0 6789 6723
f2_617 f1h_432 f1h_473 10.22 -10.22 142.34 0 0 0 6804 6796
f2_618 f1h_208 f1h_316 -15.79 15.79 143.09 0 0 0 6811 6827
f2_619 f1h_381 f1w_331 5.02 -5.02 145.22 0 0 0 6845 6781
f2_622 f1h_294 f1w_329 -2.1 2.1 149.17 0 0 0 6795 6791
f2_623 f1h_429 f1w_184 4.08 -4.08 156.66 0 0 0 6840 6817
f2_628 f1h_168 f1h_436 0.2 -0.2 145.35 0 0 0 6832 6837
f2_629 f1h_123 f1w_80 7.17 -7.17 144.52 0 0 0 6747 6753
f2_630 f1w_30 f1w_194 -0.79 0.79 146.38 0 0 0 6855 6889
f2_635 f1h_439 f1w_413 12.22 -12.22 138.03 0 0 0 6727 6778
f2_637 f1h_388 f1w_219 -14.18 14.18 139.62 0 0 0 6829 6779
f2_638 f1h_380 f1w_88 -1.56 1.56 145.62 0 0 0 6759 6727
f2_643 f1h_312 f1h_460 -2.61 2.61 146.63 0 0 0 6783 6748
f2_645 f1h_10 f1h_381 7.59 -7.59 146.85 0 0 0 6822 6858
f2_647 f1h_180 f1w_479 -12.88 12.88 143.21 0 0 0 6757 6764
f2_651 f1h_126 f1w_175 -3.29 3.29 147.96 0 0 0 6817 6804
f2_653 f1h_141 f1h_355 0.29 -0.29 190.19 0 0 0 6787 6797
f2_656 f1h_237 f1w_252 -1.56 1.56 156.57 0 0 0 6809 6798
f2_658 f1h_416 f1w_375 1.09 -1.09 159.12 0 0 0 6809 6829
f2_659 f1h_52 f1h_440 -0.91 0.91 147.65 0 0 0 6840 6818
f2_660 f1h_105 f1w_82 6.74 -6.74 141.58 0 0 0 6820 6793
f2_663 f1h_335 f1w_442 -4.81 4.81 144.47 0 0 0 6775 6752
f2_664 f1h_356 f1h_485 0.01 -0.01 148.09 0 0 0 6703 6717
f2_665 f1w_329 f1w_338 11.72 -11.72 145.11 0 0 0 6819 6803
f2_669 f1h_69 f1w_370 -6.2 6.2 146.06 0 0 0 6721 6777
f2_670 f1w_187 f1w_216 -7.33 7.33 146.44 0 0 0 6789 6748
f2_671 f1h_189 f1w_323 -2.78 2.78 148.9 0 0 0 6815 6843
f2_673 f1w_240 f1w_326 0.5 -0.5 154.35 0 0 0 6832 6825
f2_674 f1h_386 f1w_130 -2.12 2.12 151.84 0 0 0 6772 6834
f2_676 f1h_398 f1w_489 -3.15 3.15 152.49 0 0 0 6775 6766
f2_677 f1h_18 f1h_462 1.54 -1.54 150.67 0 0 0 6757 6776
f2_678 f1h_124 f1w_494 -3.49 3.49 148.89 0 0 0 6818 6825
f2_679 f1h_267 f1w_298 -5.76 5.76 143.54 0 0 0 6745 6750
f2_680 f1h_156 f1w_72 9.17 -9.17 143.41 0 0 0 6792 6816
f2_682 f1w_315 f1w_469 11.71 -11.71 142.65 0 0 0 6763 6781
f2_686 f1h_496 f1w_16 4 -4 148.8 0 0 0 6785 6803
f2_687 f1w_151 f1w_272 0.44 -0.44 144.84 0 0 0 6723 6738
f2_688 f1h_55 f1w_179 2.79 -2.79 148.27 0 0 0 6774 6742
f2_690 f1w_344 f1w_452 -11.28 11.28 149.83 0 0 0 6738 6775
f2_692 f1w_297 f1w_363 -3.93 3.93 139.1 0 0 0 6730 6671
f2_694 f1h_354 f1w_271 -6.22 6.22 152.71 0 0 0 6691 6738
f2_697 f1w_102 f1w_466 12.09 -12.09 138.13 0 0 0 6782 6779
f2_698 f1h_242 f1w_252 -4.71 4.71 141.78 0 0 0 6785 6784
f2_701 f1h_145 f1w_81 -0.62 0.62 152.22 0 0 0 6791 6761
f2_702 f1h_232 f1h_278 -4.57 4.57 153.3 0 0 0 6782 6793
f2_703 f1h_282 f1w_413 4.57 -4.57 142.55 0 0 0 6801 6814
f2_708 f1w_2 f1w_14 7.83 -7.83 143.26 0 0 0 6745 6764
f2_712 f1h_47 f1h_362 5.61 -5.61 151.9 0 0 0 6696 6736
f2_715 f1h_83 f1w_99 5.14 -5.14 141.55 0 0 0 6747 6770
f2_716 f1h_309 f1w_38 3.42 -3.42 144.68 0 0 0 6792 6863
f2_717 f1h_277 f1h_430 2.56 -2.56 144.6 0 0 0 6797 6770
f2_718 f1h_283 f1w_148 6.9 -6.9 147.55 0 0 0 6829 6838
f2_719 f1h_434 f1w_437 -2.38 2.38 147.71 0 0 0 6824 6801
f2_720 f1w_69 f1w_461 3.7 -3.7 146 0 0 0 6785 6766
f2_722 f1w_16 f1w_466 -4.31 4.31 143.17 0 0 0 6779 6762
f2_723 f1h_6 f1h_151 2.13 -2.13 155.17 0 0 0 6785 6782
f2_725 f1h_105 f1h_242 -16.62 16.62 143.23 0 0 0 6792 6769
f2_726 f1w_223 f1w_299 -4.32 4.32 150.86 0 0 0 6838 6805
f2_727 f1h_433 f1w_106 0.08 -0.08 152.63 0 0 0 6823 6750
f2_729 f1w_89 f1w_326 0.8 -0.8 146.24 0 0 0 6796 6811
f2_731 f1h_111 f1w_124 -27.72 27.72 130.88 0 0 0 6788 6778
f2_734 f1h_18 f1h_249 12.96 -12.96 140.71 0 0 0 6777 6770
f2_735 f1h_429 f1w_364 5.49 -5.49 145.18 0 0 0 6845 6825
f2_737 f1h_291 f1w_377 -5.41 5.41 140.13 0 0 0 6781 6738
f2_738 f1w_14 f1w_274 -13.29 13.29 145.23 0 0 0 6814 6767
f2_739 f1w_358 f1w_426 2.78 -2.78 148.87 0 0 0 6825 6794
f2_743 f1h_173 f1h_465 -7.1 7.1 147.81 0 0 0 6789 6758
f2_744 f1h_307 f1h_418 -1.93 1.93 144.08 0 0 0 6725 6717
f2_746 f1h_171 f1h_324 -7.8 7.8 149.96 0 0 0 6813 6771
f2_747 f1w_43 f1w_76 4.55 -4.55 149.24 0 0 0 6822 6823
f2_748 f1h_356 f1w_121 -9.22 9.22 150.45 0 0 0 6744 6799
f2_749 f1h_176 f1w_349 -1.71 1.71 145.82 0 0 0 6768 6706
f2_751 f1w_105 f1w_174 -9.33 9.33 143.09 0 0 0 6757 6768
f2_753 f1w_220 f1w_403 -1.97 1.97 148.01 0 0 0 6768 6801
f2_754 f1h_59 f1w_217 -5.49 5.49 145.78 0 0 0 6757 6832
f2_759 f1h_449 f1w_61 -3.47 3.47 144.18 0 0 0 6692 6690
f2_760 f1h_33 f1h_205 -2.46 2.46 147.19 0 0 0 6811 6817
f2_761 f1h_272 f1w_104 7.47 -7.47 151.35 0 0 0 6787 6755
f2_764 f1h_335 f1w_241 -2.35 2.35 143.02 0 0 0 6863 6826
f2_765 f1w_69 f1w_211 3.37 -3.37 150.8 0 0 0 6778 6803
f2_766 f1h_287 f1w_321 3.03 -3.03 148.3 0 0 0 6752 6752
f2_768 f1h_212 f1w_19 -6.34 6.34 146.13 0 0 0 6794 6842
f2_769 f1h_56 f1w_56 1.3 -1.3 147.82 0 0 0 6785 6725
f2_771 f1w_236 f1w_494 5.7 -5.7 145.29 0 0 0 6758 6766
f2_772 f1w_32 f1w_286 8.18 -8.18 148.09 0 0 0 6764 6789
f2_775 f1h_267 f1w_252 -0.53 0.53 142.03 0 0 0 6781 6835
f2_776 f1h_1 f1w_195 -7.44 7.44 147.84 0 0 0 6809 6787
f2_777 f1h_362 f1w_262 -8.52 8.52 147.5 0 0 0 6754 6787
f2_778 f1h_4 f1h_360 7.21 -7.21 145.59 0 0 0 6804 6817
f2_779 f1w_153 f1w_306 -1.64 1.64 141.84 0 0 0 6811 6756
f2_780 f1h_174 f1w_12 -1.15 1.15 150.06 0 0 0 6814 6778
f2_781 f1h_78 f1h_216 3.53 -3.53 142.2 0 0 0 6728 6756
f2_782 f1w_278 f1w_301 11.3 -11.3 142.07 0 0 0 6808 6750
f2_784 f1h_355 f1w_48 3.65 -3.65 146.15 0 0 0 6793 6812
f2_785 f1h_265 f1w_17 -3.86 3.86 158.65 0 0 0 6789 6743
f2_787 f1w_86 f1w_336 -8.58 8.58 144.72 0 0 0 6706 6796
f2_788 f1h_481 f1w_192 -5.65 5.65 144.83 0 0 0 6757 6769
f2_794 f1h_242 f1w_406 8.6 -8.6 143.72 0 0 0 6776 6717
f2_797 f1h_39 f1h_381 11.59 -11.59 142.03 0 0 0 6770 6813
f2_799 f1h_47 f1h_157 11.65 -11.65 144.04 0 0 0 6706 6762
f2_801 f1h_216 f1w_65 3.19 -3.19 149.3 0 0 0 6779 6790
f2_803 f1w_27 f1w_481 -8.61 8.61 148.12 0 0 0 6839 6820
f2_804 f1h_443 f1w_325 0.6 -0.6 155.99 0 0 0 6899 6857
f2_805 f1w_139 f1w_324 1.32 -1.32 150.94 0 0 0 6835 6848
f2_808 f1h_92 f1h_127 -7.62 7.62 149.4 0 0 0 6798 6827
f2_809 f1h_408 f1w_112 -8.06 8.06 149.81 0 0 0 6826 6814
f2_811 f1h_288 f1w_76 0.24 -0.24 143.9 0 0 0 6814 6857
f2_812 f1w_88 f1w_193 -9.31 9.31 144.28 0 0 0 6734 6758
f2_813 f1w_220 f1w_223 3.73 -3.73 149.37 0 0 0 6724 6821
f2_814 f1h_337 f1h_423 4.22 -4.22 146.86 0 0 0 6763 6729
f2_815 f1h_314 f1w_343 -5.82 5.82 148.72 0 0 0 6825 6766
f2_819 f1h_343 f1h_386 1.83 -1.83 146.3 0 0 0 6808 6763
f2_820 f1w_21 f1w_198 5.22 -5.22 149.62 0 0 0 6778 6803
f2_822 f1h_92 f1w_241 15.33 -15.33 151.44 0 0 0 6795 6803
f2_826 f1h_228 f1w_287 9.18 -9.18 140.52 0 0 0 6792 6823
f2_827 f1h_495 f1w_101 -3.43 3.43 149.74 0 0 0 6751 6728
f2_831 f1h_16 f1w_151 -4.5 4.5 152.03 0 0 0 6781 6756
f2_833 f1h_389 f1w_183 -3.93 3.93 147.55 0 0 0 6841 6849
f2_835 f1h_385 f1w_224 3.69 -3.69 137.67 0 0 0 6745 6773
f2_836 f1h_180 f1h_318 -1.12 1.12 149.78 0 0 0 6787 6768
f2_838 f1h_205 f1h_443 7.63 -7.63 148.73 0 0 0 6734 6788
f2_840 f1h_344 f1w_2 -3.1 3.1 148.9 0 0 0 6806 6773
f2_842 f1h_308 f1h_482 -3.6 3.6 145.04 0 0 0 6779 6787
f2_843 f1w_242 f1w_383 4.56 -4.56 150.19 0 0 0 6826 6813
f2_850 f1h_164 f1w_187 6.6 -6.6 138.47 0 0 0 6753 6757
f2_852 f1h_26 f1w_256 3.8 -3.8 148.37 0 0 0 6840 6837
f2_853 f1h_430 f1w_364 -5.14 5.14 139.39 0 0 0 6745 6799
f2_854 f1h_220 f1w_314 0.36 -0.36 153.53 0 0 0 6803 6787
f2_855 f1w_134 f1w_281 2.06 -2.06 146.07 0 0 0 6785 6801
f2_857 f1h_331 f1h_470 4.9 -4.9 148.55 0 0 0 6829 6767
f2_858 f1h_275 f1h_280 10.4 -10.4 143.76 0 0 0 6740 6735
f2_862 f1h_200 f1w_412 -8.94 8.94 144.83 0 0 0 6771 6747
f2_864 f1h_233 f1w_61 -8.94 8.94 141.3 0 0 0 6800 6755
f2_866 f1h_334 f1h_489 -4.31 4.31 151.14 0 0 0 6792 6753
f2_867 f1h_333 f1w_455 10.12 -10.12 149.6 0 0 0 6849 6831
f2_869 f1h_458 f1w_347 0.91 -0.91 150.52 0 0 0 6810 6801
f2_870 f1h_408 f1w_494 3.2 -3.2 144.15 0 0 0 6832 6821
f2_871 f1h_18 f1w_92 -13.35 13.35 140.85 0 0 0 6794 6785
f2_872 f1h_131 f1w_229 -5.1 5.1 147.21 0 0 0 6801 6778
f2_875 f1h_362 f1h_445 -2.82 2.82 148.2 0 0 0 6784 6803
f2_876 f1h_49 f1h_447 -1.63 1.63 149.52 0 0 0 6817 6827
f2_878 f1w_32 f1w_226 0.51 -0.51 149.5 0 0 0 6751 6778
f2_879 f1w_88 f1w_347 -2.37 2.37 151.57 0 0 0 6763 6833
f2_880 f1h_378 f1w_404 -1.55 1.55 149.43 0 0 0 6762 6788
f2_883 f1h_293 f1w_54 -17.85 17.85 139.73 0 0 0 6813 6782
f2_884 f1h_494 f1w_43 -1.07 1.07 148.02 0 0 0 6821 6763
f2_885 f1w_444 f1w_453 -11.77 11.77 147.34 0 0 0 6769 6790
f2_886 f1h_398 f1w_383 -2.94 2.94 145.72 0 0 0 6761 6762
f2_887 f1h_443 f1w_263 -5.93 5.93 146.32 0 0 0 6798 6712
f2_888 f1h_16 f1h_358 2.52 -2.52 146.98 0 0 0 6780 6758
f2_889 f1h_33 f1w_174 6.97 -6.97 140.05 0 0 0 6731 6761
f2_890 f1w_153 f1w_187 0.17 -0.17 146.35 0 0 0 6829 6818
f2_891 f1h_228 f1w_22 2.16 -2.16 148.09 0 0 0 6774 6803
f2_892 f1h_105 f1h_211 -10.83 10.83 147.44 0 0 0 6840 6794
f2_893 f1h_264 f1w_322 4.75 -4.75 147.4 0 0 0 6715 6747
f2_895 f1w_81 f1w_376 -0.3 0.3 149.57 0 0 0 6731 6754
f2_898 f1h_216 f1w_333 4 -4 152.59 0 0 0 6791 6746
f2_902 f1h_74 f1h_223 11.22 -11.22 138.12 0 0 0 6829 6764
f2_905 f1h_204 f1w_192 1.4 -1.4 145.92 0 0 0 6743 6737
f2_906 f1w_124 f1w_249 7.73 -7.73 143.54 0 0 0 6820 6797
f2_909 f1h_173 f1w_21 2.32 -2.32 154.64 0 0 0 6808 6778
f2_913 f1h_103 f1w_331 3.93 -3.93 146.73 0 0 0 6738 6719
f2_914 f1h_440 f1w_242 -4.13 4.13 146.55 0 0 0 6782 6814
f2_916 f1h_197 f1w_15 0.57 -0.57 146.11 0 0 0 6844 6789
f2_918 f1w_92 f1w_232 4.25 -4.25 139.01 0 0 0 6802 6835
f2_919 f1w_4 f1w_427 0.12 -0.12 155.73 0 0 0 6767 6813
f2_921 f1h_255 f1h_427 -0.08 0.08 147.51 0 0 0 6776 6826
f2_922 f1h_251 f1w_146 3.31 -3.31 155.49 0 0 0 6736 6761
f2_923 f1w_107 f1w_447 -5.19 5.19 142.53 0 0 0 6748 6748
f2_924 f1w_168 f1w_469 8.04 -8.04 146.46 0 0 0 6696 6782
f2_927 f1h_169 f1w_110 2.71 -2.71 155.32 0 0 0 6784 6789
f2_928 f1h_363 f1w_198 5.88 -5.88 147.8 0 0 0 6795 6814
f2_929 f1h_49 f1w_487 -1.12 1.12 153.46 0 0 0 6793 6750
f2_933 f1h_86 f1w_211 8.29 -8.29 147.65 0 0 0 6788 6855
f2_935 f1h_445 f1w_478 -7.84 7.84 145.91 0 0 0 6759 6787
f2_939 f1h_459 f1w_93 5.72 -5.72 148.41 0 0 0 6824 6758
f2_941 f1w_243 f1w_262 -5.37 5.37 143.8 0 0 0 6804 6779
f2_943 f1h_232 f1w_188 5.05 -5.05 143.07 0 0 0 6816 6753
f2_944 f1h_155 f1w_459 -5.68 5.68 147.76 0 0 0 6759 6795
f2_945 f1h_158 f1h_324 -10.28 10.28 145.88 0 0 0 6823 6792
f2_946 f1h_371 f1w_193 -4.96 4.96 140.53 0 0 0 6795 6809
f2_951 f1h_487 f1w_375 -0.5 0.5 157.88 0 0 0 6803 6812
f2_952 f1h_268 f1h_276 -10.87 10.87 139.38 0 0 0 6810 6769
f2_954 f1h_1 f1w_133 -1.69 1.69 153.16 0 0 0 6756 6741
f2_955 f1w_409 f1w_425 -6.02 6.02 144.95 0 0 0 6796 6748
f2_957 f1h_86 f1w_13 11.09 -11.09 142.41 0 0 0 6774 6820
f2_960 f1h_122 f1h_197 1.16 -1.16 150.9 0 0 0 6776 6822
f2_962 f1w_380 f1w_494 -0.83 0.83 150.74 0 0 0 6845 6821
f2_963 f1w_220 f1w_487 0.68 -0.68 151.06 0 0 0 6736 6752
f2_969 f1w_60 f1w_361 -5.15 5.15 151.74 0 0 0 6771 6736
f2_972 f1w_334 f1w_386 -0.35 0.35 150.95 0 0 0 6792 6809
f2_973 f1w_31 f1w_468 11.4 -11.4 143.56 0 0 0 6784 6793
f2_974 f1w_319 f1w_421 -2.46 2.46 152.11 0 0 0 6774 6831
f2_976 f1w_229 f1w_279 -6.86 6.86 146.07 0 0 0 6793 6811
f2_981 f1h_221 f1w_340 -4.19 4.19 147.48 0 0 0 6777 6822
f2_984 f1h_318 f1w_463 -1.51 1.51 148.64 0 0 0 6800 6784
f2_985 f1h_333 f1w_463 -7.25 7.25 152.55 0 0 0 6872 6800
f2_986 f1h_54 f1w_31 4.47 -4.47 145.76 0 0 0 6756 6782
f2_987 f1h_332 f1w_148 -0.99 0.99 156.1 0 0 0 6756 6814
f2_988 f1h_372 f1h_495 0.66 -0.66 150.26 0 0 0 6808 6774
f2_990 f1h_284 f1h_462 -4.35 4.35 140.7 0 0 0 6865 6803
f2_992 f1h_126 f1h_195 -8.09 8.09 144.23 0 0 0 6835 6803
f2_994 f1h_252 f1h_382 -11.52 11.52 143.1 0 0 0 6743 6772
f2_997 f1h_33 f1w_48 0.51 -0.51 156.79 0 0 0 6765 6805
