id parent1 parent2 LLRparent1 LLRparent2 LLRpair OHparent1 OHparent2 MEpair SNPd.id.parent1 SNPd.id.parent2
f0_2 f0_313 f0_930 0.2 -0.2 1.08 0 0 0 65 69
f0_2 f1h_320 f2_778 -0.11 0.11 0.59 0 0 0 66 69
f0_2 f1h_320 f2_864 -0.05 0.05 1.63 0 0 0 66 69
f0_2 f1h_460 f2_778 0 0 1.62 0 0 0 66 69
f0_4 f0_38 f1h_340 0.36 -0.36 1.03 0 0 0 66 67
f0_4 f0_83 f1h_137 -0.05 0.05 1.03 0 0 0 66 68
f0_4 f0_83 f2_530 0.13 -0.13 1.24 0 0 0 66 68
f0_4 f0_213 f1h_369 0.02 -0.02 0.04 0 0 0 65 70
f0_4 f0_213 f1w_412 0.03 -0.03 0.57 0 0 0 65 66
f0_4 f0_213 f1w_493 -0.25 0.25 0.65 0 0 0 65 65
f0_4 f0_213 f2_149 -0.12 0.12 0.31 0 0 0 65 71
f0_4 f0_213 f2_326 0 0 0.72 0 0 0 65 69
f0_4 f0_213 f2_530 0.09 -0.09 0.28 0 0 0 65 68
f0_4 f0_213 f2_944 -0.23 0.23 0.61 0 0 0 65 67
f0_4 f0_284 f1h_340 0.53 -0.53 0.74 0 0 0 65 67
f0_4 f0_470 f0_696 0.1 -0.1 0.89 0 0 0 64 68
f0_4 f0_524 f1h_137 -0.42 0.42 0.86 0 0 0 66 68
f0_4 f0_524 f1h_340 0.04 -0.04 0.15 0 0 0 66 67
f0_4 f0_524 f1w_493 -0.4 0.4 0.68 0 0 0 66 65
f0_4 f0_524 f2_326 -0.34 0.34 0.67 0 0 0 66 69
f0_4 f0_524 f2_530 -0.3 0.3 1.04 0 0 0 66 68
f0_4 f0_599 f1w_433 0.23 -0.23 0.56 0 0 0 71 65
f0_4 f0_696 f0_814 -0.25 0.25 0.61 0 0 0 68 67
f0_4 f0_696 f2_558 0.03 -0.03 0.95 0 0 0 68 62
f0_4 f0_741 f1h_369 -0.19 0.19 0.4 0 0 0 66 70
f0_4 f0_945 f1w_492 0.15 -0.15 0.68 0 0 0 68 65
f0_4 f1h_171 f1h_340 0.39 -0.39 0.8 0 0 0 65 67
f0_4 f1h_171 f2_685 0.01 -0.01 0.92 0 0 0 65 65
f0_4 f1h_340 f1h_369 -0.76 0.76 0.51 0 0 0 67 70
f0_4 f1h_340 f2_136 -0.24 0.24 -0.21 0 0 0 67 65
f0_4 f1h_340 f2_577 -0.66 0.66 0.06 0 0 0 67 63
f0_4 f1h_340 f2_685 -0.07 0.07 0.06 0 0 0 67 65
f0_4 f1h_369 f1w_433 0.18 -0.18 0.1 0 0 0 70 65
f0_4 f1h_369 f2_577 0.07 -0.07 0.05 0 0 0 70 63
f0_4 f1h_387 f1w_184 -0.29 0.29 1 0 0 0 67 69
f0_4 f1h_387 f2_149 -0.41 0.41 0.1 0 0 0 67 71
f0_4 f1h_387 f2_326 -0.15 0.15 0.23 0 0 0 67 69
f0_4 f1h_387 f2_577 -0.36 0.36 0.54 0 0 0 67 63
f0_4 f1h_387 f2_685 -0.01 0.01 0.68 0 0 0 67 65
f0_4 f1w_84 f2_149 0.01 -0.01 0.72 0 0 0 69 71
f0_4 f1w_174 f1w_493 0.03 -0.03 0.64 0 0 0 71 65
f0_4 f1w_184 f1w_492 0.38 -0.38 0.24 0 0 0 69 65
f0_4 f1w_492 f2_136 -0.39 0.39 -0.09 0 0 0 65 65
f0_4 f1w_493 f2_136 0.16 -0.16 0.83 0 0 0 65 65
f0_4 f1w_493 f2_577 -0.18 0.18 0.5 0 0 0 65 63
f0_4 f2_136 f2_326 0 0 0.66 0 0 0 65 69
f0_4 f2_149 f2_558 -0.1 0.1 -0.27 0 0 0 71 62
f0_4 f2_149 f2_577 -0.08 0.08 0.18 0 0 0 71 63
f0_4 f2_326 f2_577 -0.28 0.28 0.39 0 0 0 69 63
f0_4 f2_326 f2_937 -0.47 0.47 0.22 0 0 0 69 69
f0_4 f2_488 f2_685 0.1 -0.1 0.53 0 0 0 66 65
f0_4 f2_558 f2_685 0.13 -0.13 0.73 0 0 0 62 65
f0_4 f2_577 f2_594 0.12 -0.12 0.67 0 0 0 63 66
f0_4 f2_685 f2_873 -0.03 0.03 0.94 0 0 0 65 66
f0_5 f0_66 f1h_69 1.04 -1.04 0.58 0 0 0 67 60
f0_5 f0_103 f1h_69 0.99 -0.99 0.29 0 0 0 62 60
f0_5 f0_319 f1h_69 0.37 -0.37 0.92 0 0 0 57 60
f0_5 f0_374 f1h_69 1.35 -1.35 0.83 0 0 0 63 60
f0_5 f0_552 f1h_69 0.3 -0.3 0.49 0 0 0 61 60
f0_5 f0_625 f1h_69 0.75 -0.75 0.5 0 0 0 61 60
f0_5 f1h_69 f1h_207 -0.72 0.72 0.36 0 0 0 60 60
f0_5 f1h_69 f1h_216 -0.3 0.3 0.5 0 0 0 60 63
f0_5 f1h_69 f1h_265 -0.67 0.67 0.61 0 0 0 60 64
f0_5 f1h_69 f1w_463 -0.36 -0.13 1.06 0 0 0 60 59
f0_5 f1h_69 f1w_489 -0.59 0.43 0.19 0 0 0 60 60
f0_5 f1h_69 f2_363 0.07 -0.07 0.56 0 0 0 60 59
f0_5 f1h_207 f1w_463 0.55 -0.55 0.68 0 0 0 60 59
f0_5 f1h_216 f1h_499 0.61 -0.61 0.6 0 0 0 63 66
f0_5 f1h_265 f1w_463 0.27 -0.27 0.45 0 0 0 64 59
f0_5 f1h_499 f1w_463 -0.13 0.13 0.44 0 0 0 66 59
f0_5 f1w_463 f2_259 0.17 -0.17 0.71 0 0 0 59 66
f0_6 f0_44 f1h_361 0.15 -0.15 0.88 0 0 0 67 66
f0_6 f0_44 f2_815 0.32 -0.32 0.36 0 0 0 67 64
f0_6 f0_78 f0_99 0.01 -0.01 0.86 0 0 0 68 66
f0_6 f0_78 f1w_35 0.42 -0.42 0.68 0 0 0 68 64
f0_6 f0_78 f2_500 -0.19 0.19 0.78 0 0 0 68 66
f0_6 f0_84 f1h_82 -0.14 0.14 0.44 0 0 0 64 60
f0_6 f0_84 f1h_361 0.14 -0.14 0.62 0 0 0 64 66
f0_6 f0_84 f2_527 -0.06 0.06 0.65 0 0 0 64 65
f0_6 f0_99 f0_453 0.1 -0.1 0.51 0 0 0 66 65
f0_6 f0_99 f0_818 0.08 -0.08 0.48 0 0 0 66 69
f0_6 f0_99 f0_829 -0.06 0.06 0.56 0 0 0 66 58
f0_6 f0_99 f1h_361 0.01 -0.01 0.73 0 0 0 66 66
f0_6 f0_99 f1w_272 -0.12 0.12 0.69 0 0 0 66 64
f0_6 f0_99 f1w_328 -0.08 0.08 0.56 0 0 0 66 64
f0_6 f0_99 f2_25 -0.04 0.04 0.65 0 0 0 66 64
f0_6 f0_99 f2_143 0.51 -0.51 0.43 0 0 0 66 64
f0_6 f0_99 f2_337 -0.28 0.28 0.25 0 0 0 66 69
f0_6 f0_99 f2_427 0.27 -0.27 0.73 0 0 0 66 65
f0_6 f0_99 f2_500 -0.08 0.08 0.39 0 0 0 66 66
f0_6 f0_99 f2_518 -0.19 0.19 0.78 0 0 0 66 66
f0_6 f0_99 f2_744 0.24 -0.24 0.39 0 0 0 66 66
f0_6 f0_99 f2_864 0.08 -0.08 0.72 0 0 0 66 68
f0_6 f0_99 f2_880 0.11 -0.11 0.63 0 0 0 66 61
f0_6 f0_157 f1w_272 -0.27 0.27 0.64 0 0 0 65 64
f0_6 f0_157 f2_815 -0.2 0.2 0.9 0 0 0 65 64
f0_6 f0_157 f2_864 0.63 -0.63 0.44 0 0 0 65 68
f0_6 f0_200 f0_829 -0.21 0.21 0.59 0 0 0 66 58
f0_6 f0_200 f1h_361 -0.26 0.26 0.64 0 0 0 66 66
f0_6 f0_200 f1w_272 -0.41 0.41 0.72 0 0 0 66 64
f0_6 f0_200 f2_337 -0.63 0.63 0.27 0 0 0 66 69
f0_6 f0_200 f2_427 0.04 -0.04 0.84 0 0 0 66 65
f0_6 f0_200 f2_744 0.02 -0.02 0.63 0 0 0 66 66
f0_6 f0_200 f2_815 -0.32 0.32 0.91 0 0 0 66 64
f0_6 f0_200 f2_864 -0.04 0.04 0.95 0 0 0 66 68
f0_6 f0_200 f2_880 0.05 -0.05 0.28 0 0 0 66 61
f0_6 f0_403 f0_437 0.06 -0.06 0.69 0 0 0 65 57
f0_6 f0_403 f1h_258 0.14 -0.14 0.65 0 0 0 65 66
f0_6 f0_403 f1h_361 0.02 -0.02 0.5 0 0 0 65 66
f0_6 f0_403 f1h_459 0.21 -0.21 0.7 0 0 0 65 67
f0_6 f0_403 f2_744 0.2 -0.2 0.62 0 0 0 65 66
f0_6 f0_403 f2_864 0.33 -0.33 0.49 0 0 0 65 68
f0_6 f0_437 f1w_35 0.48 -0.48 0.81 0 0 0 57 64
f0_6 f0_437 f1w_272 0.15 -0.15 0.13 0 0 0 57 64
f0_6 f0_437 f1w_328 0.1 -0.1 0.5 0 0 0 57 64
f0_6 f0_437 f1w_484 -0.24 0.24 0.54 0 0 0 57 64
f0_6 f0_437 f2_815 0.33 -0.33 0.14 0 0 0 57 64
f0_6 f0_437 f2_839 -0.08 0.08 0.64 0 0 0 57 62
f0_6 f0_453 f1w_35 0.68 -0.68 0.4 0 0 0 65 64
f0_6 f0_453 f1w_280 0.03 -0.03 0.77 0 0 0 65 64
f0_6 f0_453 f2_454 -0.01 0.01 0.66 0 0 0 65 67
f0_6 f0_453 f2_839 0.29 -0.29 0.53 0 0 0 65 62
f0_6 f0_630 f0_818 -0.01 0.01 0.92 0 0 0 66 69
f0_6 f0_630 f1w_272 0.04 -0.04 0.48 0 0 0 66 64
f0_6 f0_630 f2_25 0.23 -0.23 0.74 0 0 0 66 64
f0_6 f0_630 f2_744 0.46 -0.46 0.43 0 0 0 66 66
f0_6 f0_630 f2_815 0.12 -0.12 0.6 0 0 0 66 64
f0_6 f0_630 f2_864 0.33 -0.33 0.49 0 0 0 66 68
f0_6 f0_818 f1h_82 0.12 -0.12 0.6 0 0 0 69 60
f0_6 f0_818 f1h_361 0.31 -0.31 0.36 0 0 0 69 66
f0_6 f0_818 f1w_35 0.39 -0.39 0.6 0 0 0 69 64
f0_6 f0_818 f1w_99 0.26 -0.26 0.59 0 0 0 69 62
f0_6 f0_818 f1w_280 0.11 -0.11 0.53 0 0 0 69 64
f0_6 f0_829 f1h_459 0.56 -0.56 0.66 0 0 0 58 67
f0_6 f0_829 f1h_486 0.11 -0.11 0.64 0 0 0 58 65
f0_6 f0_829 f1w_35 0.28 -0.28 0.57 0 0 0 58 64
f0_6 f0_829 f1w_328 0.27 -0.27 0.41 0 0 0 58 64
f0_6 f0_829 f2_25 0.16 -0.16 0.79 0 0 0 58 64
f0_6 f0_829 f2_246 -0.02 0.02 0.58 0 0 0 58 62
f0_6 f0_829 f2_454 -0.05 0.05 0.54 0 0 0 58 67
f0_6 f0_829 f2_744 0.23 -0.23 0.58 0 0 0 58 66
f0_6 f0_829 f2_839 0.28 -0.28 0.69 0 0 0 58 62
f0_6 f0_829 f2_980 -0.03 0.03 0.58 0 0 0 58 69
f0_6 f1h_82 f1w_35 0.39 -0.39 -0.01 0 0 0 60 64
f0_6 f1h_82 f1w_272 0.07 -0.07 0.61 0 0 0 60 64
f0_6 f1h_82 f1w_328 0.22 -0.22 0.24 0 0 0 60 64
f0_6 f1h_82 f1w_484 0 0 0.69 0 0 0 60 64
f0_6 f1h_82 f2_25 0.17 -0.17 0.5 0 0 0 60 64
f0_6 f1h_82 f2_815 0.23 -0.23 0.48 0 0 0 60 64
f0_6 f1h_82 f2_839 0.3 -0.3 0.3 0 0 0 60 62
f0_6 f1h_82 f2_864 0.09 -0.09 0.45 0 0 0 60 68
f0_6 f1h_258 f1w_35 0.42 -0.42 1.13 0 0 0 66 64
f0_6 f1h_258 f1w_272 -0.29 0.29 0.68 0 0 0 66 64
f0_6 f1h_258 f2_839 0.02 -0.02 0.97 0 0 0 66 62
f0_6 f1h_361 f1h_459 0.72 -0.72 0.41 0 0 0 66 67
f0_6 f1h_361 f1h_486 0.04 -0.04 0.61 0 0 0 66 65
f0_6 f1h_361 f1w_35 0.76 -0.76 0.32 0 0 0 66 64
f0_6 f1h_361 f1w_272 -0.23 0.23 0.32 0 0 0 66 64
f0_6 f1h_361 f1w_280 -0.11 0.11 0.56 0 0 0 66 64
f0_6 f1h_361 f1w_290 -0.37 0.37 0.1 0 0 0 66 62
f0_6 f1h_361 f1w_484 -0.19 0.19 0.56 0 0 0 66 64
f0_6 f1h_361 f2_25 -0.11 0.11 0.56 0 0 0 66 64
f0_6 f1h_361 f2_246 0.38 -0.38 -0.03 0 0 0 66 62
f0_6 f1h_361 f2_454 -0.17 0.17 0.63 0 0 0 66 67
f0_6 f1h_361 f2_493 -0.3 0.3 0.45 0 0 0 66 65
f0_6 f1h_361 f2_500 -0.19 0.19 0.16 0 0 0 66 66
f0_6 f1h_361 f2_639 -0.31 0.31 0.63 0 0 0 66 62
f0_6 f1h_361 f2_744 0.12 -0.12 0.19 0 0 0 66 66
f0_6 f1h_361 f2_839 0.12 -0.12 0.73 0 0 0 66 62
f0_6 f1h_361 f2_864 0.24 -0.24 0.06 0 0 0 66 68
f0_6 f1h_361 f2_980 -0.18 0.18 0.34 0 0 0 66 69
f0_6 f1h_393 f2_500 0.14 -0.14 0.51 0 0 0 65 66
f0_6 f1h_393 f2_815 0.19 -0.19 0.7 0 0 0 65 64
f0_6 f1h_393 f2_980 0.12 -0.12 0.61 0 0 0 65 69
f0_6 f1h_459 f1w_35 -0.26 0.26 0.84 0 0 0 67 64
f0_6 f1h_459 f1w_418 -0.64 0.64 0.45 0 0 0 67 58
f0_6 f1h_459 f1w_484 -0.73 0.73 0.64 0 0 0 67 64
f0_6 f1h_459 f2_337 -0.84 0.84 0.34 0 0 0 67 69
f0_6 f1h_459 f2_398 -0.85 0.71 0.26 0 0 0 67 65
f0_6 f1h_459 f2_500 -0.34 0.34 0.21 0 0 0 67 66
f0_6 f1h_459 f2_815 -0.22 0.22 0.48 0 0 0 67 64
f0_6 f1h_459 f2_839 -0.4 0.4 0.16 0 0 0 67 62
f0_6 f1h_459 f2_864 -0.74 0.74 0.35 0 0 0 67 68
f0_6 f1h_486 f2_500 -0.02 0.02 0.73 0 0 0 65 66
f0_6 f1h_486 f2_815 0.06 -0.06 0.87 0 0 0 65 64
f0_6 f1h_486 f2_864 -0.24 0.24 0.54 0 0 0 65 68
f0_6 f1w_35 f1w_99 -0.23 0.23 0.08 0 0 0 64 62
f0_6 f1w_35 f1w_155 -0.65 0.65 0.65 0 0 0 64 60
f0_6 f1w_35 f1w_169 0.24 -0.24 0.36 0 0 0 64 63
f0_6 f1w_35 f1w_272 -0.15 0.15 0.25 0 0 0 64 64
f0_6 f1w_35 f1w_290 -0.87 0.87 0.45 0 0 0 64 62
f0_6 f1w_35 f2_25 -0.26 0.26 0.74 0 0 0 64 64
f0_6 f1w_35 f2_198 -0.37 0.37 0.46 0 0 0 64 67
f0_6 f1w_35 f2_246 -0.36 0.36 0.12 0 0 0 64 62
f0_6 f1w_35 f2_427 -0.22 0.22 0.77 0 0 0 64 65
f0_6 f1w_35 f2_500 -0.06 0.06 0.52 0 0 0 64 66
f0_6 f1w_35 f2_518 -0.3 0.3 0.69 0 0 0 64 66
f0_6 f1w_35 f2_744 -0.27 0.27 0.77 0 0 0 64 66
f0_6 f1w_35 f2_815 -0.32 0.32 0.27 0 0 0 64 64
f0_6 f1w_35 f2_864 -0.32 0.32 0.63 0 0 0 64 68
f0_6 f1w_35 f2_880 -0.25 0.25 0.9 0 0 0 64 61
f0_6 f1w_35 f2_895 -0.38 0.38 0.94 0 0 0 64 63
f0_6 f1w_35 f2_980 -0.37 0.37 0.68 0 0 0 64 69
f0_6 f1w_99 f1w_272 -0.05 0.05 0.69 0 0 0 62 64
f0_6 f1w_99 f1w_328 0.09 -0.09 0.38 0 0 0 62 64
f0_6 f1w_99 f1w_484 -0.27 0.27 0.34 0 0 0 62 64
f0_6 f1w_99 f2_25 0.11 -0.11 0.68 0 0 0 62 64
f0_6 f1w_99 f2_744 0.29 -0.29 0.41 0 0 0 62 66
f0_6 f1w_99 f2_815 0.06 -0.06 0.81 0 0 0 62 64
f0_6 f1w_99 f2_839 -0.08 0.08 0.29 0 0 0 62 62
f0_6 f1w_99 f2_864 -0.28 0.28 0.33 0 0 0 62 68
f0_6 f1w_155 f2_500 0.24 -0.24 0.58 0 0 0 60 66
f0_6 f1w_169 f2_500 0 0 0.66 0 0 0 63 66
f0_6 f1w_169 f2_864 0.29 -0.29 0.61 0 0 0 63 68
f0_6 f1w_272 f1w_418 0 0 0.52 0 0 0 64 58
f0_6 f1w_272 f2_398 -0.17 0.17 0.41 0 0 0 64 65
f0_6 f1w_280 f2_25 0.12 -0.12 0.72 0 0 0 64 64
f0_6 f1w_280 f2_427 0.09 -0.09 0.74 0 0 0 64 65
f0_6 f1w_280 f2_500 0.03 -0.03 0.53 0 0 0 64 66
f0_6 f1w_280 f2_744 0.37 -0.37 0.3 0 0 0 64 66
f0_6 f1w_280 f2_880 0.22 -0.22 0.49 0 0 0 64 61
f0_6 f1w_290 f2_143 0.67 -0.67 0.43 0 0 0 62 64
f0_6 f1w_290 f2_815 0.3 -0.3 0.48 0 0 0 62 64
f0_6 f1w_290 f2_880 0.45 -0.45 0.21 0 0 0 62 61
f0_6 f1w_328 f2_398 -0.35 0.35 0.26 0 0 0 64 65
f0_6 f1w_328 f2_493 -0.3 0.3 0.59 0 0 0 64 65
f0_6 f1w_328 f2_500 -0.13 0.13 0.54 0 0 0 64 66
f0_6 f1w_328 f2_639 -0.21 0.21 0.58 0 0 0 64 62
f0_6 f1w_328 f2_864 0.17 -0.17 0.51 0 0 0 64 68
f0_6 f1w_412 f2_500 0.29 -0.29 0.35 0 0 0 64 66
f0_6 f1w_412 f2_815 0.3 -0.3 0.73 0 0 0 64 64
f0_6 f1w_418 f2_500 0.01 -0.01 0.62 0 0 0 58 66
f0_6 f1w_418 f2_744 0.3 -0.3 0.53 0 0 0 58 66
f0_6 f1w_418 f2_864 -0.18 0.18 0.44 0 0 0 58 68
f0_6 f1w_418 f2_980 0.04 -0.04 0.58 0 0 0 58 69
f0_6 f1w_484 f2_143 0.48 -0.48 0.56 0 0 0 64 64
f0_6 f1w_484 f2_500 0.16 -0.16 0.63 0 0 0 64 66
f0_6 f1w_484 f2_744 0.43 -0.43 0.67 0 0 0 64 66
f0_6 f1w_484 f2_980 0.17 -0.17 0.75 0 0 0 64 69
f0_6 f2_25 f2_337 -0.46 0.46 0.58 0 0 0 64 69
f0_6 f2_143 f2_493 -0.64 0.64 0.43 0 0 0 64 65
f0_6 f2_143 f2_639 -0.56 0.56 0.6 0 0 0 64 62
f0_6 f2_143 f2_815 -0.32 0.32 0.44 0 0 0 64 64
f0_6 f2_143 f2_839 -0.35 0.35 0.4 0 0 0 64 62
f0_6 f2_143 f2_864 -0.32 0.32 0.69 0 0 0 64 68
f0_6 f2_198 f2_500 0.23 -0.23 0.49 0 0 0 67 66
f0_6 f2_198 f2_864 0.47 -0.47 0.29 0 0 0 67 68
f0_6 f2_246 f2_337 -0.25 0.25 0.29 0 0 0 62 69
f0_6 f2_246 f2_744 0.05 -0.05 0.26 0 0 0 62 66
f0_6 f2_246 f2_815 0.06 -0.06 0.64 0 0 0 62 64
f0_6 f2_246 f2_864 -0.03 0.03 0.54 0 0 0 62 68
f0_6 f2_246 f2_880 0.23 -0.23 0.18 0 0 0 62 61
f0_6 f2_337 f2_744 0.53 -0.53 0.37 0 0 0 69 66
f0_6 f2_337 f2_839 0.08 -0.08 0.1 0 0 0 69 62
f0_6 f2_337 f2_980 0.26 -0.26 0.42 0 0 0 69 69
f0_6 f2_427 f2_864 -0.23 0.23 0.61 0 0 0 65 68
f0_6 f2_454 f2_744 0.1 -0.1 0.4 0 0 0 67 66
f0_6 f2_454 f2_815 0.03 -0.03 0.72 0 0 0 67 64
f0_6 f2_454 f2_864 0.33 -0.33 0.5 0 0 0 67 68
f0_6 f2_454 f2_880 -0.17 0.17 0.08 0 0 0 67 61
f0_6 f2_493 f2_500 0.29 -0.29 -0.26 0 0 0 65 66
f0_6 f2_493 f2_518 0.2 -0.2 0.54 0 0 0 65 66
f0_6 f2_493 f2_744 0.29 -0.29 0.48 0 0 0 65 66
f0_6 f2_493 f2_864 0.28 -0.28 0.45 0 0 0 65 68
f0_6 f2_500 f2_639 -0.38 0.38 -0.15 0 0 0 66 62
f0_6 f2_500 f2_815 0.17 -0.17 -0.25 0 0 0 66 64
f0_6 f2_500 f2_880 0.1 -0.1 0.43 0 0 0 66 61
f0_6 f2_518 f2_639 -0.16 0.16 0.59 0 0 0 66 62
f0_6 f2_527 f2_744 0.31 -0.31 0.59 0 0 0 65 66
f0_6 f2_527 f2_815 -0.05 0.05 0.95 0 0 0 65 64
f0_6 f2_527 f2_864 -0.14 0.14 0.61 0 0 0 65 68
f0_6 f2_639 f2_744 0.46 -0.46 0.43 0 0 0 62 66
f0_6 f2_639 f2_864 0.44 -0.44 0.43 0 0 0 62 68
f0_6 f2_744 f2_815 -0.09 0.09 0.42 0 0 0 66 64
f0_6 f2_744 f2_839 0.12 -0.12 0.13 0 0 0 66 62
f0_6 f2_815 f2_839 0.34 -0.34 0.69 0 0 0 64 62
f0_6 f2_815 f2_864 -0.02 0.02 0.2 0 0 0 64 68
f0_6 f2_815 f2_895 0.11 -0.11 0.89 0 0 0 64 63
f0_6 f2_815 f2_980 -0.2 0.2 0.23 0 0 0 64 69
f0_6 f2_839 f2_864 -0.09 0.09 0.47 0 0 0 62 68
f0_6 f2_839 f2_880 -0.02 0.02 0.69 0 0 0 62 61
f0_6 f2_839 f2_980 -0.3 0.3 0.09 0 0 0 62 69
f0_6 f2_864 f2_880 0.2 -0.2 0.48 0 0 0 68 61
f0_9 f0_868 f2_644 -0.24 0.24 0.86 0 0 0 65 61
f0_10 f0_86 f0_628 0.03 -0.03 0.59 0 0 0 62 64
f0_10 f0_86 f1h_43 1.2 -1.2 0.5 0 0 0 62 65
f0_10 f0_208 f2_891 -0.13 0.13 0.11 0 0 0 61 58
f0_10 f0_449 f0_503 0.04 -0.04 0.78 0 0 0 61 65
f0_10 f0_503 f2_891 -0.6 0.6 0.3 0 0 0 65 58
f0_10 f0_628 f1w_201 -0.03 0.03 0.45 0 0 0 64 68
f0_10 f0_829 f1w_201 -0.02 0.02 0.65 0 0 0 60 68
f0_10 f1h_43 f1h_205 -0.04 0.04 0.84 0 0 0 65 70
f0_10 f1h_43 f2_531 -0.74 0.74 0.56 0 0 0 65 67
f0_10 f1h_43 f2_678 -0.36 0.36 0.69 0 0 0 65 62
f0_10 f1h_205 f1w_394 -0.66 0.66 0.84 0 0 0 70 67
f0_10 f1w_201 f2_891 -0.06 0.06 0.45 0 0 0 68 58
f0_10 f1w_475 f2_531 -0.44 0.44 0.83 0 0 0 65 67
f0_10 f1w_475 f2_678 0.11 -0.11 0.49 0 0 0 65 62
f0_10 f1w_475 f2_892 -0.06 0.06 1.03 0 0 0 65 63
f0_10 f2_61 f2_376 -0.18 0.18 0.79 0 0 0 66 63
f0_10 f2_61 f2_891 -0.53 0.53 0.51 0 0 0 66 58
f0_10 f2_376 f2_678 0.04 -0.04 0.34 0 0 0 63 62
f0_10 f2_435 f2_891 0.09 -0.09 0.64 0 0 0 60 58
f0_10 f2_678 f2_891 -0.49 0.49 0.32 0 0 0 62 58
f0_11 f0_39 f0_213 0.54 -0.54 0.57 0 0 0 61 59
f0_11 f0_39 f1h_13 0.39 -0.39 0.59 0 0 0 61 61
f0_11 f0_39 f1h_163 0.02 -0.02 0.56 0 0 0 61 60
f0_11 f0_90 f0_588 0.3 -0.3 0.36 0 0 0 61 55
f0_11 f0_90 f1h_120 0.41 -0.41 0.58 0 0 0 61 64
f0_11 f0_90 f2_127 -0.09 0.09 0.72 0 0 0 61 62
f0_11 f0_90 f2_535 0 0 0.55 0 0 0 61 61
f0_11 f0_213 f0_588 -0.14 0.14 0.9 0 0 0 59 55
f0_11 f0_213 f1h_107 -0.02 0.02 0.9 0 0 0 59 58
f0_11 f0_213 f1h_274 -0.16 0.16 0.77 0 0 0 59 63
f0_11 f0_213 f2_127 0.26 -0.26 0.04 0 0 0 59 62
f0_11 f0_213 f2_256 -0.14 0.14 0.88 0 0 0 59 59
f0_11 f0_213 f2_465 -0.23 0.23 0.53 0 0 0 59 60
f0_11 f0_213 f2_541 0.07 -0.07 0.54 0 0 0 59 61
f0_11 f0_588 f1h_163 0.22 -0.22 -0.07 0 0 0 55 60
f0_11 f0_588 f1h_264 -0.24 0.24 0.9 0 0 0 55 62
f0_11 f0_588 f1w_53 -0.17 0.17 0.7 0 0 0 55 63
f0_11 f1h_107 f1h_163 -0.34 0.34 0.44 0 0 0 58 60
f0_11 f1h_120 f1h_264 0.25 -0.25 1 0 0 0 64 62
f0_11 f1h_120 f2_32 0 0 0.49 0 0 0 64 62
f0_11 f1h_120 f2_357 0.6 -0.6 0.75 0 0 0 64 62
f0_11 f1h_120 f2_541 -0.45 0.45 0.73 0 0 0 64 61
f0_11 f1h_120 f2_787 0.1 -0.1 0.92 0 0 0 64 60
f0_11 f1h_163 f2_127 0.13 -0.13 0.33 0 0 0 60 62
f0_11 f1h_163 f2_541 0.33 -0.33 0.39 0 0 0 60 61
f0_11 f1h_264 f2_127 -0.55 0.55 0.86 0 0 0 62 62
f0_11 f1h_264 f2_535 -0.22 0.22 0.81 0 0 0 62 61
f0_11 f1h_274 f2_357 0.47 -0.47 0.81 0 0 0 63 62
f0_11 f1w_335 f2_32 -0.26 0.26 0.69 0 0 0 62 62
f0_11 f1w_335 f2_357 0.52 -0.52 0.87 0 0 0 62 62
f0_11 f1w_335 f2_541 -0.25 0.25 0.78 0 0 0 62 61
f0_11 f1w_335 f2_787 0.09 -0.09 1.01 0 0 0 62 60
f0_11 f2_32 f2_127 0.05 -0.05 0.54 0 0 0 62 62
f0_11 f2_127 f2_787 0.35 -0.35 0.65 0 0 0 62 60
f0_11 f2_256 f2_357 -0.19 0.19 0.97 0 0 0 59 62
f0_11 f2_357 f2_363 -0.32 0.32 1.21 0 0 0 62 58
f0_11 f2_357 f2_465 -0.85 0.85 0.62 0 0 0 62 60
f0_13 f0_15 f2_24 0.14 -0.14 0.58 0 0 0 62 59
f0_13 f0_169 f0_938 0.33 -0.33 1.12 0 0 0 61 63
f0_13 f0_169 f1w_465 0.36 -0.36 0.75 0 0 0 61 62
f0_13 f0_175 f1w_465 -0.7 0.7 -0.15 0 0 0 67 62
f0_13 f0_176 f1w_465 -0.25 0.25 0.32 0 0 0 67 62
f0_13 f0_183 f1h_395 -0.1 0.1 0.74 0 0 0 63 67
f0_13 f0_183 f1w_133 -0.11 0.11 0.94 0 0 0 63 61
f0_13 f0_183 f1w_465 0.22 -0.22 0.52 0 0 0 63 62
f0_13 f0_183 f2_237 0.04 -0.04 0.86 0 0 0 63 64
f0_13 f0_203 f2_356 -0.06 0.06 0.56 0 0 0 65 64
f0_13 f0_225 f1w_465 -0.15 0.15 0.32 0 0 0 65 62
f0_13 f0_230 f1w_465 0.33 -0.33 0.43 0 0 0 66 62
f0_13 f0_230 f2_356 0.63 -0.63 0.34 0 0 0 66 64
f0_13 f0_325 f1w_465 0.46 -0.46 0.38 0 0 0 66 62
f0_13 f0_341 f2_356 0.08 -0.08 0.92 0 0 0 65 64
f0_13 f0_499 f1w_465 -0.52 0.52 0.17 0 0 0 63 62
f0_13 f0_740 f2_24 0.02 -0.02 0.91 0 0 0 65 59
f0_13 f0_740 f2_356 0.28 -0.28 0.85 0 0 0 65 64
f0_13 f0_808 f1w_465 -0.34 0.34 0.29 0 0 0 62 62
f0_13 f0_809 f2_237 0.34 -0.34 0.59 0 0 0 64 64
f0_13 f0_881 f1w_465 0.43 -0.43 0.67 0 0 0 62 62
f0_13 f0_938 f2_237 0.01 -0.01 0.85 0 0 0 63 64
f0_13 f0_938 f2_356 -0.12 0.12 0.24 0 0 0 63 64
f0_13 f1h_21 f1w_133 -0.31 0.31 0.72 0 0 0 65 61
f0_13 f1h_21 f1w_465 0.02 -0.02 0.89 0 0 0 65 62
f0_13 f1h_173 f1h_395 0.04 -0.04 0.85 0 0 0 65 67
f0_13 f1h_173 f1w_465 0.36 -0.36 0.33 0 0 0 65 62
f0_13 f1h_173 f2_237 0.27 -0.27 0.86 0 0 0 65 64
f0_13 f1h_173 f2_356 0.07 -0.07 0.57 0 0 0 65 64
f0_13 f1h_274 f2_356 0.07 -0.07 0.46 0 0 0 64 64
f0_13 f1h_339 f1w_465 -0.12 0.12 0.45 0 0 0 65 62
f0_13 f1h_367 f2_237 0.02 -0.02 1.08 0 0 0 66 64
f0_13 f1h_395 f1w_131 0.03 -0.03 0.45 0 0 0 67 62
f0_13 f1h_395 f1w_463 0.08 -0.08 0.45 0 0 0 67 60
f0_13 f1h_395 f2_24 0.03 -0.03 0.05 0 0 0 67 59
f0_13 f1w_131 f1w_465 -0.34 0.34 0.39 0 0 0 62 62
f0_13 f1w_133 f2_356 0.36 -0.36 0.77 0 0 0 61 64
f0_13 f1w_133 f2_660 0.06 -0.06 0.85 0 0 0 61 66
f0_13 f1w_152 f2_24 -0.18 0.18 0.81 0 0 0 64 59
f0_13 f1w_152 f2_356 0.22 -0.22 0.96 0 0 0 64 64
f0_13 f1w_377 f1w_465 0.4 -0.4 0.57 0 0 0 67 62
f0_13 f1w_463 f1w_465 -0.06 0 0.48 0 0 0 60 62
f0_13 f1w_465 f2_24 -0.27 0.27 -0.04 0 0 0 62 59
f0_13 f1w_465 f2_237 0.3 -0.3 0.14 0 0 0 62 64
f0_13 f1w_465 f2_356 -0.05 0.05 0.71 0 0 0 62 64
f0_13 f1w_465 f2_660 -0.29 0.29 0.58 0 0 0 62 66
f0_13 f2_24 f2_237 0.52 -0.52 0.03 0 0 0 59 64
f0_15 f0_13 f1h_196 0.12 -0.12 0.52 0 0 0 62 66
f0_15 f0_75 f0_242 -0.19 0.19 0.2 0 0 0 65 61
f0_15 f0_75 f2_808 0.27 -0.27 0.55 0 0 0 65 65
f0_15 f0_169 f2_808 0.03 -0.03 0.61 0 0 0 59 65
f0_15 f0_242 f1h_457 -0.05 0.05 -0.29 0 0 0 61 59
f0_15 f0_341 f1h_196 0.42 -0.42 0.68 0 0 0 63 66
f0_15 f0_759 f1h_457 0.36 -0.36 0.29 0 0 0 63 59
f0_15 f0_759 f1w_479 0.43 -0.43 0.46 0 0 0 63 58
f0_15 f0_759 f2_808 0.68 -0.68 0.58 0 0 0 63 65
f0_15 f0_851 f2_683 0.27 -0.27 0.56 0 0 0 64 65
f0_15 f0_851 f2_896 -0.07 0.07 0.56 0 0 0 64 60
f0_15 f1h_181 f1w_479 -0.73 0.73 -0.27 0 0 0 65 58
f0_15 f1h_181 f2_808 -0.01 0.01 0.78 0 0 0 65 65
f0_15 f1h_187 f1h_457 0.24 -0.24 0.61 0 0 0 62 59
f0_15 f1h_187 f2_896 0.13 -0.13 0.38 0 0 0 62 60
f0_15 f1h_196 f1w_425 -0.39 0.39 0.65 0 0 0 66 63
f0_15 f1h_196 f1w_479 -0.23 0.23 0.42 0 0 0 66 58
f0_15 f1h_196 f2_700 -0.36 0.36 0.17 0 0 0 66 63
f0_15 f1h_196 f2_808 -0.17 0.17 0.43 0 0 0 66 65
f0_15 f1h_196 f2_896 -0.12 0.12 0.03 0 0 0 66 60
f0_15 f1h_412 f2_808 0.48 -0.48 0.44 0 0 0 63 65
f0_15 f1h_457 f2_740 0.02 -0.02 0.71 0 0 0 59 62
f0_15 f1w_479 f2_734 0.13 -0.22 0.01 0 0 0 58 61
f0_15 f2_81 f2_808 0.18 -0.18 0.44 0 0 0 63 65
f0_15 f2_700 f2_808 0.18 -0.18 0.71 0 0 0 63 65
f0_15 f2_734 f2_808 0.07 -0.07 0.57 0 0 0 61 65
f0_19 f0_636 f1h_434 0.29 -0.29 0.72 0 0 0 54 58
f0_19 f0_765 f1h_434 -0.19 0.19 0.81 0 0 0 55 58
f0_19 f0_765 f2_305 -0.47 0.47 0.8 0 0 0 55 61
f0_19 f0_989 f1w_451 0.37 -0.37 0.83 0 0 0 58 57
f0_19 f1w_61 f1w_451 0.49 -0.49 0.64 0 0 0 59 57
f0_19 f1w_385 f2_787 0.28 -0.28 0.78 0 0 0 55 57
f0_19 f1w_451 f2_186 0.01 -0.01 1.19 0 0 0 57 58
f0_19 f1w_451 f2_416 -0.24 0.24 0.71 0 0 0 57 51
f0_20 f0_304 f1h_4 0.54 -0.54 0.87 0 0 0 63 61
f0_20 f1h_4 f1h_409 0.09 -0.09 0.66 0 0 0 61 65
f0_21 f0_68 f2_415 -0.62 0.62 0.7 0 0 0 61 60
f0_21 f0_88 f2_879 0.41 -0.41 0.7 0 0 0 65 66
f0_21 f0_558 f2_698 -0.01 0.01 0.77 0 0 0 62 62
f0_21 f0_558 f2_879 0.6 -0.6 0.55 0 0 0 62 66
f0_21 f2_299 f2_879 0.41 -0.41 0.73 0 0 0 64 66
f0_21 f2_415 f2_879 0.37 -0.37 0.55 0 0 0 60 66
f0_22 f0_34 f2_241 0.03 -0.03 0.79 0 0 0 63 58
f0_22 f1h_35 f2_241 -0.53 0.53 0.72 0 0 0 65 58
f0_22 f2_241 f2_635 0.04 -0.04 0.61 0 0 0 58 62
f0_23 f0_56 f0_188 -0.22 0.22 0.47 0 0 0 63 65
f0_23 f0_56 f0_341 -0.23 0.23 0.59 0 0 0 63 64
f0_23 f0_56 f0_434 0.08 -0.08 0.21 0 0 0 63 66
f0_23 f0_56 f0_614 -0.01 0.01 0.82 0 0 0 63 64
f0_23 f0_56 f0_859 -0.04 0.04 0.73 0 0 0 63 64
f0_23 f0_56 f1h_84 -0.19 0.19 0.64 0 0 0 63 65
f0_23 f0_56 f1h_164 -0.17 0.17 0.7 0 0 0 63 64
f0_23 f0_56 f1h_339 0.04 -0.04 0.88 0 0 0 63 66
f0_23 f0_56 f1w_320 -0.01 0.01 0.37 0 0 0 63 64
f0_23 f0_56 f1w_449 -0.18 0.18 0.24 0 0 0 63 60
f0_23 f0_56 f2_242 0.09 -0.09 0.66 0 0 0 63 65
f0_23 f0_56 f2_873 -0.11 0.11 0.72 0 0 0 63 62
f0_23 f0_68 f0_630 -0.08 0.08 0.72 0 0 0 62 65
f0_23 f0_68 f2_873 0.23 -0.23 0.63 0 0 0 62 62
f0_23 f0_114 f1w_449 0.22 -0.22 0.54 0 0 0 66 60
f0_23 f0_188 f0_930 -0.05 0.05 0.66 0 0 0 65 66
f0_23 f0_188 f1h_387 0.06 -0.06 0.82 0 0 0 65 64
f0_23 f0_319 f0_946 0.08 -0.08 0.56 0 0 0 57 62
f0_23 f0_319 f1h_164 0.26 -0.26 0.2 0 0 0 57 64
f0_23 f0_319 f1w_320 0.49 -0.49 0.5 0 0 0 57 64
f0_23 f0_319 f1w_449 0.33 -0.33 0.45 0 0 0 57 60
f0_23 f0_341 f1w_320 0.12 -0.12 0.65 0 0 0 64 64
f0_23 f0_434 f0_859 -0.34 0.34 0.44 0 0 0 66 64
f0_23 f0_434 f0_930 -0.18 0.18 0.46 0 0 0 66 66
f0_23 f0_434 f1h_84 -0.16 0.16 0.52 0 0 0 66 65
f0_23 f0_434 f1h_387 -0.11 0.11 0.69 0 0 0 66 64
f0_23 f0_614 f1w_35 -0.05 0.05 0.77 0 0 0 64 63
f0_23 f0_614 f1w_120 -0.24 0.24 0.75 0 0 0 64 68
f0_23 f0_614 f1w_272 -0.02 0.02 0.75 0 0 0 64 63
f0_23 f0_614 f1w_320 0.13 -0.13 0.65 0 0 0 64 64
f0_23 f0_614 f1w_425 0.06 -0.06 0.95 0 0 0 64 65
f0_23 f0_614 f1w_449 -0.19 0.19 0.42 0 0 0 64 60
f0_23 f0_630 f0_930 0.06 -0.06 0.48 0 0 0 65 66
f0_23 f0_859 f1w_35 0 0 0.82 0 0 0 64 63
f0_23 f0_859 f1w_120 -0.25 0.25 0.52 0 0 0 64 68
f0_23 f0_859 f1w_320 0.15 -0.15 0.65 0 0 0 64 64
f0_23 f0_859 f1w_425 0.08 -0.08 0.85 0 0 0 64 65
f0_23 f0_859 f1w_449 -0.19 0.19 0.48 0 0 0 64 60
f0_23 f0_930 f1h_164 0.13 -0.13 0.15 0 0 0 66 64
f0_23 f0_930 f1w_449 0.24 -0.24 0.38 0 0 0 66 60
f0_23 f0_930 f2_242 0.26 -0.26 0.29 0 0 0 66 65
f0_23 f0_930 f2_700 0.43 -0.43 0.52 0 0 0 66 65
f0_23 f0_930 f2_873 0.21 -0.21 0.48 0 0 0 66 62
f0_23 f0_946 f1h_150 0.14 -0.14 0.66 0 0 0 62 65
f0_23 f0_946 f1w_320 0.27 -0.27 0.39 0 0 0 62 64
f0_23 f0_987 f1h_164 0.08 -0.08 0.68 0 0 0 66 64
f0_23 f0_987 f2_242 0.3 -0.3 0.42 0 0 0 66 65
f0_23 f1h_84 f1w_120 -0.1 0.1 0.62 0 0 0 65 68
f0_23 f1h_84 f1w_272 0.56 -0.56 0.85 0 0 0 65 63
f0_23 f1h_84 f1w_320 0.28 -0.28 0.49 0 0 0 65 64
f0_23 f1h_84 f1w_425 0.2 -0.2 0.89 0 0 0 65 65
f0_23 f1h_84 f1w_449 0.14 -0.14 0.43 0 0 0 65 60
f0_23 f1h_150 f1h_164 0.12 -0.12 0.54 0 0 0 65 64
f0_23 f1h_150 f1w_449 0.08 -0.08 0.5 0 0 0 65 60
f0_23 f1h_164 f1h_387 0.06 -0.06 0.24 0 0 0 64 64
f0_23 f1h_164 f1w_35 0.15 -0.15 0.92 0 0 0 64 63
f0_23 f1h_164 f1w_120 -0.1 0.1 0.67 0 0 0 64 68
f0_23 f1h_164 f1w_482 -0.03 0.03 0.79 0 0 0 64 66
f0_23 f1h_164 f2_399 -0.17 0.17 0.6 0 0 0 64 68
f0_23 f1h_164 f2_921 0.11 -0.11 0.53 0 0 0 64 67
f0_23 f1h_339 f1w_449 -0.34 0.34 0.41 0 0 0 66 60
f0_23 f1h_387 f1w_320 0.23 -0.23 0.3 0 0 0 64 64
f0_23 f1h_387 f1w_449 0.14 -0.14 0.69 0 0 0 64 60
f0_23 f1h_387 f2_242 -0.18 0.18 0.18 0 0 0 64 65
f0_23 f1h_387 f2_873 -0.06 0.06 0.1 0 0 0 64 62
f0_23 f1w_35 f1w_320 0.17 -0.17 0.63 0 0 0 63 64
f0_23 f1w_120 f2_242 0.23 -0.23 0.44 0 0 0 68 65
f0_23 f1w_320 f1w_449 -0.14 0.14 0.35 0 0 0 64 60
f0_23 f1w_320 f2_157 -0.56 0.56 0.51 0 0 0 64 61
f0_23 f1w_320 f2_399 -0.37 0.37 0.72 0 0 0 64 68
f0_23 f1w_320 f2_901 -0.25 0.25 0.9 0 0 0 64 64
f0_23 f1w_320 f2_921 -0.2 0.2 0.44 0 0 0 64 67
f0_23 f1w_425 f2_157 -0.47 0.47 0.78 0 0 0 65 61
f0_23 f1w_449 f2_157 -0.32 0.32 0.27 0 0 0 60 61
f0_23 f1w_449 f2_242 0.19 -0.19 0.52 0 0 0 60 65
f0_23 f1w_449 f2_873 0.12 -0.12 0.4 0 0 0 60 62
f0_23 f2_242 f2_921 -0.08 0.08 0.81 0 0 0 65 67
f0_23 f2_873 f2_921 0.12 -0.12 0.88 0 0 0 62 67
f0_24 f0_27 f0_307 0.08 -0.08 0.61 0 0 0 56 54
f0_24 f0_72 f0_219 0.8 -0.8 0.41 0 0 0 60 60
f0_24 f0_95 f0_219 0.48 -0.48 0.43 0 0 0 58 60
f0_24 f0_133 f0_219 0.33 -0.33 0.07 0 0 0 60 60
f0_24 f0_152 f0_336 -0.16 0.16 0.78 0 0 0 58 58
f0_24 f0_219 f0_372 -0.89 0.89 0.93 0 0 0 60 60
f0_24 f0_219 f0_421 -0.63 0.63 0.13 0 0 0 60 58
f0_24 f0_219 f1h_90 -1.07 1.07 0.44 0 0 0 60 57
f0_24 f0_219 f1h_274 -1.01 1.01 0.81 0 0 0 60 57
f0_24 f0_219 f1w_276 -0.48 0.48 0.19 0 0 0 60 58
f0_24 f0_258 f1h_90 0.03 -0.03 0.57 0 0 0 57 57
f0_24 f1h_90 f1w_298 0.09 -0.09 0.44 0 0 0 57 57
f0_25 f0_448 f0_914 -0.14 0.14 0.94 0 0 0 61 65
f0_25 f0_448 f1w_285 -0.08 0.08 1.12 0 0 0 61 57
f0_25 f0_448 f2_21 -0.06 0.06 0.83 0 0 0 61 64
f0_25 f0_448 f2_696 0.04 -0.04 1.12 0 0 0 61 65
f0_25 f0_759 f1w_285 0.12 -0.12 0.98 0 0 0 65 57
f0_25 f0_759 f2_21 -0.12 0.12 1.07 0 0 0 65 64
f0_25 f0_759 f2_696 0.21 -0.21 0.98 0 0 0 65 65
f0_25 f0_914 f2_99 -0.06 0.06 0.92 0 0 0 65 64
f0_25 f1h_494 f1w_285 -0.01 0.01 1.02 0 0 0 65 57
f0_25 f1h_494 f2_21 -0.04 0.04 0.93 0 0 0 65 64
f0_25 f1h_494 f2_696 0.48 -0.48 0.63 0 0 0 65 65
f0_25 f2_99 f2_696 -0.1 0.1 0.74 0 0 0 64 65
f0_26 f0_19 f0_879 0.12 -0.12 0.88 0 0 0 56 60
f0_26 f0_19 f1h_2 0 0 0.96 0 0 0 56 63
f0_26 f0_19 f2_427 -0.26 0.26 0.87 0 0 0 56 63
f0_26 f0_74 f0_465 0.38 -0.38 0.65 0 0 0 63 62
f0_26 f0_74 f0_879 0.3 -0.3 0.89 0 0 0 63 60
f0_26 f0_74 f1w_222 0.44 -0.44 0.78 0 0 0 63 64
f0_26 f0_465 f2_817 -0.02 0.02 1.29 0 0 0 62 58
f0_26 f0_476 f1h_127 0.46 -0.46 0.9 0 0 0 62 58
f0_26 f0_573 f1h_127 0.46 -0.46 0.59 0 0 0 62 58
f0_26 f0_836 f2_145 -0.15 0.15 0.91 0 0 0 62 62
f0_26 f0_923 f1h_2 0.27 -0.27 0.61 0 0 0 64 63
f0_26 f0_923 f2_145 0.2 -0.2 0.54 0 0 0 64 62
f0_26 f1h_127 f1w_30 -0.44 0.44 0.68 0 0 0 58 61
f0_26 f1h_127 f2_145 -0.43 0.43 0.24 0 0 0 58 62
f0_26 f1h_127 f2_817 -0.66 0.66 -0.26 0 0 0 58 58
f0_27 f0_8 f1w_100 -0.02 0.02 1.28 0 0 0 62 66
f0_27 f0_8 f2_241 -0.4 0.4 0.61 0 0 0 62 57
f0_27 f0_24 f1h_103 0.22 -0.22 0.64 0 0 0 56 64
f0_27 f0_24 f1w_399 -0.18 0.18 0.48 0 0 0 56 63
f0_27 f0_24 f2_945 0.89 -0.89 0.48 0 0 0 56 58
f0_27 f0_71 f2_138 -0.09 0.09 0.76 0 0 0 64 60
f0_27 f0_524 f1h_163 -0.27 0.27 0.5 0 0 0 63 60
f0_27 f0_524 f2_778 -0.36 0.36 0.5 0 0 0 63 65
f0_27 f0_876 f2_945 0.79 -0.79 0.77 0 0 0 63 58
f0_27 f1h_62 f1h_238 0.12 -0.12 0.79 0 0 0 64 61
f0_27 f1h_62 f1w_323 0.32 -0.32 1.02 0 0 0 64 64
f0_27 f1h_90 f1h_238 0.07 -0.07 0.39 0 0 0 59 61
f0_27 f1h_90 f1w_323 0.7 -0.7 0.4 0 0 0 59 64
f0_27 f1h_90 f2_574 -0.13 0.13 0.48 0 0 0 59 62
f0_27 f1h_238 f2_138 -0.3 0.3 0.61 0 0 0 61 60
f0_27 f1h_238 f2_223 -0.07 0.07 0.47 0 0 0 61 63
f0_27 f1h_238 f2_277 -0.21 0.21 0.64 0 0 0 61 64
f0_27 f1w_455 f2_223 0.67 -0.67 0.56 0 0 0 64 63
f0_27 f1w_455 f2_241 0.21 -0.21 0.32 0 0 0 64 57
f0_27 f2_138 f2_241 -0.05 0.05 0.77 0 0 0 60 57
f0_27 f2_138 f2_945 0.78 -0.78 0.57 0 0 0 60 58
f0_27 f2_931 f2_945 0.38 -0.38 0.5 0 0 0 63 58
f0_28 f1h_222 f2_398 -0.51 0.51 0.64 0 0 0 64 66
f0_29 f0_740 f0_960 -0.35 0.35 0.72 0 0 0 59 58
f0_29 f0_740 f1h_171 -0.21 0.21 0.89 0 0 0 59 59
f0_29 f0_960 f1h_404 0.01 -0.01 1.11 0 0 0 58 59
f0_29 f0_960 f2_416 -0.03 0.03 0.97 0 0 0 58 56
f0_31 f0_140 f1h_205 0.88 -0.88 0.98 0 0 0 64 72
f0_31 f1h_205 f2_297 -1.08 1.08 1.07 0 0 0 72 67
f0_32 f0_13 f2_106 0.08 -0.08 0.47 0 0 0 62 61
f0_32 f0_40 f2_106 0.41 -0.41 0.7 0 0 0 61 61
f0_32 f0_67 f1h_207 0.16 -0.16 0.36 0 0 0 63 60
f0_32 f0_68 f2_502 -0.33 0.33 0.35 0 0 0 60 61
f0_32 f0_791 f1h_207 0.29 -0.29 0.56 0 0 0 58 60
f0_32 f1h_310 f1w_47 -0.6 0.6 0.94 0 0 0 64 65
f0_32 f1h_310 f2_997 -0.63 0.63 0.73 0 0 0 64 59
f0_32 f2_55 f2_106 0.29 -0.29 0.33 0 0 0 58 61
f0_32 f2_55 f2_502 -0.15 0.15 0.61 0 0 0 58 61
f0_34 f0_78 f0_524 0.03 -0.03 1.43 0 0 0 68 64
f0_34 f0_82 f1h_161 -0.13 0.13 0.1 0 0 0 63 63
f0_34 f0_82 f1w_39 0.04 -0.04 0.51 0 0 0 63 70
f0_34 f0_164 f1w_39 0.71 -0.71 1.01 0 0 0 64 70
f0_34 f0_280 f1h_434 0.1 -0.1 1.35 0 0 0 70 67
f0_34 f0_448 f2_498 -0.3 0.3 0.8 0 0 0 64 60
f0_34 f0_524 f1h_434 0.13 -0.13 1.13 0 0 0 64 67
f0_34 f0_524 f1w_39 -0.18 0.18 0.63 0 0 0 64 70
f0_34 f1h_233 f2_498 -0.76 0.76 0.93 0 0 0 66 60
f0_34 f1h_434 f2_945 -0.85 0.85 0.65 0 0 0 67 59
f0_36 f0_85 f0_614 0.18 -0.18 0.9 0 0 0 67 62
f0_36 f0_85 f2_392 -0.25 0.25 0.79 0 0 0 67 61
f0_36 f0_404 f0_614 0.37 -0.37 0.61 0 0 0 63 62
f0_36 f0_614 f1w_433 -0.39 0.39 0.74 0 0 0 62 61
f0_36 f0_614 f1w_482 -0.22 0.22 0.59 0 0 0 62 65
f0_36 f0_614 f2_269 0.16 -0.16 0.65 0 0 0 62 65
f0_36 f0_614 f2_843 -0.64 0.64 0.25 0 0 0 62 62
f0_36 f1w_285 f2_269 0.65 -0.65 0.63 0 0 0 57 65
f0_36 f2_1 f2_392 0.24 -0.24 0.99 0 0 0 60 61
f0_36 f2_392 f2_931 0.3 -0.3 0.77 0 0 0 61 64
f0_38 f0_4 f0_960 0.21 -0.21 0.53 0 0 0 66 64
f0_38 f0_29 f0_459 0.04 -0.04 -0.27 0 0 0 59 63
f0_38 f0_29 f0_685 0.01 -0.01 0.49 0 0 0 59 57
f0_38 f0_50 f0_459 0.45 -0.45 0.46 0 0 0 62 63
f0_38 f0_50 f0_960 0.38 -0.38 0.6 0 0 0 62 64
f0_38 f0_50 f1w_141 0.31 -0.31 0.45 0 0 0 62 62
f0_38 f0_56 f0_685 0.04 -0.04 0.14 0 0 0 63 57
f0_38 f0_56 f1h_161 0.19 -0.19 0.47 0 0 0 63 64
f0_38 f0_192 f0_459 0.03 -0.03 0.39 0 0 0 62 63
f0_38 f0_192 f2_644 0.13 -0.13 0.8 0 0 0 62 61
f0_38 f0_192 f2_728 -0.05 0.05 0.29 0 0 0 62 61
f0_38 f0_195 f0_459 0.29 -0.29 0.71 0 0 0 66 63
f0_38 f0_195 f0_960 0.39 -0.39 0.68 0 0 0 66 64
f0_38 f0_459 f0_599 0.09 -0.09 0.32 0 0 0 63 68
f0_38 f0_459 f1h_161 -0.17 0.17 0.11 0 0 0 63 64
f0_38 f0_459 f1h_391 -0.29 0.29 0.1 0 0 0 63 70
f0_38 f0_459 f2_77 -0.28 0.28 0.77 0 0 0 63 63
f0_38 f0_459 f2_99 0.61 -0.61 0.46 0 0 0 63 66
f0_38 f0_459 f2_728 -0.24 0.24 0.31 0 0 0 63 61
f0_38 f0_459 f2_817 -0.1 0.1 0.63 0 0 0 63 60
f0_38 f0_459 f2_895 0.38 -0.38 0.56 0 0 0 63 62
f0_38 f0_459 f2_941 0.02 -0.02 0.15 0 0 0 63 65
f0_38 f0_596 f0_685 -0.08 0.08 0.39 0 0 0 66 57
f0_38 f0_596 f1w_84 0.2 -0.2 0.7 0 0 0 66 66
f0_38 f0_596 f2_99 0.9 -0.9 0.4 0 0 0 66 66
f0_38 f0_599 f1w_84 -0.09 0.09 0.77 0 0 0 68 66
f0_38 f0_599 f1w_141 -0.06 0.06 0.47 0 0 0 68 62
f0_38 f0_599 f1w_425 -0.36 0.36 0.88 0 0 0 68 67
f0_38 f0_599 f2_787 -0.19 0.19 0.41 0 0 0 68 64
f0_38 f0_599 f2_817 -0.28 0.28 0.66 0 0 0 68 60
f0_38 f0_685 f0_960 0.57 -0.57 0.33 0 0 0 57 64
f0_38 f0_759 f1h_391 -0.17 0.17 0.49 0 0 0 66 70
f0_38 f0_759 f1w_84 -0.09 0.09 0.78 0 0 0 66 66
f0_38 f0_765 f1h_391 0.07 -0.07 0.45 0 0 0 59 70
f0_38 f0_960 f1h_391 -0.54 0.54 0.06 0 0 0 64 70
f0_38 f0_960 f1w_84 -0.39 0.39 0.79 0 0 0 64 66
f0_38 f0_960 f2_99 0.33 -0.33 0.3 0 0 0 64 66
f0_38 f0_960 f2_275 -0.52 0.52 0.42 0 0 0 64 65
f0_38 f0_960 f2_728 -0.3 0.3 0.06 0 0 0 64 61
f0_38 f0_960 f2_895 0.08 -0.08 0.84 0 0 0 64 62
f0_38 f1h_161 f1h_391 -0.12 0.12 0.24 0 0 0 64 70
f0_38 f1h_161 f1w_84 0.07 -0.07 0.65 0 0 0 64 66
f0_38 f1h_161 f1w_141 -0.01 0.01 0.57 0 0 0 64 62
f0_38 f1h_161 f2_644 0.34 -0.34 0.28 0 0 0 64 61
f0_38 f1h_161 f2_728 -0.09 0.09 0.22 0 0 0 64 61
f0_38 f1h_161 f2_761 -0.21 0.21 0.56 0 0 0 64 60
f0_38 f1h_161 f2_817 -0.11 0.11 0.23 0 0 0 64 60
f0_38 f1h_391 f1w_141 0.31 -0.31 0.1 0 0 0 70 62
f0_38 f1h_391 f2_99 0.99 -0.99 0.33 0 0 0 70 66
f0_38 f1h_391 f2_787 0.17 -0.17 0.46 0 0 0 70 64
f0_38 f1w_84 f2_895 0.39 -0.39 0.52 0 0 0 66 62
f0_38 f1w_141 f2_895 0.42 -0.42 0.65 0 0 0 62 62
f0_38 f1w_141 f2_941 -0.26 0.26 0.67 0 0 0 62 65
f0_38 f1w_425 f2_895 0.58 -0.58 0.67 0 0 0 67 62
f0_38 f2_275 f2_644 0.45 -0.45 0.28 0 0 0 65 61
f0_38 f2_275 f2_787 0.32 -0.32 0.52 0 0 0 65 64
f0_38 f2_728 f2_787 0.16 -0.16 0.63 0 0 0 61 64
f0_38 f2_787 f2_895 0.48 -0.48 0.45 0 0 0 64 62
f0_39 f0_98 f0_588 -0.61 0.61 0.79 0 0 0 68 57
f0_39 f0_175 f2_283 0.03 -0.03 0.9 0 0 0 66 63
f0_39 f0_588 f1h_381 0.41 -0.41 0.61 0 0 0 57 67
f0_39 f1h_282 f2_3 -0.02 0.02 1.28 0 0 0 65 66
f0_39 f1h_381 f2_283 0.03 -0.03 0.39 0 0 0 67 63
f0_39 f2_3 f2_157 -0.72 0.72 0.48 0 0 0 66 60
f0_40 f0_32 f0_133 -0.15 0.15 0.34 0 0 0 61 65
f0_40 f0_32 f1w_432 0.18 -0.18 0.73 0 0 0 61 60
f0_41 f0_61 f0_992 -0.05 0.05 0.69 0 0 0 66 67
f0_41 f0_120 f2_679 -0.12 0.12 0.53 0 0 0 64 60
f0_41 f0_229 f2_647 0.32 -0.32 -0.16 0 0 0 63 61
f0_41 f0_319 f0_936 0.12 -0.12 0.53 0 0 0 58 63
f0_41 f0_557 f2_679 0.35 -0.35 0.43 0 0 0 65 60
f0_41 f0_711 f2_647 -0.06 0.06 0.54 0 0 0 66 61
f0_41 f0_936 f0_953 0.13 -0.13 0.77 0 0 0 63 66
f0_41 f0_936 f1h_184 -0.2 0.2 0.21 0 0 0 63 67
f0_41 f0_936 f2_679 -0.03 0.03 0.22 0 0 0 63 60
f0_41 f0_992 f1h_184 -0.02 0.02 0.49 0 0 0 67 67
f0_41 f0_992 f2_306 -0.18 0.18 0.37 0 0 0 67 65
f0_41 f0_992 f2_679 0.26 -0.26 0.38 0 0 0 67 60
f0_41 f1h_184 f2_647 0.19 -0.19 0.37 0 0 0 67 61
f0_41 f1w_281 f2_647 0.07 -0.07 0.54 0 0 0 64 61
f0_41 f1w_491 f2_679 0.19 -0.19 0.34 0 0 0 68 60
f0_41 f2_138 f2_306 0.09 -0.09 0.83 0 0 0 63 65
f0_41 f2_175 f2_647 0.08 -0.08 0.22 0 0 0 62 61
f0_41 f2_175 f2_679 0.39 -0.39 0.12 0 0 0 62 60
f0_41 f2_306 f2_640 -0.03 0.03 0.46 0 0 0 65 60
f0_41 f2_363 f2_679 0.26 -0.26 0.06 0 0 0 62 60
f0_41 f2_485 f2_647 0.11 -0.11 0.46 0 0 0 66 61
f0_41 f2_640 f2_647 -0.34 0.34 0.57 0 0 0 60 61
f0_42 f0_43 f0_219 -0.18 0.18 1.03 0 0 0 67 66
f0_42 f0_43 f1h_164 -0.5 0.5 0.88 0 0 0 67 65
f0_42 f0_102 f1h_289 -0.46 0.46 0.79 0 0 0 68 69
f0_42 f0_219 f2_47 -0.32 0.32 0.52 0 0 0 66 64
f0_42 f0_645 f0_748 -0.26 0.26 0.41 0 0 0 64 66
f0_42 f0_645 f1w_157 -0.21 0.21 0.36 0 0 0 64 64
f0_42 f0_645 f2_47 -0.32 0.32 0.51 0 0 0 64 64
f0_42 f0_748 f1h_62 0.58 -0.58 0.76 0 0 0 66 65
f0_42 f1h_62 f2_297 -0.53 0.53 0.77 0 0 0 65 66
f0_42 f1h_164 f1h_289 0.18 -0.18 0.66 0 0 0 65 69
f0_43 f0_230 f1h_405 -0.4 0.4 0.94 0 0 0 68 66
f0_43 f0_486 f1w_440 0.12 -0.12 0.64 0 0 0 67 59
f0_43 f1w_440 f2_409 0.12 -0.12 0.82 0 0 0 59 66
f0_44 f0_46 f1h_438 0.05 -0.05 0.66 0 0 0 68 68
f0_44 f0_240 f1h_76 0.04 -0.04 0.94 0 0 0 66 64
f0_44 f0_457 f2_112 0.12 -0.12 0.68 0 0 0 65 71
f0_44 f0_768 f1h_438 0.63 -0.63 1.13 0 0 0 68 68
f0_44 f0_841 f1h_243 0.5 -0.5 0.47 0 0 0 65 63
f0_44 f0_841 f1h_328 -0.14 0.14 0.85 0 0 0 65 68
f0_44 f0_841 f1w_136 -0.15 0.15 0.21 0 0 0 65 65
f0_44 f0_841 f2_384 0.32 -0.32 0.92 0 0 0 65 68
f0_44 f0_841 f2_503 0.15 -0.15 0.57 0 0 0 65 66
f0_44 f0_861 f2_744 0.29 -0.29 0.19 0 0 0 70 68
f0_44 f1h_76 f1h_243 0.27 -0.27 0.83 0 0 0 64 63
f0_44 f1h_76 f2_503 -0.02 0.02 0.82 0 0 0 64 66
f0_44 f1h_173 f1h_438 0.35 -0.35 0.71 0 0 0 69 68
f0_44 f1h_173 f2_145 -0.06 0.06 0.79 0 0 0 69 67
f0_44 f1h_243 f1w_412 0.2 -0.2 0.16 0 0 0 63 68
f0_44 f1h_438 f1w_68 0.33 -0.33 0.57 0 0 0 68 68
f0_44 f1h_438 f1w_102 -0.74 0.74 0.82 0 0 0 68 67
f0_44 f1h_438 f1w_214 0.2 -0.2 0.53 0 0 0 68 63
f0_44 f1h_438 f1w_409 -0.02 0.02 0.37 0 0 0 68 65
f0_44 f1h_438 f1w_412 0.08 -0.08 0.52 0 0 0 68 68
f0_44 f1h_438 f2_226 -0.49 0.49 1.01 0 0 0 68 68
f0_44 f1h_438 f2_503 0.48 -0.48 -0.03 0 0 0 68 66
f0_44 f1h_438 f2_744 0.16 -0.16 0.57 0 0 0 68 68
f0_44 f1h_438 f2_901 -0.07 0.07 0.66 0 0 0 68 68
f0_44 f1h_489 f1w_412 0.27 -0.27 0.89 0 0 0 65 68
f0_44 f1w_68 f2_744 0.31 -0.31 0.74 0 0 0 68 68
f0_44 f1w_68 f2_944 -0.05 0.05 -0.2 0 0 0 68 67
f0_44 f1w_136 f2_226 0.53 -0.53 -0.21 0 0 0 65 68
f0_44 f1w_136 f2_925 0.07 -0.07 0.93 0 0 0 65 61
f0_44 f1w_136 f2_944 0.08 -0.08 0.26 0 0 0 65 67
f0_44 f2_108 f2_226 0.16 -0.16 0.92 0 0 0 67 68
f0_44 f2_108 f2_744 0.15 -0.15 0.79 0 0 0 67 68
f0_44 f2_145 f2_226 0.43 -0.43 0.49 0 0 0 67 68
f0_44 f2_145 f2_744 0.36 -0.36 0.38 0 0 0 67 68
f0_45 f0_68 f1h_407 0.49 -0.49 0.31 0 0 0 65 66
f0_45 f0_68 f1w_389 -0.24 0.24 0.16 0 0 0 65 65
f0_45 f0_68 f1w_459 0.54 -0.54 0.11 0 0 0 65 64
f0_45 f0_68 f2_558 0.38 -0.38 0.05 0 0 0 65 61
f0_45 f0_76 f0_470 0.02 -0.02 -0.02 0 0 0 60 62
f0_45 f0_76 f0_838 -0.17 0.17 0.43 0 0 0 60 64
f0_45 f0_76 f1h_128 0.25 -0.25 0.29 0 0 0 60 65
f0_45 f0_76 f1h_387 0.18 -0.18 0.57 0 0 0 60 66
f0_45 f0_76 f1h_404 0.03 -0.03 0.52 0 0 0 60 66
f0_45 f0_76 f1h_407 0.36 -0.36 0.2 0 0 0 60 66
f0_45 f0_76 f1w_82 -0.11 0.11 0.55 0 0 0 60 65
f0_45 f0_76 f2_242 0.31 -0.31 0.64 0 0 0 60 67
f0_45 f0_76 f2_534 0.02 -0.02 0.39 0 0 0 60 65
f0_45 f0_85 f0_987 0 0 0.89 0 0 0 68 66
f0_45 f0_85 f1h_108 -0.02 0.02 0.32 0 0 0 68 70
f0_45 f0_85 f2_14 -0.05 0.05 0.72 0 0 0 68 64
f0_45 f0_94 f0_290 0.23 -0.23 0.17 0 0 0 66 64
f0_45 f0_94 f0_470 -0.09 0.09 0.45 0 0 0 66 62
f0_45 f0_94 f0_769 0.03 -0.03 0.4 0 0 0 66 65
f0_45 f0_94 f2_289 -0.2 0.2 0.52 0 0 0 66 66
f0_45 f0_94 f2_558 0.01 -0.01 0.18 0 0 0 66 61
f0_45 f0_94 f2_728 -0.13 0.13 0.58 0 0 0 66 61
f0_45 f0_94 f2_781 -0.11 0.11 0.42 0 0 0 66 63
f0_45 f0_104 f0_987 -0.26 0.26 1 0 0 0 66 66
f0_45 f0_104 f1h_108 -0.27 0.27 0.69 0 0 0 66 70
f0_45 f0_104 f2_14 0.08 -0.08 0.24 0 0 0 66 64
f0_45 f0_163 f1h_128 0.14 -0.14 0.97 0 0 0 68 65
f0_45 f0_172 f0_987 -0.15 0.15 0.88 0 0 0 66 66
f0_45 f0_172 f1h_108 -0.1 0.1 0.79 0 0 0 66 70
f0_45 f0_172 f1w_34 -0.11 0.11 0.68 0 0 0 66 64
f0_45 f0_172 f2_14 -0.18 0.18 0.69 0 0 0 66 64
f0_45 f0_197 f2_242 -0.11 0.11 -0.16 0 0 0 65 67
f0_45 f0_254 f1h_407 0.46 -0.46 1.32 0 0 0 69 66
f0_45 f0_290 f0_987 -0.54 0.54 0.33 0 0 0 64 66
f0_45 f0_290 f0_988 -0.07 0.07 0.56 0 0 0 64 64
f0_45 f0_290 f1h_108 -0.31 0.31 0.1 0 0 0 64 70
f0_45 f0_290 f1h_407 -0.06 0.06 0.54 0 0 0 64 66
f0_45 f0_290 f1w_34 -0.49 0.49 0.4 0 0 0 64 64
f0_45 f0_290 f2_14 -0.46 0.46 0.2 0 0 0 64 64
f0_45 f0_470 f0_987 0.25 -0.25 0.53 0 0 0 62 66
f0_45 f0_470 f1h_108 0.18 -0.18 0.54 0 0 0 62 70
f0_45 f0_470 f1h_407 -0.06 0.06 0.26 0 0 0 62 66
f0_45 f0_470 f2_14 0.2 -0.2 0.54 0 0 0 62 64
f0_45 f0_645 f1h_150 0 0 0.45 0 0 0 64 67
f0_45 f0_645 f1w_389 -0.06 0.06 0.24 0 0 0 64 65
f0_45 f0_769 f1h_407 0.55 -0.55 0.7 0 0 0 65 66
f0_45 f0_838 f2_103 0.14 -0.14 0.81 0 0 0 64 67
f0_45 f0_838 f2_781 0.12 -0.12 0.9 0 0 0 64 63
f0_45 f0_987 f1h_404 -0.03 0.03 0.95 0 0 0 66 66
f0_45 f0_987 f2_289 0.18 -0.18 0.83 0 0 0 66 66
f0_45 f0_987 f2_558 -0.05 0.05 0.67 0 0 0 66 61
f0_45 f0_988 f2_242 -0.28 0.28 0.95 0 0 0 64 67
f0_45 f0_988 f2_558 -0.47 0.47 0.54 0 0 0 64 61
f0_45 f1h_16 f1h_108 0.41 -0.41 0.23 0 0 0 64 70
f0_45 f1h_108 f1h_128 0.18 -0.18 0.63 0 0 0 70 65
f0_45 f1h_108 f1h_404 -0.03 0.03 0.87 0 0 0 70 66
f0_45 f1h_108 f1w_115 -0.04 0.04 0.62 0 0 0 70 62
f0_45 f1h_108 f1w_159 0.07 -0.07 0.56 0 0 0 70 67
f0_45 f1h_108 f2_242 0.17 -0.17 0.56 0 0 0 70 67
f0_45 f1h_108 f2_289 -0.27 0.27 0.52 0 0 0 70 66
f0_45 f1h_108 f2_324 -0.07 0.07 0.91 0 0 0 70 65
f0_45 f1h_108 f2_534 0.01 -0.01 0.51 0 0 0 70 65
f0_45 f1h_108 f2_558 0.13 -0.13 0.24 0 0 0 70 61
f0_45 f1h_128 f2_14 -0.17 0.17 0.15 0 0 0 65 64
f0_45 f1h_128 f2_242 0.04 -0.04 0.42 0 0 0 65 67
f0_45 f1h_150 f1w_251 0.15 -0.15 0.53 0 0 0 67 62
f0_45 f1h_150 f2_92 -0.01 0.01 0.67 0 0 0 67 63
f0_45 f1h_150 f2_728 0.11 -0.11 0.24 0 0 0 67 61
f0_45 f1h_387 f1w_459 0.35 -0.35 0.33 0 0 0 66 64
f0_45 f1h_387 f2_14 -0.17 0.17 0.61 0 0 0 66 64
f0_45 f1h_394 f2_728 -0.07 0.07 0.4 0 0 0 66 61
f0_45 f1h_404 f2_14 -0.03 0.03 0.77 0 0 0 66 64
f0_45 f1h_407 f1w_281 -0.15 0.15 0.29 0 0 0 66 62
f0_45 f1h_407 f2_242 0.05 -0.05 0.55 0 0 0 66 67
f0_45 f1h_407 f2_781 -0.14 0.14 0.52 0 0 0 66 63
f0_45 f1w_115 f2_14 -0.29 0.29 0.14 0 0 0 62 64
f0_45 f1w_159 f2_14 -0.15 0.15 0.57 0 0 0 67 64
f0_45 f1w_251 f1w_389 -0.25 0.25 0.39 0 0 0 62 65
f0_45 f1w_264 f2_558 0.05 -0.05 0.76 0 0 0 65 61
f0_45 f1w_281 f1w_389 -0.17 0.17 0.38 0 0 0 62 65
f0_45 f1w_389 f2_14 0.2 -0.2 0.15 0 0 0 65 64
f0_45 f1w_389 f2_92 -0.02 0.02 0.25 0 0 0 65 63
f0_45 f1w_389 f2_103 0.16 -0.16 0.6 0 0 0 65 67
f0_45 f1w_389 f2_242 0.47 -0.47 0.25 0 0 0 65 67
f0_45 f1w_459 f2_242 -0.1 0.1 0.99 0 0 0 64 67
f0_45 f2_14 f2_242 0.25 -0.25 0.13 0 0 0 64 67
f0_45 f2_14 f2_289 0.21 -0.21 0.86 0 0 0 64 66
f0_45 f2_14 f2_324 -0.01 0.01 0.75 0 0 0 64 65
f0_45 f2_14 f2_558 -0.02 0.02 0.63 0 0 0 64 61
f0_45 f2_14 f2_728 0.02 -0.02 0.24 0 0 0 64 61
f0_45 f2_92 f2_558 0.1 -0.1 0.77 0 0 0 63 61
f0_46 f0_10 f0_28 -0.05 0.05 0.71 0 0 0 65 68
f0_46 f0_10 f0_555 0.13 -0.13 -0.05 0 0 0 65 65
f0_46 f0_10 f0_844 0.13 -0.13 0.82 0 0 0 65 64
f0_46 f0_10 f1h_425 -0.18 0.18 0.44 0 0 0 65 67
f0_46 f0_10 f2_456 0.17 -0.17 0.58 0 0 0 65 61
f0_46 f0_28 f0_44 -0.1 0.1 0.74 0 0 0 68 68
f0_46 f0_28 f0_748 0 0 0.46 0 0 0 68 65
f0_46 f0_28 f1h_243 -0.17 0.17 0.53 0 0 0 68 63
f0_46 f0_28 f2_47 0.13 -0.13 0.63 0 0 0 68 65
f0_46 f0_28 f2_870 -0.01 0.01 0.82 0 0 0 68 70
f0_46 f0_44 f0_56 0.24 -0.24 0.6 0 0 0 68 63
f0_46 f0_44 f0_180 0.1 -0.1 0.63 0 0 0 68 67
f0_46 f0_44 f0_829 0.72 -0.72 0.17 0 0 0 68 58
f0_46 f0_44 f0_930 0.48 -0.48 0.53 0 0 0 68 67
f0_46 f0_44 f1h_425 -0.07 0.07 0.72 0 0 0 68 67
f0_46 f0_56 f0_180 -0.2 0.2 0.14 0 0 0 63 67
f0_46 f0_56 f0_748 -0.09 0.09 0.64 0 0 0 63 65
f0_46 f0_56 f2_456 -0.05 0.05 0.56 0 0 0 63 61
f0_46 f0_56 f2_491 0.27 -0.27 0.77 0 0 0 63 66
f0_46 f0_137 f2_456 -0.13 0.13 0.47 0 0 0 64 61
f0_46 f0_139 f0_180 -0.06 0.06 0.42 0 0 0 64 67
f0_46 f0_139 f0_555 0.04 -0.04 0.83 0 0 0 64 65
f0_46 f0_139 f0_829 0.48 -0.48 0.68 0 0 0 64 58
f0_46 f0_139 f0_930 0.2 -0.2 0.59 0 0 0 64 67
f0_46 f0_180 f0_748 0.06 -0.06 0.35 0 0 0 67 65
f0_46 f0_180 f0_768 0.07 -0.07 0.81 0 0 0 67 68
f0_46 f0_180 f0_807 -0.09 0.09 0.46 0 0 0 67 65
f0_46 f0_180 f0_844 0.22 -0.22 0.46 0 0 0 67 64
f0_46 f0_180 f0_866 0.1 -0.1 0.8 0 0 0 67 60
f0_46 f0_180 f0_930 0.16 -0.16 0.55 0 0 0 67 67
f0_46 f0_180 f1h_243 0.19 -0.19 0.66 0 0 0 67 63
f0_46 f0_180 f1w_68 -0.07 0.07 0.64 0 0 0 67 66
f0_46 f0_180 f1w_107 0.32 -0.32 0.38 0 0 0 67 64
f0_46 f0_180 f1w_143 -0.12 0.12 0.3 0 0 0 67 68
f0_46 f0_180 f2_47 0.13 -0.13 0.15 0 0 0 67 65
f0_46 f0_180 f2_186 0.3 -0.3 0.69 0 0 0 67 67
f0_46 f0_180 f2_456 0.2 -0.2 0.17 0 0 0 67 61
f0_46 f0_180 f2_547 -0.05 0.05 0.56 0 0 0 67 68
f0_46 f0_486 f0_930 0.51 -0.51 0.36 0 0 0 65 67
f0_46 f0_555 f0_748 -0.05 0.05 0.37 0 0 0 65 65
f0_46 f0_555 f1h_243 -0.34 0.34 0.03 0 0 0 65 63
f0_46 f0_555 f1w_68 -0.03 0.03 0.91 0 0 0 65 66
f0_46 f0_555 f2_90 -0.18 0.18 0.82 0 0 0 65 61
f0_46 f0_555 f2_456 0.18 -0.18 0.64 0 0 0 65 61
f0_46 f0_555 f2_547 -0.03 0.03 0.85 0 0 0 65 68
f0_46 f0_555 f2_644 0.24 -0.24 0.42 0 0 0 65 63
f0_46 f0_555 f2_892 0.1 -0.1 0.9 0 0 0 65 63
f0_46 f0_748 f0_829 0.7 -0.7 -0.06 0 0 0 65 58
f0_46 f0_748 f0_844 0.11 -0.11 0.82 0 0 0 65 64
f0_46 f0_748 f0_930 0.28 -0.28 0.48 0 0 0 65 67
f0_46 f0_748 f1h_425 -0.23 0.23 0.43 0 0 0 65 67
f0_46 f0_748 f1w_107 0.15 -0.15 0.49 0 0 0 65 64
f0_46 f0_748 f1w_143 -0.13 0.13 0.56 0 0 0 65 68
f0_46 f0_748 f2_90 -0.17 0.17 0.22 0 0 0 65 61
f0_46 f0_807 f2_456 0.2 -0.2 0.78 0 0 0 65 61
f0_46 f0_829 f0_930 -0.22 0.22 0.28 0 0 0 58 67
f0_46 f0_829 f1w_68 -0.49 0.49 0.49 0 0 0 58 66
f0_46 f0_829 f2_186 -0.26 0.26 0.08 0 0 0 58 67
f0_46 f0_829 f2_456 -0.29 0.29 0.51 0 0 0 58 61
f0_46 f0_829 f2_491 -0.24 0.24 0.85 0 0 0 58 66
f0_46 f0_829 f2_547 -0.46 0.46 0.49 0 0 0 58 68
f0_46 f0_844 f1h_243 0 0 0.89 0 0 0 64 63
f0_46 f0_844 f2_491 0.4 -0.4 0.99 0 0 0 64 66
f0_46 f0_930 f2_47 0.03 -0.03 0.31 0 0 0 67 65
f0_46 f0_930 f2_456 -0.37 0.37 0.77 0 0 0 67 61
f0_46 f0_930 f2_491 0.39 -0.39 1 0 0 0 67 66
f0_46 f0_930 f2_644 0.63 -0.63 -0.44 0 0 0 67 63
f0_46 f1h_243 f1h_425 -0.41 0.41 0.44 0 0 0 63 67
f0_46 f1h_425 f1w_68 0.15 -0.15 0.65 0 0 0 67 66
f0_46 f1h_425 f2_47 0.21 -0.21 0.51 0 0 0 67 65
f0_46 f1h_425 f2_491 0.24 -0.24 0.61 0 0 0 67 66
f0_46 f1h_425 f2_547 0.13 -0.13 0.54 0 0 0 67 68
f0_46 f1h_425 f2_892 0.37 -0.37 0.59 0 0 0 67 63
f0_46 f1w_107 f2_644 0.04 -0.04 0.93 0 0 0 64 63
f0_46 f1w_143 f2_870 0 0 0.7 0 0 0 68 70
f0_46 f2_47 f2_456 0.21 -0.21 0.48 0 0 0 65 61
f0_46 f2_427 f2_892 0.27 -0.27 0.92 0 0 0 64 63
f0_46 f2_456 f2_635 -0.19 0.19 0.57 0 0 0 61 64
f0_46 f2_456 f2_888 -0.32 0.32 0.69 0 0 0 61 65
f0_49 f0_421 f1w_320 0.08 -0.08 0.66 0 0 0 64 65
f0_49 f1h_54 f1h_411 0.73 -0.73 0.39 0 0 0 65 69
f0_49 f1h_54 f1w_255 0.34 -0.34 0.43 0 0 0 65 64
f0_49 f1h_411 f1w_111 -0.48 0.48 0.19 0 0 0 69 66
f0_49 f1w_290 f2_416 -0.19 0.19 1.12 0 0 0 63 62
f0_50 f0_96 f0_545 -0.07 0.07 0.79 0 0 0 66 62
f0_50 f0_96 f0_848 -0.14 0.14 0.82 0 0 0 66 59
f0_50 f0_96 f0_953 -0.11 0.11 0.47 0 0 0 66 62
f0_50 f0_96 f1h_173 -0.01 0.01 0.69 0 0 0 66 63
f0_50 f0_96 f1h_289 -0.1 0.1 0.65 0 0 0 66 66
f0_50 f0_96 f2_55 -0.16 0.16 0.39 0 0 0 66 58
f0_50 f0_119 f1h_289 0.04 -0.04 0.98 0 0 0 62 66
f0_50 f0_246 f1h_173 -0.17 0.17 0.38 0 0 0 62 63
f0_50 f0_246 f1h_289 0.41 -0.41 0.34 0 0 0 62 66
f0_50 f0_246 f2_281 -0.06 0.06 0.96 0 0 0 62 60
f0_50 f0_545 f0_955 0.44 -0.44 0.06 0 0 0 62 64
f0_50 f0_545 f1h_173 0.12 -0.12 0.72 0 0 0 62 63
f0_50 f0_545 f1h_289 -0.02 0.02 0.44 0 0 0 62 66
f0_50 f0_545 f1h_459 0.25 -0.25 0.73 0 0 0 62 64
f0_50 f0_848 f0_955 0.02 -0.02 0.67 0 0 0 59 64
f0_50 f0_953 f1h_173 0.32 -0.32 0.74 0 0 0 62 63
f0_50 f0_953 f1h_289 -0.03 0.03 0.79 0 0 0 62 66
f0_50 f0_953 f1h_459 0.19 -0.19 0.58 0 0 0 62 64
f0_50 f0_955 f1h_48 -0.06 0.06 0.64 0 0 0 64 62
f0_50 f0_955 f1h_104 -0.08 0.08 0.76 0 0 0 64 62
f0_50 f0_955 f1h_173 0.36 -0.36 0.5 0 0 0 64 63
f0_50 f0_955 f1h_289 0.13 -0.13 0.89 0 0 0 64 66
f0_50 f0_955 f2_281 -0.55 0.55 -0.05 0 0 0 64 60
f0_50 f1h_48 f1h_459 0.46 -0.46 0.63 0 0 0 62 64
f0_50 f1h_104 f1h_173 0.04 -0.04 0.67 0 0 0 62 63
f0_50 f1h_104 f1h_289 0.19 -0.19 0.54 0 0 0 62 66
f0_50 f1h_104 f1h_459 0.35 -0.35 0.91 0 0 0 62 64
f0_50 f1h_173 f2_55 -0.37 0.37 0.65 0 0 0 63 58
f0_50 f1h_173 f2_281 -0.52 0.52 0.05 0 0 0 63 60
f0_50 f1h_289 f1h_459 0.16 -0.16 0.82 0 0 0 66 64
f0_50 f1h_289 f1w_155 -0.52 0.52 0.54 0 0 0 66 57
f0_50 f1h_289 f2_55 -0.23 0.23 0.34 0 0 0 66 58
f0_50 f1h_289 f2_281 0.02 -0.02 0.68 0 0 0 66 60
f0_50 f1h_459 f2_55 -0.4 0.4 0.61 0 0 0 64 58
f0_50 f1h_459 f2_281 -0.21 0.21 0.76 0 0 0 64 60
f0_54 f0_40 f0_56 0.03 -0.03 0.88 0 0 0 60 60
f0_54 f0_40 f0_138 -0.08 0.08 0.61 0 0 0 60 63
f0_54 f0_40 f0_154 0.13 -0.13 0.87 0 0 0 60 59
f0_54 f0_40 f0_748 -0.23 0.23 0.57 0 0 0 60 60
f0_54 f0_40 f0_960 -0.29 0.29 0.51 0 0 0 60 59
f0_54 f0_40 f0_966 0.36 -0.36 0.57 0 0 0 60 57
f0_54 f0_40 f1w_152 0.11 -0.11 0.01 0 0 0 60 63
f0_54 f0_56 f0_176 -0.28 0.28 0.55 0 0 0 60 64
f0_54 f0_56 f0_966 -0.18 0.18 0.08 0 0 0 60 57
f0_54 f0_56 f1w_455 -0.28 0.28 0.17 0 0 0 60 64
f0_54 f0_56 f2_55 0.09 -0.09 0.66 0 0 0 60 57
f0_54 f0_56 f2_534 0 0 0.75 0 0 0 60 63
f0_54 f0_133 f0_960 -0.09 0.09 0.68 0 0 0 62 59
f0_54 f0_133 f0_966 0.53 -0.53 0.3 0 0 0 62 57
f0_54 f0_138 f0_176 -0.13 0.13 0.5 0 0 0 63 64
f0_54 f0_138 f1h_367 -0.04 0.04 0.63 0 0 0 63 63
f0_54 f0_138 f1w_455 -0.15 0.15 0.36 0 0 0 63 64
f0_54 f0_138 f1w_479 -0.04 0.04 0.75 0 0 0 63 57
f0_54 f0_138 f2_55 0.27 -0.27 0.39 0 0 0 63 57
f0_54 f0_138 f2_200 -0.13 0.13 0.27 0 0 0 63 62
f0_54 f0_138 f2_723 -0.47 0.47 -0.01 0 0 0 63 59
f0_54 f0_154 f0_966 0.4 -0.4 0.03 0 0 0 59 57
f0_54 f0_154 f1w_99 -0.1 0.1 0.47 0 0 0 59 59
f0_54 f0_154 f1w_455 0.08 -0.08 0.02 0 0 0 59 64
f0_54 f0_154 f2_55 0.06 -0.06 0.65 0 0 0 59 57
f0_54 f0_154 f2_200 -0.3 0.3 0.44 0 0 0 59 62
f0_54 f0_154 f2_534 0.3 -0.3 0.29 0 0 0 59 63
f0_54 f0_154 f2_806 -0.04 0.04 0.62 0 0 0 59 60
f0_54 f0_176 f0_748 0.07 -0.07 0.24 0 0 0 64 60
f0_54 f0_176 f0_836 -0.06 0.06 0.48 0 0 0 64 62
f0_54 f0_176 f0_960 0 0 0.23 0 0 0 64 59
f0_54 f0_176 f0_966 0.61 -0.61 0.24 0 0 0 64 57
f0_54 f0_176 f1h_442 0.2 -0.2 0.39 0 0 0 64 57
f0_54 f0_176 f2_327 0.11 -0.11 0.38 0 0 0 64 58
f0_54 f0_319 f0_960 0.07 -0.07 0.39 0 0 0 55 59
f0_54 f0_319 f0_966 0.54 -0.54 0.33 0 0 0 55 57
f0_54 f0_319 f1w_99 -0.06 0.06 0.38 0 0 0 55 59
f0_54 f0_319 f1w_455 -0.05 0.05 0.41 0 0 0 55 64
f0_54 f0_319 f2_200 0.12 -0.12 0.36 0 0 0 55 62
f0_54 f0_319 f2_806 0.1 -0.1 0.68 0 0 0 55 60
f0_54 f0_545 f0_960 0.03 -0.03 0.75 0 0 0 64 59
f0_54 f0_545 f0_966 0.39 -0.39 0.38 0 0 0 64 57
f0_54 f0_748 f0_960 0.08 -0.08 0.11 0 0 0 60 59
f0_54 f0_748 f1h_171 0.17 -0.17 0.56 0 0 0 60 60
f0_54 f0_748 f1h_367 -0.19 0.19 0.29 0 0 0 60 63
f0_54 f0_748 f1w_455 0.04 -0.04 0.15 0 0 0 60 64
f0_54 f0_748 f1w_479 0.05 -0.05 0.33 0 0 0 60 57
f0_54 f0_748 f2_55 0.27 -0.27 0.3 0 0 0 60 57
f0_54 f0_748 f2_77 -0.05 0.05 0.3 0 0 0 60 62
f0_54 f0_748 f2_200 0.01 -0.01 0.23 0 0 0 60 62
f0_54 f0_791 f1w_455 0.12 -0.12 0.51 0 0 0 56 64
f0_54 f0_829 f0_960 0.05 -0.05 0.26 0 0 0 54 59
f0_54 f0_829 f0_966 0.36 -0.36 0.58 0 0 0 54 57
f0_54 f0_829 f1h_171 -0.05 0.05 0.78 0 0 0 54 60
f0_54 f0_829 f1h_367 -0.42 0.42 0.17 0 0 0 54 63
f0_54 f0_829 f1w_99 -0.03 0.03 0.35 0 0 0 54 59
f0_54 f0_829 f1w_455 -0.17 0.17 0.3 0 0 0 54 64
f0_54 f0_829 f1w_479 -0.17 0.17 0.53 0 0 0 54 57
f0_54 f0_829 f2_55 0.18 -0.18 0.44 0 0 0 54 57
f0_54 f0_829 f2_77 -0.02 0.02 0.24 0 0 0 54 62
f0_54 f0_829 f2_200 -0.22 0.22 0.25 0 0 0 54 62
f0_54 f0_829 f2_723 0 0 0.67 0 0 0 54 59
f0_54 f0_829 f2_806 0.36 -0.36 0.14 0 0 0 54 60
f0_54 f0_836 f0_966 0.45 -0.45 0.1 0 0 0 62 57
f0_54 f0_836 f1w_99 0.27 -0.27 0.5 0 0 0 62 59
f0_54 f0_836 f2_200 0.02 -0.02 0.33 0 0 0 62 62
f0_54 f0_960 f1h_442 0.19 -0.19 0.48 0 0 0 59 57
f0_54 f0_960 f1h_494 0.05 -0.05 0.32 0 0 0 59 63
f0_54 f0_960 f1w_152 -0.14 0.14 0.23 0 0 0 59 63
f0_54 f0_960 f2_55 0.09 -0.09 0.2 0 0 0 59 57
f0_54 f0_960 f2_118 0.05 -0.05 0.48 0 0 0 59 62
f0_54 f0_960 f2_226 0.25 -0.25 0.59 0 0 0 59 63
f0_54 f0_966 f1h_165 -0.34 0.34 0.47 0 0 0 57 61
f0_54 f0_966 f1h_359 -0.54 0.54 0.73 0 0 0 57 64
f0_54 f0_966 f1h_367 -0.76 0.76 0.36 0 0 0 57 63
f0_54 f0_966 f1h_409 -0.48 0.48 0.6 0 0 0 57 64
f0_54 f0_966 f1h_442 -0.12 0.12 0.44 0 0 0 57 57
f0_54 f0_966 f1h_494 -0.62 0.62 0.42 0 0 0 57 63
f0_54 f0_966 f1w_99 -0.22 0.22 0.26 0 0 0 57 59
f0_54 f0_966 f1w_479 -0.2 0.2 0.29 0 0 0 57 57
f0_54 f0_966 f2_55 0.03 -0.03 0.44 0 0 0 57 57
f0_54 f0_966 f2_198 -0.33 0.33 0.63 0 0 0 57 63
f0_54 f0_966 f2_200 -0.54 0.54 0.13 0 0 0 57 62
f0_54 f0_966 f2_226 -0.12 0.12 0.28 0 0 0 57 63
f0_54 f0_966 f2_901 -0.14 0.14 0.66 0 0 0 57 62
f0_54 f1h_69 f1w_455 -0.3 0.3 -0.06 0 0 0 58 64
f0_54 f1h_69 f2_198 0.21 -0.21 0.67 0 0 0 58 63
f0_54 f1h_165 f1w_479 0.02 -0.02 0.6 0 0 0 61 57
f0_54 f1h_171 f1w_455 -0.26 0.26 0.22 0 0 0 60 64
f0_54 f1h_171 f2_226 -0.07 0.07 0.98 0 0 0 60 63
f0_54 f1h_359 f1w_455 0.01 -0.01 0.54 0 0 0 64 64
f0_54 f1h_367 f2_327 0.21 -0.21 0.43 0 0 0 63 58
f0_54 f1h_409 f1w_455 -0.03 0.03 0.43 0 0 0 64 64
f0_54 f1h_409 f1w_479 0.05 -0.05 0.54 0 0 0 64 57
f0_54 f1h_442 f1w_99 -0.08 0.08 0.47 0 0 0 57 59
f0_54 f1h_442 f1w_455 -0.13 0.13 0.47 0 0 0 57 64
f0_54 f1h_494 f1w_455 0.05 -0.05 0.19 0 0 0 63 64
f0_54 f1h_494 f1w_479 0.19 -0.19 0.48 0 0 0 63 57
f0_54 f1w_99 f1w_152 -0.29 0.29 0.19 0 0 0 59 63
f0_54 f1w_99 f1w_455 -0.04 0.04 0.32 0 0 0 59 64
f0_54 f1w_99 f2_55 0.24 -0.24 0.55 0 0 0 59 57
f0_54 f1w_99 f2_327 -0.1 0.1 0.49 0 0 0 59 58
f0_54 f1w_152 f2_200 0.13 -0.13 0.38 0 0 0 63 62
f0_54 f1w_152 f2_534 0.31 -0.31 0.48 0 0 0 63 63
f0_54 f1w_272 f1w_455 -0.08 0.08 0.46 0 0 0 61 64
f0_54 f1w_455 f2_77 -0.25 0.25 0.55 0 0 0 64 62
f0_54 f1w_455 f2_153 0.43 -0.43 -0.07 0 0 0 64 61
f0_54 f1w_455 f2_186 0.35 -0.35 0.15 0 0 0 64 64
f0_54 f1w_455 f2_200 0 0 0.24 0 0 0 64 62
f0_54 f1w_455 f2_226 0.43 -0.43 0.12 0 0 0 64 63
f0_54 f1w_455 f2_327 0.02 -0.02 0.43 0 0 0 64 58
f0_54 f1w_455 f2_534 0.44 -0.44 0.29 0 0 0 64 63
f0_54 f1w_455 f2_785 0.25 -0.25 -0.01 0 0 0 64 62
f0_54 f1w_455 f2_817 0.01 -0.01 0.64 0 0 0 64 57
f0_54 f1w_455 f2_901 0.48 -0.48 0.19 0 0 0 64 62
f0_54 f1w_479 f2_198 0.06 -0.06 0.07 0 0 0 57 63
f0_54 f1w_479 f2_226 0.08 -0.08 0.67 0 0 0 57 63
f0_54 f1w_479 f2_901 0.04 -0.04 0.51 0 0 0 57 62
f0_54 f2_55 f2_118 -0.34 0.34 0.15 0 0 0 57 62
f0_54 f2_55 f2_153 -0.4 0.4 0.52 0 0 0 57 61
f0_54 f2_55 f2_186 -0.14 0.14 0.65 0 0 0 57 64
f0_54 f2_55 f2_200 -0.32 0.32 0.41 0 0 0 57 62
f0_54 f2_55 f2_785 -0.33 0.33 0.75 0 0 0 57 62
f0_54 f2_55 f2_817 -0.31 0.31 0.83 0 0 0 57 57
f0_54 f2_55 f2_901 0.03 -0.03 0.68 0 0 0 57 62
f0_54 f2_118 f2_806 0.22 -0.22 0.68 0 0 0 62 60
f0_54 f2_198 f2_200 -0.09 0.09 0.75 0 0 0 63 62
f0_54 f2_198 f2_723 0.06 -0.06 0.72 0 0 0 63 59
f0_54 f2_200 f2_327 -0.01 0.01 0.59 0 0 0 62 58
f0_56 f0_23 f1h_305 0.08 -0.08 0.62 0 0 0 63 65
f0_56 f0_23 f1h_432 0.1 -0.1 0.84 0 0 0 63 64
f0_56 f0_23 f1w_62 0.07 -0.07 0.52 0 0 0 63 66
f0_56 f0_23 f2_241 -0.16 0.16 0.82 0 0 0 63 57
f0_56 f0_38 f2_14 0.5 -0.5 0.71 0 0 0 63 63
f0_56 f0_46 f2_14 -0.2 0.2 0.32 0 0 0 63 63
f0_56 f0_54 f0_208 -0.05 0.05 0.62 0 0 0 60 60
f0_56 f0_54 f0_493 -0.52 0.52 0.33 0 0 0 60 63
f0_56 f0_54 f0_930 -0.34 0.3 0.31 0 0 0 60 65
f0_56 f0_54 f1h_305 0.44 -0.44 0.94 0 0 0 60 65
f0_56 f0_54 f1w_201 -0.4 0.4 0.24 0 0 0 60 68
f0_56 f0_54 f2_14 -0.35 0.35 0.05 0 0 0 60 63
f0_56 f0_102 f0_966 -0.09 0.09 0.73 0 0 0 65 62
f0_56 f0_102 f1h_305 -0.2 0.2 0.44 0 0 0 65 65
f0_56 f0_102 f1w_67 0.07 -0.07 0.94 0 0 0 65 65
f0_56 f0_102 f2_821 0.01 -0.01 0.81 0 0 0 65 61
f0_56 f0_119 f2_14 0.22 -0.22 0.8 0 0 0 64 63
f0_56 f0_154 f0_493 -0.35 0.35 0.43 0 0 0 62 63
f0_56 f0_154 f1h_481 -0.37 0.37 0.25 0 0 0 62 61
f0_56 f0_173 f0_966 0.52 -0.52 -0.39 0 0 0 61 62
f0_56 f0_173 f1w_40 0.17 -0.17 0.53 0 0 0 61 61
f0_56 f0_173 f1w_201 -0.23 0.23 0.37 0 0 0 61 68
f0_56 f0_173 f2_14 0.19 -0.19 0.02 0 0 0 61 63
f0_56 f0_173 f2_241 -0.14 0.14 0.41 0 0 0 61 57
f0_56 f0_173 f2_821 0.08 -0.08 0.49 0 0 0 61 61
f0_56 f0_208 f0_966 -0.13 0.13 0.75 0 0 0 60 62
f0_56 f0_208 f1h_305 -0.09 0.09 0.56 0 0 0 60 65
f0_56 f0_208 f1w_67 0.06 -0.06 0.81 0 0 0 60 65
f0_56 f0_403 f1h_432 0.12 -0.12 1.04 0 0 0 63 64
f0_56 f0_403 f2_14 0.34 -0.34 0.2 0 0 0 63 63
f0_56 f0_474 f0_966 0.15 -0.15 0.64 0 0 0 65 62
f0_56 f0_474 f1w_67 0.28 -0.28 0.82 0 0 0 65 65
f0_56 f0_477 f1w_62 0.37 -0.37 0.56 0 0 0 61 66
f0_56 f0_477 f1w_479 0.25 -0.25 0.66 0 0 0 61 59
f0_56 f0_477 f2_14 0.53 -0.53 0.1 0 0 0 61 63
f0_56 f0_493 f1h_305 -0.41 0.41 -0.33 0 0 0 63 65
f0_56 f0_493 f1w_62 0.43 -0.43 0.29 0 0 0 63 66
f0_56 f0_493 f1w_479 0.2 -0.2 0.32 0 0 0 63 59
f0_56 f0_841 f0_930 -0.5 0.5 0.1 0 0 0 62 65
f0_56 f0_841 f1h_7 -0.11 0.11 0.23 0 0 0 62 62
f0_56 f0_841 f1h_305 0.52 -0.52 0.69 0 0 0 62 65
f0_56 f0_844 f2_14 0.4 -0.4 0.59 0 0 0 62 63
f0_56 f0_930 f1w_62 0.11 -0.11 0.49 0 0 0 65 66
f0_56 f0_930 f1w_479 -0.42 0.42 0.58 0 0 0 65 59
f0_56 f0_930 f2_14 0.29 -0.78 -0.06 0 0 0 65 63
f0_56 f0_930 f2_388 -0.72 0.52 0.21 0 0 0 65 64
f0_56 f0_966 f1h_265 0.17 -0.17 0.61 0 0 0 62 65
f0_56 f0_966 f1h_432 0.24 -0.24 0.82 0 0 0 62 64
f0_56 f1h_7 f2_14 0.43 -0.43 0.16 0 0 0 62 63
f0_56 f1h_171 f1h_305 0.63 -0.63 0.84 0 0 0 61 65
f0_56 f1h_198 f2_241 0.13 -0.13 0.74 0 0 0 67 57
f0_56 f1h_265 f1h_305 0.05 -0.05 0.63 0 0 0 65 65
f0_56 f1h_265 f1w_67 0.15 -0.15 0.65 0 0 0 65 65
f0_56 f1h_265 f2_14 0.13 -0.13 0.24 0 0 0 65 63
f0_56 f1h_265 f2_241 -0.28 0.28 0.37 0 0 0 65 57
f0_56 f1h_265 f2_821 -0.14 0.14 0.55 0 0 0 65 61
f0_56 f1h_305 f1w_35 -0.71 0.71 0.79 0 0 0 65 62
f0_56 f1h_305 f1w_425 -0.7 0.7 0.82 0 0 0 65 64
f0_56 f1h_305 f1w_479 -0.32 0.32 0.43 0 0 0 65 59
f0_56 f1h_305 f2_14 0.11 -0.17 0.54 0 0 0 65 63
f0_56 f1h_432 f1w_67 -0.03 0.03 0.82 0 0 0 64 65
f0_56 f1h_481 f1w_62 -0.1 0.1 0.74 0 0 0 61 66
f0_56 f1h_481 f1w_479 -0.22 0.22 0.78 0 0 0 61 59
f0_56 f1h_481 f2_14 0.07 -0.07 0.64 0 0 0 61 63
f0_56 f1w_62 f1w_67 0.08 -0.08 0.7 0 0 0 66 65
f0_56 f1w_67 f1w_479 -0.38 0.38 0.42 0 0 0 65 59
f0_56 f1w_67 f2_14 0.08 -0.08 0.7 0 0 0 65 63
f0_56 f1w_201 f2_14 0.54 -0.54 0.25 0 0 0 68 63
f0_56 f1w_425 f2_489 0.14 -0.14 0.75 0 0 0 64 57
f0_56 f1w_479 f2_327 0.03 -0.03 0.69 0 0 0 59 60
f0_56 f2_14 f2_327 -0.11 0.11 0.05 0 0 0 63 60
f0_56 f2_14 f2_489 0.18 -0.18 0.34 0 0 0 63 57
f0_56 f2_14 f2_821 -0.39 0.39 0.56 0 0 0 63 61
f0_57 f2_552 f2_554 0.08 -0.08 -0.41 0 0 1 68 63
f0_59 f0_140 f2_246 0.1 -0.1 1.03 0 0 0 60 60
f0_59 f2_61 f2_645 0.13 -0.13 0.72 0 0 0 63 61
f0_60 f1h_3 f1h_393 0.98 -0.98 0.83 0 0 0 67 65
f0_60 f1h_3 f1h_472 -0.3 0.3 -0.3 0 0 1 67 64
f0_60 f1h_21 f1h_393 -0.48 0.48 1.12 0 0 0 65 65
f0_60 f1h_393 f1h_472 -0.43 0.43 1.21 0 0 0 65 64
f0_61 f0_41 f0_307 -0.06 0.06 0.64 0 0 0 66 62
f0_61 f0_41 f2_267 0.7 -0.7 0.81 0 0 0 66 69
f0_61 f0_83 f1w_456 0.37 -0.37 0.92 0 0 0 65 61
f0_61 f0_83 f2_267 -0.22 0.22 0.45 0 0 0 65 69
f0_61 f0_120 f0_743 0.1 -0.1 0.51 0 0 0 63 65
f0_61 f0_120 f0_930 0 0 0.49 0 0 0 63 67
f0_61 f0_120 f1h_289 -0.76 0.76 -0.3 0 0 0 63 69
f0_61 f0_120 f1w_174 -0.04 0.04 0.83 0 0 0 63 69
f0_61 f0_127 f0_307 -0.29 0.29 0.76 0 0 0 68 62
f0_61 f0_127 f0_748 -0.45 0.45 0.18 0 0 0 68 65
f0_61 f0_127 f1h_345 -0.13 0.13 0.45 0 0 0 68 65
f0_61 f0_150 f1h_184 0.27 -0.27 0.46 0 0 0 62 68
f0_61 f0_150 f1h_272 0.32 -0.32 0.33 0 0 0 62 66
f0_61 f0_150 f1h_289 -0.2 0.2 0.26 0 0 0 62 69
f0_61 f0_150 f2_340 -0.18 0.18 0.47 0 0 0 62 65
f0_61 f0_213 f0_748 0.48 -0.48 0.43 0 0 0 62 65
f0_61 f0_213 f1h_243 0.58 -0.58 0.6 0 0 0 62 61
f0_61 f0_213 f2_986 -0.62 0.62 -0.45 0 0 0 62 61
f0_61 f0_229 f0_307 0.08 -0.08 0.51 0 0 0 65 62
f0_61 f0_307 f0_743 0.18 -0.18 0.49 0 0 0 62 65
f0_61 f0_307 f0_930 0.14 -0.14 0.31 0 0 0 62 67
f0_61 f0_307 f1h_82 0.4 -0.4 0.28 0 0 0 62 60
f0_61 f0_307 f1h_184 0 0 0.36 0 0 0 62 68
f0_61 f0_307 f1h_243 0.27 -0.27 0.23 0 0 0 62 61
f0_61 f0_307 f1h_289 0.76 -0.76 0.55 0 0 0 62 69
f0_61 f0_307 f1w_281 0.3 -0.3 0.66 0 0 0 62 63
f0_61 f0_307 f1w_456 -0.66 0.66 -0.36 0 0 0 62 61
f0_61 f0_641 f2_267 0.08 -0.33 0.83 0 0 0 68 69
f0_61 f0_743 f0_748 0.23 -0.23 0.37 0 0 0 65 65
f0_61 f0_743 f1w_310 0.07 -0.07 0.5 0 0 0 65 64
f0_61 f0_743 f2_55 -0.07 0.07 0.71 0 0 0 65 61
f0_61 f0_743 f2_259 0.14 -0.14 0.9 0 0 0 65 68
f0_61 f0_743 f2_340 -0.35 0.35 0.09 0 0 0 65 65
f0_61 f0_743 f2_820 0.18 -0.18 0.99 0 0 0 65 67
f0_61 f0_743 f2_986 -0.13 0.13 0.25 0 0 0 65 61
f0_61 f0_748 f0_930 -0.36 0.35 0.33 0 0 0 65 67
f0_61 f0_748 f1h_108 -0.56 0.38 0.26 0 0 0 65 71
f0_61 f0_748 f1h_142 -0.08 0.08 0.39 0 0 0 65 63
f0_61 f0_748 f1h_184 0.03 -0.03 0.46 0 0 0 65 68
f0_61 f0_748 f1h_272 0.59 -0.59 0.33 0 0 0 65 66
f0_61 f0_748 f1h_289 0.07 -0.8 0.33 0 0 0 65 69
f0_61 f0_748 f1w_53 -0.04 0.04 0.4 0 0 0 65 67
f0_61 f0_748 f1w_86 0.58 -0.58 0.18 0 0 0 65 63
f0_61 f0_748 f1w_174 -0.5 0.48 0.42 0 0 0 65 69
f0_61 f0_748 f1w_281 -0.17 0.17 0.49 0 0 0 65 63
f0_61 f0_748 f1w_433 -0.08 0.08 0.78 0 0 0 65 63
f0_61 f0_748 f1w_456 0.52 -0.52 0.1 0 0 0 65 61
f0_61 f0_748 f2_108 -0.05 0.05 0.51 0 0 0 65 66
f0_61 f0_748 f2_267 0.21 -0.21 0.72 0 0 0 65 69
f0_61 f0_748 f2_269 -0.4 0.4 0.55 0 0 0 65 68
f0_61 f0_748 f2_660 -0.27 0.27 0.71 0 0 0 65 65
f0_61 f0_930 f1h_82 0.34 -0.34 0.35 0 0 0 67 60
f0_61 f0_930 f1h_345 0.32 -0.32 0.39 0 0 0 67 65
f0_61 f0_930 f1w_183 0 0 0.59 0 0 0 67 63
f0_61 f0_930 f1w_310 0.17 -0.17 0.39 0 0 0 67 64
f0_61 f0_930 f1w_433 0.32 -0.32 0.5 0 0 0 67 63
f0_61 f0_930 f2_493 0.26 -0.26 0.64 0 0 0 67 66
f0_61 f0_930 f2_986 0.29 -0.29 0.51 0 0 0 67 61
f0_61 f0_972 f1h_345 0.04 -0.04 0.29 0 0 0 66 65
f0_61 f0_972 f2_660 0.35 -0.35 0.64 0 0 0 66 65
f0_61 f1h_82 f1h_108 -0.55 0.55 0.56 0 0 0 60 71
f0_61 f1h_82 f2_267 0.06 -0.06 0.98 0 0 0 60 69
f0_61 f1h_82 f2_660 -0.3 0.3 0.95 0 0 0 60 65
f0_61 f1h_108 f1h_345 0.38 -0.38 0.56 0 0 0 71 65
f0_61 f1h_108 f2_986 0.18 -0.18 0.36 0 0 0 71 61
f0_61 f1h_142 f1w_456 0.26 -0.26 0.92 0 0 0 63 61
f0_61 f1h_184 f1w_86 0.38 -0.38 0.09 0 0 0 68 63
f0_61 f1h_184 f1w_183 -0.4 0.4 0.59 0 0 0 68 63
f0_61 f1h_184 f2_55 -0.28 0.28 0.59 0 0 0 68 61
f0_61 f1h_184 f2_259 -0.13 0.13 0.74 0 0 0 68 68
f0_61 f1h_184 f2_267 0.13 -0.13 0.67 0 0 0 68 69
f0_61 f1h_184 f2_340 -0.6 0.6 0.18 0 0 0 68 65
f0_61 f1h_184 f2_820 -0.11 0.11 1.13 0 0 0 68 67
f0_61 f1h_184 f2_986 -0.2 0.07 0.57 0 0 0 68 61
f0_61 f1h_243 f1w_86 0.02 -0.02 0.53 0 0 0 61 63
f0_61 f1h_243 f1w_281 -0.32 0.32 0.08 0 0 0 61 63
f0_61 f1h_243 f1w_433 -0.09 0.09 1.16 0 0 0 61 63
f0_61 f1h_243 f2_267 -0.27 0.27 0.33 0 0 0 61 69
f0_61 f1h_243 f2_340 -0.75 0.75 0.26 0 0 0 61 65
f0_61 f1h_272 f1h_345 0.15 -0.15 0.68 0 0 0 66 65
f0_61 f1h_272 f1w_456 -0.41 0.41 0.27 0 0 0 66 61
f0_61 f1h_289 f1h_345 0.21 -0.21 0.48 0 0 0 69 65
f0_61 f1h_289 f1w_86 0.36 -0.36 0.57 0 0 0 69 63
f0_61 f1h_289 f1w_174 -0.23 0.23 0.37 0 0 0 69 69
f0_61 f1h_289 f1w_310 -0.36 0.36 0.65 0 0 0 69 64
f0_61 f1h_289 f1w_456 0.5 -0.5 0.41 0 0 0 69 61
f0_61 f1h_289 f2_267 0.13 -0.14 0.96 0 0 0 69 69
f0_61 f1h_289 f2_986 -0.07 0.07 0.75 0 0 0 69 61
f0_61 f1h_345 f1w_281 -0.11 0.11 0.54 0 0 0 65 63
f0_61 f1h_345 f2_267 0.44 -0.44 0.73 0 0 0 65 69
f0_61 f1h_345 f2_642 -0.07 0.07 0.65 0 0 0 65 61
f0_61 f1w_86 f1w_310 -0.39 0.39 0.56 0 0 0 63 64
f0_61 f1w_86 f2_55 -0.42 0.42 0.83 0 0 0 63 61
f0_61 f1w_86 f2_259 -0.24 0.24 1.13 0 0 0 63 68
f0_61 f1w_86 f2_791 -0.5 0.5 0.69 0 0 0 63 64
f0_61 f1w_86 f2_986 -0.25 0.25 0.59 0 0 0 63 61
f0_61 f1w_174 f2_791 0 0 0.62 0 0 0 69 64
f0_61 f1w_183 f1w_281 0.22 -0.22 0.55 0 0 0 63 63
f0_61 f1w_183 f2_267 0.76 -0.76 0.5 0 0 0 63 69
f0_61 f1w_281 f1w_310 -0.04 0.04 0.64 0 0 0 63 64
f0_61 f1w_310 f2_267 0.38 -0.38 0.5 0 0 0 64 69
f0_61 f1w_310 f2_269 -0.18 0.18 0.77 0 0 0 64 68
f0_61 f1w_433 f1w_456 0.07 -0.07 1.06 0 0 0 63 61
f0_61 f1w_456 f2_55 -0.39 0.39 0.63 0 0 0 61 61
f0_61 f2_55 f2_267 0.69 -0.69 0.57 0 0 0 61 69
f0_61 f2_108 f2_986 0.31 -0.31 0.7 0 0 0 66 61
f0_61 f2_267 f2_493 -0.07 0.07 0.91 0 0 0 69 66
f0_61 f2_660 f2_986 0.15 -0.15 0.64 0 0 0 65 61
f0_62 f0_71 f1h_138 0.86 -0.86 -0.24 0 0 1 65 65
f0_62 f0_71 f1h_491 0.87 -0.87 0.13 0 0 0 65 66
f0_62 f0_583 f1h_138 0.65 -0.65 -0.07 0 0 1 65 65
f0_62 f0_583 f1h_491 0.75 -0.75 0.7 0 0 0 65 66
f0_62 f0_947 f1h_491 0.05 -0.05 0.66 0 0 0 64 66
f0_62 f1h_138 f1h_395 -0.63 0.63 -0.39 0 0 1 65 70
f0_62 f1h_395 f1h_491 0.91 -0.91 0.19 0 0 0 70 66
f0_62 f1h_491 f1w_276 -0.23 0.23 0.72 0 0 0 66 67
f0_62 f1h_491 f1w_353 -0.54 0.54 0.73 0 0 0 66 66
f0_62 f1h_491 f2_101 -0.73 0.73 0.7 0 0 0 66 70
f0_67 f0_106 f1w_330 -0.28 0.28 1.14 0 0 0 68 67
f0_67 f0_127 f1h_9 1.07 -1.07 0.51 0 0 0 69 69
f0_67 f0_138 f1h_9 0.87 -0.87 0.54 0 0 0 67 69
f0_67 f0_152 f0_601 -0.05 0.05 0.79 0 0 0 64 63
f0_67 f0_152 f1h_9 0.23 -0.23 0.17 0 0 0 64 69
f0_67 f0_152 f2_502 -0.4 0.4 0.38 0 0 0 64 66
f0_67 f0_312 f1h_76 -0.09 0.09 0.83 0 0 0 69 63
f0_67 f0_480 f1h_50 0.5 -0.5 1.42 0 0 0 65 67
f0_67 f0_552 f1h_50 0.8 -0.8 0.95 0 0 0 64 67
f0_67 f0_628 f1h_9 0.55 -0.55 0.25 0 0 0 66 69
f0_67 f0_628 f1h_50 0.96 -0.96 0.75 0 0 0 66 67
f0_67 f1h_9 f1h_76 -0.99 0.99 0.53 0 0 0 69 63
f0_67 f1h_9 f1h_96 -0.94 0.94 0.55 0 0 0 69 70
f0_67 f1h_9 f1w_330 -0.2 0.2 0.99 0 0 0 69 67
f0_67 f1h_9 f2_409 -0.36 0.36 0.74 0 0 0 69 64
f0_67 f1h_22 f1h_50 0.47 -0.47 0.54 0 0 0 67 67
f0_67 f1h_50 f1h_96 -0.47 0.47 0.61 0 0 0 67 70
f0_67 f1h_412 f2_703 -0.39 0.39 0.27 0 0 0 66 63
f0_67 f1h_412 f2_748 -0.2 0.2 0.72 0 0 0 66 68
f0_68 f0_13 f0_21 0.16 -0.16 0.55 0 0 0 64 61
f0_68 f0_13 f0_206 0.26 -0.26 0.31 0 0 0 64 63
f0_68 f0_13 f2_121 0.27 -0.27 0.92 0 0 0 64 64
f0_68 f0_13 f2_175 0.05 -0.05 0.58 0 0 0 64 58
f0_68 f0_13 f2_299 0.6 -0.6 0.67 0 0 0 64 63
f0_68 f0_21 f0_172 -0.2 0.2 0.29 0 0 0 61 63
f0_68 f0_21 f0_769 -0.21 0.21 0.6 0 0 0 61 61
f0_68 f0_21 f0_818 -0.41 0.41 0.19 0 0 0 61 66
f0_68 f0_21 f1h_328 -0.15 0.15 0.73 0 0 0 61 62
f0_68 f0_21 f1w_373 -0.19 0.19 0.48 0 0 0 61 65
f0_68 f0_21 f1w_478 -0.32 0.32 0.55 0 0 0 61 62
f0_68 f0_21 f2_459 -0.3 0.3 0.56 0 0 0 61 59
f0_68 f0_32 f0_172 0.57 -0.57 0.65 0 0 0 60 63
f0_68 f0_32 f2_299 0.46 -0.46 0.46 0 0 0 60 63
f0_68 f0_45 f0_152 0.05 -0.05 0.67 0 0 0 65 61
f0_68 f0_45 f0_172 0.4 -0.4 -0.06 0 0 0 65 63
f0_68 f0_45 f0_288 -0.25 0.25 0.53 0 0 0 65 58
f0_68 f0_45 f1h_328 -0.03 0.03 0.9 0 0 0 65 62
f0_68 f0_76 f2_404 0.18 -0.18 0.83 0 0 0 58 63
f0_68 f0_104 f0_152 0.1 -0.1 0.64 0 0 0 63 61
f0_68 f0_104 f0_219 0.1 -0.1 0.99 0 0 0 63 62
