id parent1 parent2 LLRparent1 LLRparent2 LLRpair OHparent1 OHparent2 MEpair SNPd.id.parent1 SNPd.id.parent2
f1h_1 f0_136 f0_143 0.28 -0.28 48.04 0 0 0 2319 2297
f1h_2 f0_13 f0_29 -2.88 2.88 43.02 0 0 0 2236 2292
f1h_3 f0_10 f0_140 -2.46 2.46 45.1 0 0 0 2294 2326
f1h_4 f0_7 f0_35 -3.18 3.18 43.24 0 0 0 2321 2297
f1h_7 f0_162 f0_176 -7.79 7.79 40.05 0 0 0 2337 2321
f1h_9 f0_3 f0_36 -2.16 2.16 44.77 0 0 0 2372 2382
f1h_10 f0_72 f0_165 0.99 -0.99 47.83 0 0 0 2368 2395
f1h_11 f0_14 f0_34 -3.18 3.18 49.15 0 0 0 2341 2377
f1h_15 f0_62 f0_141 9.23 -9.23 41.09 0 0 0 2263 2281
f1h_16 f0_27 f0_107 2.56 -2.56 51.69 0 0 0 2323 2288
f1h_17 f0_76 f0_176 -4.3 4.3 43.22 0 0 0 2308 2305
f1h_18 f0_1 f0_6 -9.08 9.08 41.54 0 0 0 2311 2336
f1h_19 f0_68 f0_153 1.48 -1.48 42.45 0 0 0 2396 2309
f1h_23 f0_15 f0_37 -1.31 1.31 51.9 0 0 0 2317 2350
f1h_24 f0_28 f0_89 4.81 -4.81 44.75 0 0 0 2307 2331
f1h_25 f0_68 f0_137 2.05 -2.05 48.17 0 0 0 2348 2359
f1h_26 f0_6 f0_171 5.12 -5.12 42.45 0 0 0 2319 2370
f1h_29 f0_144 f0_186 -2.04 2.04 47.94 0 0 0 2327 2300
f1h_32 f0_16 f0_86 -3.37 3.37 45.42 0 0 0 2285 2294
f1h_33 f0_41 f0_135 0.88 -0.88 49.77 0 0 0 2343 2365
f1h_35 f0_48 f0_163 -0.88 0.88 49.81 0 0 0 2344 2318
f1h_37 f0_11 f0_137 -3.95 3.95 42.17 0 0 0 2319 2343
f1h_41 f0_24 f0_192 1.9 -1.9 47.6 0 0 0 2304 2280
f1h_43 f0_120 f0_148 3.92 -3.92 46.12 0 0 0 2355 2319
f1h_46 f0_40 f0_175 -2.97 2.97 47.62 0 0 0 2307 2341
f1h_48 f0_38 f0_71 -2.03 2.03 49.42 0 0 0 2354 2295
f1h_50 f0_78 f0_113 13.31 -13.31 44.3 0 0 0 2333 2336
f1h_51 f0_14 f0_62 -11.46 11.46 43.91 0 0 0 2378 2299
f1h_53 f0_95 f0_100 4.6 -4.6 47.59 0 0 0 2403 2387
f1h_55 f0_56 f0_75 -0.3 0.3 49.69 0 0 0 2377 2342
f1h_56 f0_47 f0_57 -4.31 4.31 46 0 0 0 2337 2297
f1h_57 f0_8 f0_166 -2.55 2.55 46.27 0 0 0 2332 2316
f1h_58 f0_9 f0_73 3.79 -3.79 41.92 0 0 0 2319 2305
f1h_59 f0_99 f0_112 6.16 -6.16 44.59 0 0 0 2279 2324
f1h_60 f0_133 f0_162 2.06 -2.06 45.65 0 0 0 2320 2324
f1h_63 f0_40 f0_87 0.76 -0.76 47.9 0 0 0 2348 2321
f1h_67 f0_109 f0_168 -6.2 6.2 43.87 0 0 0 2371 2339
f1h_68 f0_42 f0_148 3.06 -3.06 47.25 0 0 0 2375 2366
f1h_70 f0_121 f0_183 1.15 -1.15 49.63 0 0 0 2347 2312
f1h_71 f0_24 f0_178 -2.96 2.96 40.95 0 0 0 2297 2291
f1h_72 f0_102 f0_119 0.77 -0.77 44.73 0 0 0 2342 2322
f1h_73 f0_65 f0_99 2.74 -2.74 44.44 0 0 0 2298 2305
f1h_76 f0_82 f0_171 2.74 -2.74 48.72 0 0 0 2326 2396
f1h_78 f0_113 f0_188 4.52 -4.52 44.17 0 0 0 2336 2292
f1h_79 f0_42 f0_164 -2.69 2.69 43.56 0 0 0 2325 2308
f1h_81 f0_12 f0_28 -1.37 1.37 48.67 0 0 0 2323 2310
f1h_86 f0_7 f0_61 2.28 -2.28 47.73 0 0 0 2365 2360
f1h_87 f0_103 f0_118 -1.57 1.57 49.18 0 0 0 2359 2353
f1h_90 f0_30 f0_84 5.14 -5.14 49.07 0 0 0 2383 2357
f1h_91 f0_73 f0_126 0.08 -0.08 48.56 0 0 0 2290 2321
f1h_93 f0_62 f0_107 0.05 -0.05 44.84 0 0 0 2301 2293
f1h_94 f0_160 f0_193 2.46 -2.46 47.78 0 0 0 2323 2388
f1h_100 f0_14 f0_85 -0.8 0.8 47.13 0 0 0 2322 2272
f1h_101 f0_120 f0_137 8.54 -8.54 45.88 0 0 0 2335 2370
f1h_103 f0_21 f0_135 -8.81 8.81 43.67 0 0 0 2320 2332
f1h_106 f0_98 f0_106 0.7 -0.7 48.69 0 0 0 2316 2295
f1h_107 f0_160 f0_181 -3.3 3.3 45.86 0 0 0 2296 2356
f1h_109 f0_5 f0_178 -5.08 5.08 42.1 0 0 0 2351 2335
f1h_110 f0_8 f0_179 -1.85 1.85 47.17 0 0 0 2315 2305
f1h_111 f0_68 f0_157 -3.7 3.7 48.96 0 0 0 2341 2314
f1h_112 f0_8 f0_137 6.5 -6.5 45.27 0 0 0 2315 2395
f1h_115 f0_13 f0_90 -2.26 2.26 45.55 0 0 0 2306 2357
f1h_118 f0_43 f0_93 -4.71 4.71 46.61 0 0 0 2390 2340
f1h_121 f0_46 f0_108 0.17 -0.17 48.04 0 0 0 2321 2315
f1h_122 f0_25 f0_141 6.51 -6.51 39.64 0 0 0 2287 2301
f1h_125 f0_139 f0_152 -1.19 1.19 47.22 0 0 0 2328 2297
f1h_129 f0_2 f0_129 2.01 -2.01 47.16 0 0 0 2390 2378
f1h_130 f0_22 f0_159 -6.98 6.98 47.62 0 0 0 2298 2280
f1h_131 f0_24 f0_114 -7.33 7.33 43.37 0 0 0 2348 2360
f1h_132 f0_119 f0_181 3.97 -3.97 46.16 0 0 0 2373 2370
f1h_134 f0_81 f0_85 -4.25 4.25 51.27 0 0 0 2366 2341
f1h_135 f0_100 f0_200 -7.56 7.56 46.43 0 0 0 2368 2362
f1h_136 f0_38 f0_73 -1.76 1.76 49.59 0 0 0 2341 2319
f1h_138 f0_1 f0_141 -6.61 6.61 46.02 0 0 0 2314 2318
f1h_139 f0_11 f0_69 4.11 -4.11 47.4 0 0 0 2301 2328
f1h_140 f0_125 f0_172 -5.77 5.77 48.04 0 0 0 2359 2297
f1h_142 f0_6 f0_47 -0.97 0.97 50.15 0 0 0 2320 2315
f1h_146 f0_34 f0_64 3.01 -3.01 49.78 0 0 0 2411 2383
f1h_147 f0_4 f0_163 -6.79 6.79 45.62 0 0 0 2302 2314
f1h_148 f0_24 f0_190 0.58 -0.58 44.21 0 0 0 2325 2329
f1h_150 f0_28 f0_50 -4.56 4.56 46.46 0 0 0 2335 2371
f1h_151 f0_16 f0_133 -3.15 3.15 44.71 0 0 0 2284 2289
f1h_156 f0_20 f0_48 11.97 -11.97 39.69 0 0 0 2324 2314
f1h_157 f0_39 f0_163 -1.02 1.02 50.08 0 0 0 2344 2330
f1h_159 f0_64 f0_185 -1.05 1.05 49.34 0 0 0 2335 2331
f1h_165 f0_74 f0_85 -4.73 4.73 43.74 0 0 0 2340 2312
f1h_166 f0_69 f0_144 2.38 -2.38 49.45 0 0 0 2353 2335
f1h_169 f0_59 f0_190 -0.64 0.64 51.61 0 0 0 2283 2306
f1h_170 f0_92 f0_199 -0.84 0.84 47.58 0 0 0 2276 2241
f1h_174 f0_35 f0_107 -1.99 1.99 47.17 0 0 0 2323 2254
f1h_175 f0_15 f0_65 -5.05 5.05 45.28 0 0 0 2311 2348
f1h_176 f0_48 f0_167 2.8 -2.8 46.52 0 0 0 2287 2283
f1h_177 f0_57 f0_133 3.26 -3.26 46.36 0 0 0 2305 2311
f1h_178 f0_32 f0_147 -1.43 1.43 49.24 0 0 0 2350 2285
f1h_180 f0_8 f0_25 1.24 -1.24 43.69 0 0 0 2343 2304
f1h_183 f0_65 f0_100 -0.99 0.99 46.74 0 0 0 2318 2350
f1h_186 f0_90 f0_154 -3.86 3.86 43.88 0 0 0 2326 2282
f1h_187 f0_114 f0_168 4.49 -4.49 47.59 0 0 0 2304 2308
f1h_190 f0_82 f0_94 4.04 -4.04 45.59 0 0 0 2336 2370
f1h_191 f0_75 f0_200 -9.84 9.84 43.96 0 0 0 2313 2296
f1h_192 f0_97 f0_196 -4.26 4.26 42.31 0 0 0 2320 2315
f1h_194 f0_110 f0_115 -4.13 4.13 45 0 0 0 2301 2286
f1h_196 f0_49 f0_178 -11.13 11.13 41.98 0 0 0 2368 2344
f1h_198 f0_119 f0_126 2.04 -2.04 46.59 0 0 0 2324 2352
f1h_200 f0_66 f0_99 -1.4 1.4 49 0 0 0 2366 2355
f1h_201 f0_151 f0_153 3.22 -3.22 47.11 0 0 0 2353 2358
f1h_202 f0_105 f0_178 1.33 -1.33 46.62 0 0 0 2333 2319
f1h_205 f0_101 f0_119 -8.22 8.22 42.25 0 0 0 2364 2344
f1h_206 f0_37 f0_185 -7.38 7.38 40.14 0 0 0 2324 2298
f1h_208 f0_134 f0_191 1.2 -1.2 47.86 0 0 0 2322 2361
f1h_209 f0_62 f0_139 3.46 -3.46 44.54 0 0 0 2326 2342
f1h_211 f0_66 f0_143 2 -2 47.28 0 0 0 2344 2341
f1h_213 f0_116 f0_152 -4.21 4.21 45.91 0 0 0 2288 2307
f1h_214 f0_7 f0_186 2.95 -2.95 43.59 0 0 0 2380 2298
f1h_215 f0_14 f0_124 -4.62 4.62 49.21 0 0 0 2365 2317
f1h_216 f0_55 f0_133 -0.86 0.86 45.33 0 0 0 2344 2345
f1h_219 f0_25 f0_172 0.1 -0.1 45.56 0 0 0 2313 2332
f1h_221 f0_131 f0_154 5.92 -5.92 48.76 0 0 0 2370 2308
f1h_222 f0_75 f0_156 -2.46 2.46 46.51 0 0 0 2349 2278
f1h_223 f0_89 f0_140 -0.43 0.43 47.57 0 0 0 2284 2289
f1h_224 f0_36 f0_200 -0.36 0.36 46.16 0 0 0 2423 2345
f1h_225 f0_50 f0_60 -0.7 0.7 47.46 0 0 0 2321 2323
f1h_226 f0_145 f0_191 0.67 -0.67 48.35 0 0 0 2318 2302
f1h_227 f0_19 f0_79 2.99 -2.99 47.85 0 0 0 2374 2344
f1h_228 f0_58 f0_181 1.04 -1.04 45.36 0 0 0 2275 2323
f1h_229 f0_59 f0_183 3.61 -3.61 50.89 0 0 0 2301 2250
f1h_230 f0_100 f0_138 1.61 -1.61 44.34 0 0 0 2325 2319
f1h_231 f0_3 f0_80 4.12 -4.12 43.69 0 0 0 2359 2304
f1h_232 f0_88 f0_96 -0.4 0.4 49.39 0 0 0 2325 2341
f1h_235 f0_29 f0_45 2.88 -2.88 46.42 0 0 0 2316 2303
f1h_236 f0_6 f0_59 4.19 -4.19 47.12 0 0 0 2371 2331
f1h_237 f0_75 f0_155 3.48 -3.48 47.72 0 0 0 2356 2343
f1h_241 f0_55 f0_137 5.09 -5.09 46.71 0 0 0 2327 2377
f1h_244 f0_39 f0_130 4.24 -4.24 47.94 0 0 0 2372 2309
f1h_246 f0_71 f0_158 1.61 -1.61 47.26 0 0 0 2299 2328
f1h_247 f0_115 f0_154 -5.62 5.62 46.45 0 0 0 2293 2312
f1h_250 f0_32 f0_184 -2.96 2.96 47.43 0 0 0 2316 2371
f1h_251 f0_53 f0_123 5.64 -5.64 44.63 0 0 0 2320 2383
f1h_252 f0_128 f0_150 -1.59 1.59 48.5 0 0 0 2361 2323
f1h_253 f0_80 f0_83 0.86 -0.86 48.8 0 0 0 2293 2330
f1h_254 f0_140 f0_145 5.96 -5.96 49.32 0 0 0 2320 2331
f1h_255 f0_44 f0_111 -3.26 3.26 44.49 0 0 0 2347 2365
f1h_256 f0_149 f0_171 0.77 -0.77 48.54 0 0 0 2333 2379
f1h_257 f0_59 f0_176 -0.49 0.49 46.46 0 0 0 2317 2290
f1h_263 f0_44 f0_64 4.67 -4.67 47.14 0 0 0 2306 2349
f1h_264 f0_151 f0_195 -0.05 0.05 48.2 0 0 0 2323 2331
f1h_265 f0_127 f0_157 7.83 -7.83 44.26 0 0 0 2304 2318
f1h_266 f0_36 f0_137 1.16 -1.16 47.21 0 0 0 2352 2333
f1h_271 f0_53 f0_98 -0.4 0.4 49.89 0 0 0 2340 2364
f1h_274 f0_88 f0_184 2.2 -2.2 46.43 0 0 0 2351 2370
f1h_275 f0_98 f0_121 -4.59 4.59 47.35 0 0 0 2326 2331
f1h_277 f0_167 f0_197 -1.83 1.83 44.92 0 0 0 2353 2363
f1h_280 f0_21 f0_66 -2.19 2.19 45.67 0 0 0 2328 2330
f1h_282 f0_40 f0_131 -5.22 5.22 43.46 0 0 0 2365 2355
f1h_283 f0_94 f0_172 -1.23 1.23 43.5 0 0 0 2363 2364
f1h_284 f0_24 f0_150 -9.46 9.46 38.82 0 0 0 2323 2321
f1h_285 f0_63 f0_150 1.08 -1.08 47.98 0 0 0 2332 2323
f1h_286 f0_3 f0_55 3.73 -3.73 44.32 0 0 0 2338 2333
f1h_289 f0_41 f0_150 2.27 -2.27 46.1 0 0 0 2378 2306
f1h_290 f0_132 f0_137 -0.2 0.2 48.08 0 0 0 2336 2369
f1h_291 f0_79 f0_127 -1.96 1.96 47.85 0 0 0 2381 2352
f1h_294 f0_126 f0_197 0.47 -0.47 46.56 0 0 0 2369 2371
f1h_299 f0_23 f0_85 1.37 -1.37 50.68 0 0 0 2324 2309
f1h_301 f0_124 f0_134 -4.66 4.66 45.71 0 0 0 2322 2283
f1h_303 f0_35 f0_170 -3.85 3.85 42.95 0 0 0 2327 2247
f1h_304 f0_52 f0_157 6.89 -6.89 44.68 0 0 0 2330 2369
f1h_305 f0_7 f0_8 4.04 -4.04 45.83 0 0 0 2354 2313
f1h_307 f0_130 f0_150 -0.66 0.66 44.57 0 0 0 2346 2368
f1h_308 f0_51 f0_171 -1.34 1.34 54.09 0 0 0 2330 2403
f1h_310 f0_110 f0_122 1.72 -1.72 48.57 0 0 0 2328 2337
f1h_311 f0_50 f0_193 1.9 -1.9 44.89 0 0 0 2345 2330
f1h_312 f0_75 f0_155 -1.21 1.21 48.84 0 0 0 2365 2348
f1h_313 f0_195 f0_196 -1.73 1.73 44.92 0 0 0 2339 2310
f1h_314 f0_89 f0_179 7.62 -7.62 44.6 0 0 0 2344 2324
f1h_316 f0_3 f0_63 -3.25 3.25 46.41 0 0 0 2371 2380
f1h_317 f0_138 f0_184 -0.51 0.51 47.88 0 0 0 2309 2355
f1h_319 f0_23 f0_40 -3.31 3.31 50.03 0 0 0 2304 2315
f1h_322 f0_11 f0_62 0.9 -0.9 45.9 0 0 0 2289 2270
f1h_323 f0_55 f0_99 -2.49 2.49 44.6 0 0 0 2313 2303
f1h_324 f0_114 f0_144 2.45 -2.45 46.86 0 0 0 2308 2298
f1h_326 f0_114 f0_155 1.76 -1.76 44.17 0 0 0 2308 2319
f1h_328 f0_56 f0_191 -4.12 4.12 45.82 0 0 0 2321 2339
f1h_331 f0_111 f0_166 7.29 -7.29 45.33 0 0 0 2335 2314
f1h_333 f0_92 f0_188 -4.64 4.64 47.92 0 0 0 2322 2317
f1h_335 f0_31 f0_188 1.09 -1.09 49.4 0 0 0 2318 2314
f1h_337 f0_32 f0_97 2.08 -2.08 47.16 0 0 0 2353 2313
f1h_338 f0_119 f0_180 1.31 -1.31 49.16 0 0 0 2315 2313
f1h_339 f0_54 f0_192 6.61 -6.61 45.34 0 0 0 2280 2335
f1h_340 f0_33 f0_37 -5.73 5.73 46.28 0 0 0 2316 2344
f1h_341 f0_80 f0_138 3.43 -3.43 44.89 0 0 0 2307 2345
f1h_342 f0_92 f0_195 1.73 -1.73 51.53 0 0 0 2330 2291
f1h_343 f0_59 f0_132 1.07 -1.07 49.22 0 0 0 2326 2323
f1h_344 f0_101 f0_197 3.3 -3.3 41.88 0 0 0 2344 2353
f1h_346 f0_71 f0_200 -5.48 5.48 44.39 0 0 0 2304 2322
f1h_347 f0_20 f0_32 2.89 -2.89 51.36 0 0 0 2347 2359
f1h_350 f0_134 f0_187 1.73 -1.73 46.23 0 0 0 2299 2324
f1h_351 f0_18 f0_167 -4.06 4.06 49.94 0 0 0 2373 2396
f1h_352 f0_45 f0_195 3.34 -3.34 51.66 0 0 0 2326 2348
f1h_354 f0_172 f0_194 -0.22 0.22 50.22 0 0 0 2344 2303
f1h_356 f0_70 f0_195 -0.1 0.1 50.9 0 0 0 2349 2334
f1h_357 f0_36 f0_188 3.41 -3.41 47.27 0 0 0 2411 2339
f1h_358 f0_33 f0_119 -4.39 4.39 47.12 0 0 0 2319 2347
f1h_359 f0_16 f0_93 2.36 -2.36 46.2 0 0 0 2324 2329
f1h_360 f0_48 f0_84 2.08 -2.08 50.03 0 0 0 2400 2365
f1h_362 f0_93 f0_126 3.85 -3.85 48.99 0 0 0 2290 2325
f1h_363 f0_26 f0_161 9.76 -9.76 40.98 0 0 0 2328 2366
f1h_364 f0_22 f0_72 0.07 -0.07 47.49 0 0 0 2290 2324
f1h_365 f0_51 f0_81 -0.01 0.01 50.06 0 0 0 2369 2365
f1h_366 f0_26 f0_191 7.84 -7.84 42.86 0 0 0 2316 2355
f1h_368 f0_81 f0_91 -4.18 4.18 44.28 0 0 0 2324 2329
f1h_369 f0_77 f0_191 -11.05 11.05 39.55 0 0 0 2309 2324
f1h_370 f0_30 f0_82 -3.84 3.84 48.24 0 0 0 2351 2325
f1h_373 f0_85 f0_194 -0.58 0.58 46.33 0 0 0 2289 2290
f1h_374 f0_119 f0_144 -2.61 2.61 46.02 0 0 0 2332 2319
f1h_376 f0_67 f0_97 3.46 -3.46 45.9 0 0 0 2303 2266
f1h_378 f0_98 f0_155 3.94 -3.94 47.33 0 0 0 2300 2285
f1h_379 f0_109 f0_168 -1.51 1.51 44.8 0 0 0 2308 2324
f1h_381 f0_106 f0_153 -1.78 1.78 44.23 0 0 0 2320 2329
f1h_382 f0_111 f0_199 -5.6 5.6 41.41 0 0 0 2329 2279
f1h_383 f0_87 f0_147 -5.19 5.19 47.97 0 0 0 2349 2273
f1h_384 f0_22 f0_146 8.81 -8.81 44.99 0 0 0 2328 2389
f1h_391 f0_38 f0_83 -1.89 1.89 51.83 0 0 0 2396 2338
f1h_392 f0_79 f0_145 -10.31 10.31 41.07 0 0 0 2290 2364
f1h_393 f0_21 f0_157 2.35 -2.35 48.31 0 0 0 2356 2356
f1h_394 f0_69 f0_178 -1.99 1.99 44.37 0 0 0 2319 2272
f1h_396 f0_82 f0_150 -9.12 9.12 42.44 0 0 0 2307 2288
f1h_397 f0_67 f0_194 -3.18 3.18 47.88 0 0 0 2352 2347
f1h_399 f0_44 f0_88 -1.73 1.73 46.82 0 0 0 2285 2297
f1h_401 f0_78 f0_83 1.77 -1.77 47.62 0 0 0 2331 2313
f1h_404 f0_14 f0_69 4.08 -4.08 48.96 0 0 0 2373 2383
f1h_405 f0_64 f0_87 0.97 -0.97 47.75 0 0 0 2384 2389
f1h_407 f0_35 f0_64 7.49 -7.49 46.55 0 0 0 2304 2352
f1h_408 f0_56 f0_148 -0.84 0.84 48.74 0 0 0 2359 2339
f1h_410 f0_7 f0_129 7.18 -7.18 43.95 0 0 0 2384 2390
f1h_411 f0_7 f0_157 3.86 -3.86 47.45 0 0 0 2369 2340
f1h_412 f0_121 f0_141 -0.89 0.89 49.54 0 0 0 2356 2316
f1h_413 f0_9 f0_28 4.45 -4.45 46.16 0 0 0 2321 2299
f1h_414 f0_49 f0_116 1.97 -1.97 51.22 0 0 0 2310 2304
f1h_415 f0_98 f0_198 6.1 -6.1 47.58 0 0 0 2353 2394
f1h_416 f0_26 f0_175 1.28 -1.28 46.74 0 0 0 2294 2348
f1h_419 f0_51 f0_162 2.36 -2.36 49.31 0 0 0 2295 2297
f1h_422 f0_26 f0_199 -3.37 3.37 42.24 0 0 0 2278 2260
f1h_423 f0_56 f0_129 -6.73 6.73 45.95 0 0 0 2417 2383
f1h_424 f0_17 f0_45 -1.82 1.82 47.35 0 0 0 2314 2292
f1h_425 f0_149 f0_176 2.03 -2.03 45.78 0 0 0 2336 2324
f1h_426 f0_169 f0_178 1.63 -1.63 51.26 0 0 0 2310 2341
f1h_429 f0_46 f0_128 3.78 -3.78 51.34 0 0 0 2340 2365
f1h_433 f0_102 f0_159 0.36 -0.36 47.54 0 0 0 2390 2327
f1h_434 f0_35 f0_130 0.37 -0.37 47.99 0 0 0 2347 2333
f1h_437 f0_47 f0_159 3.74 -3.74 43.64 0 0 0 2336 2298
f1h_438 f0_113 f0_197 -9.65 9.65 41.94 0 0 0 2365 2336
f1h_439 f0_1 f0_200 4.72 -4.72 45.01 0 0 0 2274 2279
f1h_441 f0_14 f0_35 -10.28 10.28 49.62 0 0 0 2365 2352
f1h_444 f0_30 f0_160 -4.62 4.62 49.66 0 0 0 2375 2295
f1h_448 f0_5 f0_61 1.62 -1.62 50.23 0 0 0 2311 2339
f1h_449 f0_158 f0_177 3.55 -3.55 48.2 0 0 0 2376 2350
f1h_450 f0_38 f0_103 -1.26 1.26 50.45 0 0 0 2392 2374
f1h_453 f0_34 f0_145 8.3 -8.3 46.06 0 0 0 2339 2345
f1h_454 f0_18 f0_44 -2.43 2.43 46.73 0 0 0 2313 2292
f1h_456 f0_157 f0_185 -1.64 1.64 46.77 0 0 0 2329 2319
f1h_458 f0_34 f0_74 1.28 -1.28 49.09 0 0 0 2364 2297
f1h_459 f0_123 f0_163 -2.86 2.86 46.81 0 0 0 2372 2327
f1h_460 f0_128 f0_182 -1.01 1.01 49.29 0 0 0 2372 2306
f1h_462 f0_182 f0_193 3.2 -3.2 45.09 0 0 0 2351 2390
f1h_463 f0_85 f0_189 2.18 -2.18 50.27 0 0 0 2310 2356
f1h_464 f0_78 f0_167 -4.26 4.26 43.81 0 0 0 2328 2337
f1h_465 f0_37 f0_65 3.23 -3.23 45.8 0 0 0 2366 2332
f1h_466 f0_178 f0_187 -1.19 1.19 43.91 0 0 0 2347 2330
f1h_467 f0_85 f0_132 2.01 -2.01 47.81 0 0 0 2311 2336
f1h_469 f0_120 f0_133 -1.45 1.45 43.8 0 0 0 2286 2298
f1h_470 f0_86 f0_192 7.47 -7.47 46.66 0 0 0 2324 2342
f1h_472 f0_83 f0_152 -5.01 5.01 44.44 0 0 0 2349 2331
f1h_473 f0_26 f0_92 10.51 -10.51 42.97 0 0 0 2322 2350
f1h_474 f0_31 f0_59 2.46 -2.46 49.35 0 0 0 2337 2325
f1h_475 f0_42 f0_82 -6.34 6.34 46.57 0 0 0 2350 2285
f1h_476 f0_89 f0_158 0.07 -0.07 46.65 0 0 0 2285 2305
f1h_477 f0_33 f0_42 1.21 -1.21 50.19 0 0 0 2320 2342
f1h_480 f0_76 f0_194 4.9 -4.9 43.83 0 0 0 2310 2317
f1h_482 f0_89 f0_184 -3.06 3.06 42.89 0 0 0 2329 2361
f1h_483 f0_45 f0_66 1.96 -1.96 51.35 0 0 0 2298 2306
f1h_484 f0_76 f0_172 1.15 -1.15 45 0 0 0 2349 2340
f1h_485 f0_122 f0_150 4.73 -4.73 43.63 0 0 0 2300 2281
f1h_486 f0_138 f0_141 -1.89 1.89 44.37 0 0 0 2307 2277
f1h_487 f0_135 f0_170 3.13 -3.13 45.6 0 0 0 2350 2252
f1h_489 f0_22 f0_52 3.75 -3.75 46.33 0 0 0 2285 2309
f1h_494 f0_35 f0_48 6.6 -6.6 47.78 0 0 0 2372 2382
f1h_495 f0_34 f0_107 2.04 -2.04 46.5 0 0 0 2401 2282
f1h_496 f0_78 f0_148 2.65 -2.65 47.54 0 0 0 2292 2296
f1h_498 f0_148 f0_198 -4.53 4.53 46.76 0 0 0 2348 2352
f1w_9 f0_806 f0_997 -2.32 2.32 47.95 0 0 0 2304 2324
f1w_16 f0_268 f0_726 -6.24 6.24 42.71 0 0 0 2291 2295
f1w_24 f0_480 f0_957 -2.58 2.58 46.87 0 0 0 2321 2348
f1w_32 f0_757 f0_911 1.33 -1.33 47.9 0 0 0 2347 2328
f1w_41 f0_477 f0_988 0.79 -0.79 44.66 0 0 0 2313 2318
f1w_59 f0_590 f0_591 0.17 -0.17 46.81 0 0 0 2353 2344
f1w_61 f0_281 f0_602 -2.12 2.12 50.78 0 0 0 2345 2310
f1w_64 f0_504 f0_929 4.81 -4.81 42.98 0 0 0 2287 2321
f1w_88 f0_293 f0_579 -3.8 3.8 49.1 0 0 0 2337 2295
f1w_89 f0_442 f0_631 -1.54 1.54 46.13 0 0 0 2334 2332
f1w_91 f0_362 f0_391 -3.87 3.87 49.25 0 0 0 2334 2340
f1w_92 f0_347 f0_818 -1.28 1.28 46.72 0 0 0 2275 2329
f1w_102 f0_432 f0_820 -1.73 1.73 48.54 0 0 0 2350 2287
f1w_105 f0_558 f0_632 -3.28 3.28 43.46 0 0 0 2361 2357
f1w_135 f0_678 f0_999 -0.62 0.62 49.11 0 0 0 2335 2345
f1w_140 f0_352 f0_621 2.03 -2.03 51.39 0 0 0 2345 2275
f1w_141 f0_421 f0_683 4.32 -4.32 48.9 0 0 0 2331 2270
f1w_149 f0_631 f0_695 2.2 -2.2 48.48 0 0 0 2291 2274
f1w_151 f0_264 f0_717 0.15 -0.15 47.93 0 0 0 2222 2312
f1w_153 f0_804 f0_818 1.44 -1.44 50.56 0 0 0 2295 2344
f1w_167 f0_334 f0_799 -5.68 5.68 46.44 0 0 0 2279 2328
f1w_170 f0_515 f0_884 -3.14 3.14 47.8 0 0 0 2384 2359
f1w_180 f0_232 f0_748 -1.82 1.82 50.82 0 0 0 2362 2335
f1w_187 f0_283 f0_503 -4.89 4.89 46.63 0 0 0 2327 2311
f1w_191 f0_231 f0_452 0.97 -0.97 50.31 0 0 0 2302 2316
f1w_200 f0_477 f0_483 1.13 -1.13 49.21 0 0 0 2314 2315
f1w_206 f0_304 f0_453 0.9 -0.9 49.24 0 0 0 2425 2384
f1w_211 f0_540 f0_983 1.86 -1.86 45.27 0 0 0 2273 2327
f1w_213 f0_476 f0_694 1.16 -1.16 50.44 0 0 0 2286 2326
f1w_217 f0_263 f0_851 -1.37 1.37 48.33 0 0 0 2303 2327
f1w_218 f0_256 f0_894 -3.34 3.34 51.07 0 0 0 2369 2328
f1w_220 f0_302 f0_640 -5.19 5.19 45.09 0 0 0 2303 2333
f1w_225 f0_820 f0_845 -0.58 0.58 50.36 0 0 0 2284 2324
f1w_229 f0_605 f0_680 1.51 -1.51 46.65 0 0 0 2259 2281
f1w_233 f0_757 f0_822 -1.18 1.18 46.74 0 0 0 2378 2312
f1w_241 f0_758 f0_856 -4.72 4.72 50.08 0 0 0 2301 2391
f1w_248 f0_675 f0_994 -4.06 4.06 48.52 0 0 0 2375 2369
f1w_249 f0_471 f0_924 -2.61 2.61 47.23 0 0 0 2312 2358
f1w_257 f0_434 f0_915 -6.79 6.79 41.97 0 0 0 2349 2303
f1w_259 f0_206 f0_631 3.08 -3.08 44.99 0 0 0 2293 2284
f1w_261 f0_585 f0_881 -1.93 1.93 47.08 0 0 0 2318 2303
f1w_262 f0_319 f0_473 5.48 -5.48 42.64 0 0 0 2323 2286
f1w_264 f0_454 f0_470 4.18 -4.18 48.66 0 0 0 2332 2303
f1w_277 f0_289 f0_700 -0.72 0.72 43.22 0 0 0 2268 2267
f1w_288 f0_432 f0_978 -2.42 2.42 47.29 0 0 0 2279 2247
f1w_290 f0_582 f0_813 -6.5 6.5 45.12 0 0 0 2313 2307
f1w_291 f0_649 f0_719 -3.46 3.46 43.7 0 0 0 2341 2358
f1w_293 f0_554 f0_912 2.33 -2.33 49.82 0 0 0 2349 2353
f1w_296 f0_617 f0_682 -1.86 1.86 46.25 0 0 0 2337 2336
f1w_298 f0_238 f0_617 -4.31 4.31 46.17 0 0 0 2367 2335
f1w_300 f0_409 f0_614 2.35 -2.35 47.21 0 0 0 2312 2328
f1w_304 f0_683 f0_732 -5.05 5.05 45.26 0 0 0 2341 2347
f1w_306 f0_585 f0_897 1.11 -1.11 48.79 0 0 0 2301 2318
f1w_309 f0_329 f0_411 -0.22 0.22 53.28 0 0 0 2322 2314
f1w_311 f0_530 f0_978 -11.71 11.71 38.36 0 0 0 2385 2335
f1w_322 f0_414 f0_579 2.39 -2.39 47.4 0 0 0 2323 2330
f1w_326 f0_419 f0_676 3.43 -3.43 44.56 0 0 0 2345 2380
f1w_329 f0_564 f0_694 0.64 -0.64 50.92 0 0 0 2318 2335
f1w_333 f0_228 f0_319 3.62 -3.62 48.79 0 0 0 2362 2356
f1w_335 f0_627 f0_937 -5.43 5.43 44.48 0 0 0 2316 2328
f1w_348 f0_283 f0_998 4.08 -4.08 49.99 0 0 0 2388 2413
f1w_351 f0_234 f0_628 -2.69 2.69 46.74 0 0 0 2315 2366
f1w_360 f0_430 f0_522 0.73 -0.73 46.73 0 0 0 2280 2249
f1w_364 f0_410 f0_950 -1.8 1.8 49.48 0 0 0 2361 2336
f1w_369 f0_502 f0_560 7.32 -7.32 45.79 0 0 0 2376 2376
f1w_370 f0_910 f0_981 -2.45 2.45 44.25 0 0 0 2312 2325
f1w_374 f0_258 f0_876 -6.88 6.88 45.01 0 0 0 2333 2367
f1w_376 f0_502 f0_807 -9.4 9.4 45.69 0 0 0 2342 2341
f1w_377 f0_347 f0_360 1.79 -1.79 49.64 0 0 0 2330 2328
f1w_386 f0_278 f0_876 -4.67 4.67 44.9 0 0 0 2342 2335
f1w_390 f0_857 f0_895 -3.46 3.46 45.96 0 0 0 2338 2357
f1w_393 f0_274 f0_295 6.24 -6.24 43.65 0 0 0 2365 2376
f1w_400 f0_429 f0_470 -0.9 0.9 47.32 0 0 0 2368 2310
f1w_406 f0_334 f0_658 0.73 -0.73 47.62 0 0 0 2245 2335
f1w_407 f0_463 f0_865 3.35 -3.35 48 0 0 0 2307 2291
f1w_410 f0_543 f0_598 -4.66 4.66 48.86 0 0 0 2422 2347
f1w_411 f0_213 f0_395 -3.36 3.36 46.29 0 0 0 2372 2363
f1w_416 f0_221 f0_488 -0.13 0.13 50.37 0 0 0 2335 2300
f1w_417 f0_360 f0_479 0.26 -0.26 49.14 0 0 0 2279 2320
f1w_422 f0_378 f0_519 0.93 -0.93 47.55 0 0 0 2301 2355
f1w_426 f0_228 f0_802 -2.58 2.58 45.18 0 0 0 2341 2332
f1w_436 f0_674 f0_774 -2.66 2.66 45.85 0 0 0 2366 2325
f1w_438 f0_228 f0_822 6.27 -6.27 45.26 0 0 0 2368 2336
f1w_441 f0_240 f0_519 -7.17 7.17 44.77 0 0 0 2330 2355
f1w_449 f0_680 f0_803 -2.31 2.31 49.17 0 0 0 2365 2381
f1w_451 f0_504 f0_910 1.25 -1.25 49.27 0 0 0 2346 2377
f1w_452 f0_359 f0_398 -0.4 0.4 48.22 0 0 0 2303 2368
f1w_453 f0_254 f0_907 -0.09 0.09 52.16 0 0 0 2303 2301
f1w_457 f0_692 f0_822 7.39 -7.39 43.76 0 0 0 2293 2300
f1w_459 f0_860 f0_953 -6.97 6.97 41.17 0 0 0 2269 2335
f1w_464 f0_322 f0_808 1.85 -1.85 46.6 0 0 0 2288 2279
f1w_465 f0_246 f0_628 -0.58 0.58 46.18 0 0 0 2312 2354
f1w_467 f0_341 f0_684 -1.7 1.7 45.45 0 0 0 2335 2319
f1w_472 f0_285 f0_981 4.39 -4.39 49.96 0 0 0 2330 2317
f1w_474 f0_582 f0_806 -4.09 4.09 49.75 0 0 0 2373 2346
f1w_476 f0_572 f0_829 -4.06 4.06 47.52 0 0 0 2332 2331
f1w_479 f0_218 f0_231 -4.64 4.64 43.68 0 0 0 2327 2289
f1w_485 f0_466 f0_538 -8.1 8.1 45.19 0 0 0 2317 2347
f1w_489 f0_282 f0_707 -2.76 2.76 45.75 0 0 0 2299 2337
f1w_493 f0_371 f0_790 0.57 -0.57 51.64 0 0 0 2333 2322
f2_7 f1h_360 f1w_451 -5.34 5.34 48.31 0 0 0 2398 2362
f2_15 f1h_232 f1h_237 0.13 -0.13 46.57 0 0 0 2341 2379
f2_16 f1h_254 f1w_465 -1.19 1.19 48.35 0 0 0 2296 2306
f2_20 f1w_411 f1w_482 2.97 -2.97 47.96 0 0 0 2365 2352
f2_23 f1h_303 f1w_271 5.32 -5.32 47.82 0 0 0 2343 2355
f2_31 f1h_157 f1h_338 -0.54 0.54 51.36 0 0 0 2290 2284
f2_51 f1h_263 f1h_303 -0.06 0.06 48.67 0 0 0 2343 2329
f2_55 f1h_148 f1w_353 3.22 -3.22 47.69 0 0 0 2337 2248
f2_71 f1h_169 f1h_205 -0.99 0.99 45.69 0 0 0 2335 2381
f2_72 f1h_232 f1h_350 -1.84 1.84 47.9 0 0 0 2305 2322
f2_75 f1w_128 f1w_364 -5.12 5.12 49.41 0 0 0 2398 2368
f2_88 f1h_200 f1h_444 7.08 -7.08 45.96 0 0 0 2364 2371
f2_92 f1w_324 f1w_392 -0.96 0.96 46.55 0 0 0 2337 2282
f2_93 f1h_228 f1h_352 9.13 -9.13 46.41 0 0 0 2311 2326
f2_95 f1h_63 f1h_115 5.48 -5.48 47.17 0 0 0 2361 2359
f2_103 f1h_294 f1w_355 1.47 -1.47 48 0 0 0 2338 2321
f2_106 f1h_165 f1w_293 2.71 -2.71 44.99 0 0 0 2322 2317
f2_109 f1h_227 f1w_51 -1.3 1.3 51.87 0 0 0 2372 2405
f2_113 f1h_357 f1w_345 -2.91 2.91 51.48 0 0 0 2359 2305
f2_117 f1h_323 f1w_211 -7.31 7.31 42.97 0 0 0 2307 2367
f2_118 f1h_422 f1h_434 -1.17 1.17 49.27 0 0 0 2280 2376
f2_119 f1h_198 f1w_208 3.5 -3.5 45.64 0 0 0 2366 2329
f2_122 f1h_109 f1h_448 2.33 -2.33 68.47 0 0 0 2329 2320
f2_132 f1h_73 f1h_351 4.68 -4.68 48.87 0 0 0 2336 2366
f2_137 f1w_162 f1w_271 2.74 -2.74 49.04 0 0 0 2311 2351
f2_140 f1w_10 f1w_377 -1.69 1.69 51.01 0 0 0 2286 2353
f2_143 f1h_176 f1h_466 0.18 -0.18 48.97 0 0 0 2301 2361
f2_145 f1h_221 f1w_211 3.23 -3.23 44.75 0 0 0 2351 2314
f2_147 f1h_342 f1w_63 -1.53 1.53 51.71 0 0 0 2362 2409
f2_150 f1h_250 f1h_384 5.44 -5.44 43.06 0 0 0 2326 2363
f2_154 f1h_462 f1w_492 2.55 -2.55 45.31 0 0 0 2350 2323
f2_155 f1w_35 f1w_304 -4.27 4.27 48.53 0 0 0 2356 2361
f2_157 f1h_180 f1h_310 6.89 -6.89 43.08 0 0 0 2337 2308
f2_161 f1w_206 f1w_399 -2.12 2.12 48.51 0 0 0 2393 2356
f2_169 f1h_10 f1w_312 -6.43 6.43 48.7 0 0 0 2363 2274
f2_173 f1h_381 f1w_372 -0.09 0.09 45.76 0 0 0 2372 2359
f2_176 f1h_340 f1h_485 -3.45 3.45 48.8 0 0 0 2363 2321
f2_180 f1h_16 f1h_331 3.16 -3.16 46.65 0 0 0 2341 2357
f2_182 f1w_109 f1w_264 2.73 -2.73 44.31 0 0 0 2332 2303
f2_183 f1h_344 f1h_469 1.72 -1.72 45.33 0 0 0 2326 2271
f2_186 f1h_213 f1h_244 -6.02 6.02 42.27 0 0 0 2280 2333
f2_194 f1h_303 f1h_429 0.45 -0.45 44.76 0 0 0 2320 2348
f2_195 f1h_81 f1h_232 -6.63 6.63 47.97 0 0 0 2329 2357
f2_205 f1h_450 f1w_394 2 -2 49.25 0 0 0 2359 2371
f2_220 f1h_157 f1h_322 -0.54 0.54 46.39 0 0 0 2344 2335
f2_223 f1h_339 f1w_477 -8.88 8.88 42.57 0 0 0 2334 2297
f2_228 f1h_253 f1h_369 -5.37 5.37 46.66 0 0 0 2309 2295
f2_230 f1h_496 f1w_433 -1.74 1.74 49.34 0 0 0 2282 2342
f2_235 f1w_277 f1w_376 -5.22 5.22 44.28 0 0 0 2314 2387
f2_243 f1h_125 f1w_291 2.94 -2.94 47.52 0 0 0 2337 2311
f2_248 f1h_252 f1h_394 -8.4 8.4 42.51 0 0 0 2401 2335
f2_250 f1w_191 f1w_327 -2.64 2.64 48.92 0 0 0 2281 2294
f2_266 f1w_119 f1w_299 5.39 -5.39 46.28 0 0 0 2323 2304
f2_275 f1h_394 f1w_369 2.83 -2.83 47.03 0 0 0 2299 2363
f2_278 f1w_10 f1w_167 0.75 -0.75 45.75 0 0 0 2288 2274
f2_288 f1h_107 f1w_51 6.6 -6.6 49.59 0 0 0 2374 2372
f2_295 f1h_132 f1w_149 -2.84 2.84 46.14 0 0 0 2345 2254
f2_296 f1h_285 f1w_397 1.92 -1.92 48.29 0 0 0 2360 2339
f2_302 f1w_88 f1w_146 -2.06 2.06 47.95 0 0 0 2330 2321
f2_305 f1h_342 f1w_488 2.38 -2.38 44.72 0 0 0 2272 2289
f2_312 f1h_176 f1w_313 -3.84 3.84 52.19 0 0 0 2341 2385
f2_313 f1h_416 f1w_498 3.26 -3.26 43.56 0 0 0 2344 2359
f2_322 f1w_187 f1w_296 -5.59 5.59 46.33 0 0 0 2332 2339
f2_344 f1h_254 f1h_429 -3.76 3.76 41.22 0 0 0 2347 2361
f2_347 f1h_413 f1w_263 1.99 -1.99 45.62 0 0 0 2313 2296
f2_351 f1h_165 f1h_401 0.14 -0.14 47.48 0 0 0 2362 2320
f2_357 f1h_438 f1w_31 5.98 -5.98 41.78 0 0 0 2317 2294
f2_360 f1w_191 f1w_290 -0.76 0.76 47.49 0 0 0 2310 2287
f2_368 f1h_474 f1w_434 4.89 -4.89 47.58 0 0 0 2345 2281
f2_372 f1h_480 f1h_484 6.6 -6.6 56.81 0 0 0 2326 2353
f2_382 f1h_394 f1w_388 -2.47 2.47 48.36 0 0 0 2311 2325
f2_383 f1h_216 f1w_30 -0.4 0.4 52.57 0 0 0 2354 2351
f2_392 f1h_308 f1h_401 -3.56 3.56 44.78 0 0 0 2324 2298
f2_393 f1w_351 f1w_459 3.88 -3.88 45.31 0 0 0 2330 2288
f2_402 f1h_35 f1h_138 2.29 -2.29 48.85 0 0 0 2322 2363
f2_405 f1h_322 f1w_252 -0.28 0.28 48.61 0 0 0 2241 2317
f2_416 f1h_227 f1h_408 7.99 -7.99 46.8 0 0 0 2298 2347
f2_420 f1w_53 f1w_211 2.73 -2.73 45.32 0 0 0 2356 2384
f2_424 f1h_192 f1w_214 2.43 -2.43 49.01 0 0 0 2353 2368
f2_428 f1h_489 f1w_85 2.99 -2.99 48.87 0 0 0 2308 2355
f2_436 f1h_378 f1h_464 -3.23 3.23 46.2 0 0 0 2313 2347
f2_437 f1h_175 f1h_374 -1.89 1.89 42.66 0 0 0 2346 2302
f2_439 f1w_13 f1w_102 -0.86 0.86 44.57 0 0 0 2311 2302
f2_443 f1w_58 f1w_475 -3.83 3.83 47.29 0 0 0 2355 2342
f2_446 f1h_480 f1w_332 -1.88 1.88 43.51 0 0 0 2324 2334
f2_455 f1w_54 f1w_491 -2.12 2.12 49.69 0 0 0 2386 2392
f2_459 f1h_10 f1w_39 2.61 -2.61 46.36 0 0 0 2340 2322
f2_476 f1w_190 f1w_267 -6.26 6.26 44.64 0 0 0 2327 2334
f2_477 f1h_56 f1w_141 0.97 -0.97 46.97 0 0 0 2350 2326
f2_485 f1w_140 f1w_323 6.94 -6.94 48.36 0 0 0 2288 2300
f2_486 f1h_342 f1w_498 -3.4 3.4 46.62 0 0 0 2297 2353
f2_489 f1w_218 f1w_338 -4.86 4.86 48.73 0 0 0 2358 2334
f2_490 f1h_131 f1h_175 -2.52 2.52 47.25 0 0 0 2338 2283
f2_492 f1w_275 f1w_468 -6.67 6.67 43.71 0 0 0 2342 2299
f2_497 f1w_85 f1w_164 3.62 -3.62 47.02 0 0 0 2355 2393
f2_502 f1h_202 f1w_333 3.57 -3.57 46.23 0 0 0 2360 2381
f2_510 f1h_147 f1h_231 4.51 -4.51 46.02 0 0 0 2262 2268
f2_513 f1h_139 f1w_266 3.98 -3.98 47.39 0 0 0 2303 2303
f2_514 f1h_391 f1h_392 -4.11 4.11 45.74 0 0 0 2331 2261
f2_529 f1h_264 f1w_75 4.57 -4.57 52.16 0 0 0 2392 2366
f2_530 f1w_151 f1w_159 -1.79 1.79 43.92 0 0 0 2275 2269
f2_531 f1h_7 f1h_444 5.79 -5.79 46.87 0 0 0 2343 2347
f2_532 f1h_222 f1h_333 -3.24 3.24 44.36 0 0 0 2328 2355
f2_533 f1h_254 f1w_109 -4.98 4.98 46.49 0 0 0 2314 2300
f2_542 f1w_395 f1w_475 2.49 -2.49 52.42 0 0 0 2375 2333
f2_564 f1w_281 f1w_403 0.04 -0.04 51.41 0 0 0 2381 2327
f2_568 f1h_339 f1h_416 -0.41 0.41 47.05 0 0 0 2332 2321
f2_570 f1w_311 f1w_360 3.15 -3.15 46.35 0 0 0 2334 2284
f2_573 f1w_202 f1w_411 2.05 -2.05 48.21 0 0 0 2275 2277
f2_589 f1h_265 f1h_459 -1.57 1.57 46.04 0 0 0 2282 2322
f2_593 f1h_1 f1w_298 0.56 -0.56 44.13 0 0 0 2293 2322
f2_606 f1w_111 f1w_351 -5.16 5.16 43.9 0 0 0 2340 2360
f2_608 f1h_370 f1h_426 5.82 -5.82 44.03 0 0 0 2337 2315
f2_612 f1h_214 f1w_467 -2.97 2.97 51.73 0 0 0 2345 2339
f2_619 f1h_198 f1w_58 -4.94 4.94 46.27 0 0 0 2352 2351
f2_623 f1h_476 f1w_441 2.83 -2.83 44.73 0 0 0 2274 2302
f2_631 f1h_333 f1w_390 2.21 -2.21 45.79 0 0 0 2323 2379
f2_642 f1h_341 f1h_346 -1.74 1.74 50.95 0 0 0 2373 2345
f2_645 f1w_72 f1w_450 -5.21 5.21 45.54 0 0 0 2373 2349
f2_655 f1h_480 f1w_203 2.3 -2.3 46.5 0 0 0 2324 2319
f2_658 f1h_209 f1h_465 3.21 -3.21 46.43 0 0 0 2381 2379
f2_659 f1w_109 f1w_424 0.44 -0.44 47.33 0 0 0 2360 2376
f2_662 f1h_41 f1h_140 -3.66 3.66 46.4 0 0 0 2329 2300
f2_665 f1h_118 f1w_54 0.27 -0.27 49.44 0 0 0 2377 2330
f2_666 f1w_151 f1w_450 4.68 -4.68 45.42 0 0 0 2263 2344
f2_675 f1h_147 f1w_434 -8.78 8.78 45.92 0 0 0 2300 2307
f2_678 f1h_308 f1h_410 -4.91 4.91 47.87 0 0 0 2361 2351
f2_681 f1h_404 f1w_422 4.22 -4.22 46.65 0 0 0 2379 2344
f2_686 f1h_107 f1w_347 6.78 -6.78 46.09 0 0 0 2365 2335
f2_687 f1h_19 f1w_296 -1.47 1.47 46.17 0 0 0 2330 2301
f2_689 f1h_190 f1w_284 -0.08 0.08 45.91 0 0 0 2348 2296
f2_691 f1h_251 f1h_419 -1.29 1.29 45.81 0 0 0 2328 2295
f2_694 f1h_93 f1w_279 2.43 -2.43 48.78 0 0 0 2345 2331
f2_699 f1w_39 f1w_368 6.55 -6.55 47.67 0 0 0 2309 2307
f2_712 f1h_373 f1w_199 1.43 -1.43 47.25 0 0 0 2274 2332
f2_720 f1h_178 f1w_252 1.58 -1.58 44.72 0 0 0 2271 2290
f2_726 f1h_414 f1w_222 0.06 -0.06 49.06 0 0 0 2321 2305
f2_729 f1h_425 f1w_75 3.93 -3.93 48.74 0 0 0 2311 2298
f2_732 f1w_65 f1w_449 -0.88 0.88 48.75 0 0 0 2379 2379
f2_733 f1w_267 f1w_440 -1.25 1.25 47.73 0 0 0 2384 2356
f2_736 f1h_489 f1w_89 0.36 -0.36 49.77 0 0 0 2328 2359
f2_748 f1h_257 f1w_54 13.95 -13.95 42.75 0 0 0 2344 2353
f2_757 f1h_60 f1h_170 1.58 -1.58 47.99 0 0 0 2330 2256
f2_762 f1w_70 f1w_230 0 0 53.33 0 0 0 2318 2356
f2_766 f1h_414 f1w_92 -4.91 4.91 42.25 0 0 0 2301 2291
f2_770 f1h_51 f1w_297 -5.9 5.9 44.03 0 0 0 2347 2284
f2_773 f1w_202 f1w_261 6.3 -6.3 43.4 0 0 0 2327 2343
f2_781 f1h_475 f1w_105 -5.06 5.06 44.64 0 0 0 2302 2356
f2_782 f1w_199 f1w_428 4.27 -4.27 45.4 0 0 0 2350 2330
f2_785 f1h_90 f1h_323 -3.46 3.46 47.28 0 0 0 2345 2316
f2_787 f1h_291 f1w_101 -0.72 0.72 50.3 0 0 0 2404 2402
f2_791 f1h_60 f1h_401 -5.89 5.89 44.3 0 0 0 2385 2355
f2_797 f1w_72 f1w_232 6.02 -6.02 47.66 0 0 0 2373 2345
f2_804 f1h_450 f1w_252 4.57 -4.57 44.3 0 0 0 2374 2335
f2_806 f1h_146 f1h_354 -1.31 1.31 50.16 0 0 0 2386 2363
f2_812 f1h_362 f1w_53 -3.91 3.91 46.65 0 0 0 2320 2325
f2_816 f1h_136 f1h_460 -0.01 0.01 48.2 0 0 0 2313 2298
f2_821 f1h_381 f1w_218 0.67 -0.67 51.29 0 0 0 2385 2376
f2_824 f1h_136 f1w_159 2.07 -2.07 47.52 0 0 0 2290 2290
f2_831 f1h_464 f1w_72 3.66 -3.66 49.65 0 0 0 2338 2376
f2_835 f1h_4 f1w_299 -7.23 7.23 45.29 0 0 0 2271 2282
f2_840 f1h_11 f1h_206 1.68 -1.68 48.83 0 0 0 2317 2286
f2_854 f1h_378 f1w_89 -0.12 0.12 48.17 0 0 0 2284 2321
f2_855 f1h_405 f1w_1 9.39 -9.39 42.4 0 0 0 2355 2299
f2_859 f1h_328 f1w_353 -6.12 6.12 45.28 0 0 0 2358 2312
f2_861 f1h_41 f1h_316 -0.88 0.88 48.56 0 0 0 2306 2351
f2_874 f1h_1 f1w_162 5.54 -5.54 45.73 0 0 0 2301 2288
f2_877 f1h_285 f1w_302 -1.9 1.9 47.52 0 0 0 2319 2317
f2_880 f1h_344 f1w_151 0.54 -0.54 48.67 0 0 0 2287 2252
f2_885 f1w_304 f1w_311 -3.29 3.29 46.28 0 0 0 2356 2359
f2_888 f1h_50 f1w_284 -1.88 1.88 45.44 0 0 0 2321 2301
f2_901 f1w_488 f1w_491 -2.72 2.72 46.22 0 0 0 2333 2333
f2_902 f1h_24 f1h_244 -7.42 7.42 49.17 0 0 0 2349 2353
f2_905 f1h_60 f1w_358 3.25 -3.25 46.73 0 0 0 2321 2322
f2_912 f1h_3 f1h_101 2.32 -2.32 44.36 0 0 0 2330 2344
f2_929 f1h_214 f1h_285 -0.83 0.83 49.42 0 0 0 2353 2371
f2_935 f1h_439 f1w_488 -1.28 1.28 47.5 0 0 0 2238 2301
f2_936 f1h_322 f1h_462 -1.87 1.87 45.78 0 0 0 2338 2387
f2_937 f1h_230 f1h_475 4.04 -4.04 44.11 0 0 0 2314 2318
f2_938 f1h_17 f1h_232 -1.24 1.24 50.49 0 0 0 2327 2318
f2_947 f1h_429 f1w_457 1.78 -1.78 50.77 0 0 0 2353 2328
f2_950 f1h_213 f1w_418 1.21 -1.21 51.41 0 0 0 2344 2381
f2_952 f1h_186 f1w_492 -5.55 5.55 41.35 0 0 0 2306 2325
f2_953 f1h_485 f1w_265 2.46 -2.46 47.94 0 0 0 2291 2315
f2_957 f1h_460 f1w_9 0.29 -0.29 48.35 0 0 0 2352 2349
f2_963 f1h_473 f1w_247 -1.78 1.78 48.29 0 0 0 2363 2346
f2_964 f1h_341 f1w_398 -1.22 1.22 48.48 0 0 0 2316 2312
f2_972 f1w_41 f1w_360 2.04 -2.04 46.58 0 0 0 2314 2303
f2_980 f1h_412 f1w_135 -1.35 1.35 50.2 0 0 0 2344 2363
f2_982 f1h_404 f1w_360 -2.2 2.2 50.57 0 0 0 2340 2284
f2_983 f1h_350 f1w_151 -2.63 2.63 43.61 0 0 0 2267 2234
f2_985 f1w_463 f1w_488 5.78 -5.78 47.11 0 0 0 2351 2364
