id parent1 parent2 LLRparent1 LLRparent2 LLRpair OHparent1 OHparent2 MEpair SNPd.id.parent1 SNPd.id.parent2
f0_5 f0_103 f1h_3 -0.35 0.35 -0.07 0 0 0 62 61
f0_5 f0_182 f1h_3 -0.38 0.38 -0.05 0 0 0 65 61
f0_5 f1h_3 f1w_463 0.75 -0.75 0.09 0 0 0 61 63
f0_6 f0_77 f0_147 0.16 -0.16 0.74 0 0 0 69 69
f0_6 f0_77 f0_829 -0.21 0.21 0.47 0 0 0 69 73
f0_6 f0_77 f1h_258 0.46 -0.46 0.54 0 0 0 69 69
f0_6 f0_77 f1w_280 -0.23 0.23 0.37 0 0 0 69 68
f0_6 f0_77 f2_493 0.28 -0.28 0.74 0 0 0 69 72
f0_6 f0_77 f2_744 0.19 -0.19 0.53 0 0 0 69 65
f0_6 f0_77 f2_839 0.28 -0.28 0.5 0 0 0 69 67
f0_6 f0_77 f2_972 -0.18 0.18 0.47 0 0 0 69 68
f0_6 f0_147 f2_839 0.15 -0.15 0.39 0 0 0 69 67
f0_6 f0_829 f2_839 0.43 -0.43 0.38 0 0 0 73 67
f0_6 f1h_258 f2_839 0.18 -0.18 0.8 0 0 0 69 67
f0_6 f1h_459 f2_839 -0.04 0.04 0.78 0 0 0 69 67
f0_6 f1w_155 f2_839 0.08 -0.08 0.56 0 0 0 68 67
f0_6 f2_744 f2_839 0.44 -0.44 0.24 0 0 0 65 67
f0_8 f0_27 f0_138 -0.13 0.13 0.74 0 0 0 58 57
f0_8 f0_138 f0_183 0.13 -0.13 0.37 0 0 0 57 57
f0_8 f0_138 f1h_305 0.4 -0.4 0.15 0 0 0 57 59
f0_8 f0_138 f1w_40 0.34 -0.34 0.44 0 0 0 57 59
f0_8 f0_138 f1w_143 -0.19 0.19 0.39 0 0 0 57 59
f0_8 f0_138 f2_700 0.24 -0.24 0.02 0 0 0 57 56
f0_8 f0_138 f2_945 -0.22 0.22 0.27 0 0 0 57 60
f0_8 f0_183 f2_292 -0.31 0.31 0.9 0 0 0 57 56
f0_8 f0_225 f1h_305 0.53 -0.53 0.2 0 0 0 58 59
f0_8 f0_225 f1w_143 -0.1 0.1 0.39 0 0 0 58 59
f0_8 f0_953 f1h_305 0.51 -0.51 0.47 0 0 0 56 59
f0_8 f0_953 f1w_143 -0.06 0.06 0.53 0 0 0 56 59
f0_8 f1h_305 f2_700 -0.8 0.8 0.89 0 0 0 59 56
f0_8 f1h_305 f2_945 -0.5 0.5 0.5 0 0 0 59 60
f0_10 f0_56 f1h_205 0.42 -0.42 0.54 0 0 0 59 58
f0_10 f1h_205 f1w_201 -0.53 0.53 0.54 0 0 0 58 59
f0_10 f1h_205 f2_781 -0.5 0.5 0.56 0 0 0 58 60
f0_10 f1h_205 f2_925 -0.57 0.57 0.73 0 0 0 58 61
f0_10 f1w_201 f2_359 -0.08 0.08 0.35 0 0 0 59 63
f0_10 f2_359 f2_399 0 0 0.58 0 0 0 63 64
f0_11 f0_4 f0_204 -0.04 0.04 0.49 0 0 0 64 67
f0_11 f0_4 f1w_335 -0.08 0.08 0.46 0 0 0 64 62
f0_11 f0_4 f2_127 0.53 -0.53 0.55 0 0 0 64 62
f0_11 f0_43 f2_953 0.05 -0.05 0.83 0 0 0 63 63
f0_11 f0_56 f1h_389 0.17 -0.17 0.91 0 0 0 61 58
f0_11 f0_90 f0_715 0.14 -0.14 0.91 0 0 0 64 62
f0_11 f0_90 f2_299 -0.21 0.21 0.07 0 0 0 64 61
f0_11 f0_90 f2_357 0.11 -0.11 0.88 0 0 0 64 67
f0_11 f0_96 f0_715 -0.08 0.08 1.01 0 0 0 63 62
f0_11 f0_122 f0_715 -0.06 0.06 0.74 0 0 0 58 62
f0_11 f0_122 f2_953 -0.13 0.13 0.19 0 0 0 58 63
f0_11 f0_204 f1h_13 0.24 -0.24 0.78 0 0 0 67 61
f0_11 f0_204 f1h_389 0.26 -0.26 0.59 0 0 0 67 58
f0_11 f0_253 f0_588 0.28 -0.28 0.45 0 0 0 64 61
f0_11 f0_253 f1h_120 0.18 -0.18 0.74 0 0 0 64 64
f0_11 f0_253 f1w_335 -0.3 0.3 0.54 0 0 0 64 62
f0_11 f0_253 f2_299 -0.42 0.42 0.5 0 0 0 64 61
f0_11 f0_588 f2_787 -0.16 0.16 0.84 0 0 0 61 63
f0_11 f0_715 f1w_201 -0.4 0.4 0.33 0 0 0 62 60
f0_11 f0_715 f2_299 -0.33 0.33 0.17 0 0 0 62 61
f0_11 f0_715 f2_953 -0.16 0.16 0.74 0 0 0 62 63
f0_11 f1h_120 f1h_389 -0.25 0.25 0.78 0 0 0 64 58
f0_11 f2_357 f2_465 -0.49 0.49 0.47 0 0 0 67 63
f0_13 f0_15 f1h_282 0.53 -0.53 0.85 0 0 0 67 61
f0_13 f0_68 f2_564 0.02 -0.02 0.57 0 0 0 66 65
f0_13 f0_176 f1h_395 0.14 -0.14 0.68 0 0 0 67 61
f0_13 f0_183 f2_237 0.41 -0.41 0.61 0 0 0 65 68
f0_13 f0_225 f1h_395 -0.12 0.12 0.54 0 0 0 64 61
f0_13 f1h_21 f2_223 0.2 -0.2 0.59 0 0 0 69 64
f0_13 f1h_282 f1h_395 -0.41 0.41 0.78 0 0 0 61 61
f0_13 f1h_282 f1w_152 -0.53 0.53 0.16 0 0 0 61 63
f0_13 f1h_339 f1h_395 -0.17 0.17 0.9 0 0 0 66 61
f0_13 f1h_339 f1w_152 -0.21 0.21 0.37 0 0 0 66 63
f0_13 f1h_395 f1w_377 -0.03 0.03 0.75 0 0 0 61 66
f0_15 f0_13 f2_639 0.32 -0.32 0.74 0 0 0 67 67
f0_15 f0_946 f2_277 -0.02 0.02 0.33 0 0 0 62 62
f0_15 f0_946 f2_639 -0.24 0.24 0.69 0 0 0 62 67
f0_15 f0_946 f2_734 -0.53 0.53 0.45 0 0 0 62 62
f0_15 f1w_479 f2_277 -0.01 0.01 0.6 0 0 0 64 62
f0_16 f1w_62 f2_411 -0.22 0.22 1.11 0 0 0 63 58
f0_19 f1w_385 f2_359 -0.29 0.29 0.56 0 0 0 62 65
f0_20 f1h_442 f2_744 -0.27 0.27 0.4 0 0 0 58 59
f0_20 f1w_213 f2_744 -0.42 0.42 0.56 0 0 0 61 59
f0_23 f0_56 f0_188 -0.35 0.35 -0.03 0 0 0 64 68
f0_23 f0_56 f0_207 -0.65 0.65 0.31 0 0 0 64 68
f0_23 f0_56 f0_486 -0.44 0.44 0.31 0 0 0 64 63
f0_23 f0_56 f0_614 -0.22 0.22 0.7 0 0 0 64 63
f0_23 f0_114 f1w_449 0.27 -0.27 0.36 0 0 0 69 65
f0_23 f0_188 f0_930 0.56 -0.56 0.41 0 0 0 68 70
f0_23 f0_486 f0_930 0.34 -0.34 0.45 0 0 0 63 70
f0_23 f0_614 f1w_449 -0.1 0.1 0.41 0 0 0 63 65
f0_23 f0_614 f2_143 0 0 1 0 0 0 63 70
f0_23 f0_930 f1w_449 -0.25 0.25 0.37 0 0 0 70 65
f0_23 f0_930 f2_700 0.07 -0.07 0.76 0 0 0 70 66
f0_25 f0_82 f1h_163 0.53 -0.53 0.45 0 0 0 66 63
f0_25 f0_120 f1h_98 0.31 -0.31 0.31 0 0 0 65 64
f0_25 f0_120 f2_99 0.2 -0.2 0.45 0 0 0 65 70
f0_25 f0_149 f1h_163 0.51 -0.51 0.54 0 0 0 61 63
f0_25 f0_149 f1h_494 0.16 -0.16 0.71 0 0 0 61 66
f0_25 f0_989 f1h_163 0.64 -0.64 0.46 0 0 0 68 63
f0_25 f1h_98 f1h_163 -0.08 0.08 0.46 0 0 0 64 63
f0_25 f1h_163 f1h_395 -0.26 0.26 0.47 0 0 0 63 59
f0_25 f1h_163 f2_99 -0.37 0.37 0.57 0 0 0 63 70
f0_25 f1h_494 f2_500 0.04 -0.04 0.81 0 0 0 66 67
f0_25 f2_99 f2_500 0.14 -0.14 0.87 0 0 0 70 67
f0_26 f0_18 f0_74 0.05 -0.05 0.84 0 0 0 57 58
f0_26 f0_18 f1w_385 -0.01 0.01 -0.18 0 0 0 57 58
f0_26 f0_19 f0_187 -0.15 0.15 1.05 0 0 0 56 55
f0_26 f0_19 f1h_2 0.18 -0.18 1.07 0 0 0 56 57
f0_26 f0_74 f0_486 0.07 -0.07 0.39 0 0 0 58 52
f0_26 f0_74 f1w_222 0.21 -0.21 0.25 0 0 0 58 60
f0_26 f0_141 f1w_143 -0.2 0.2 0.35 0 0 0 57 54
f0_26 f0_187 f1w_143 -0.14 0.14 0.32 0 0 0 55 54
f0_26 f0_187 f1w_385 -0.11 0.11 0.48 0 0 0 55 58
f0_26 f0_486 f1w_143 -0.11 0.11 0.33 0 0 0 52 54
f0_26 f0_486 f2_782 -0.01 0.01 0.51 0 0 0 52 55
f0_26 f1h_2 f1w_143 -0.33 0.33 0.44 0 0 0 57 54
f0_26 f1w_143 f1w_222 0.34 -0.34 0.6 0 0 0 54 60
f0_26 f1w_143 f1w_385 -0.01 0.01 0.36 0 0 0 54 58
f0_26 f1w_143 f2_416 0.21 -0.21 0.72 0 0 0 54 56
f0_26 f1w_385 f2_782 0.03 -0.03 0.64 0 0 0 58 55
f0_27 f0_8 f1w_100 0 0 0.82 0 0 0 58 64
f0_27 f0_8 f2_241 0.02 -0.02 0.55 0 0 0 58 63
f0_27 f0_8 f2_822 -0.29 0.29 0.6 0 0 0 58 59
f0_27 f0_465 f2_241 0.68 -0.68 0.35 0 0 0 63 63
f0_27 f0_465 f2_945 0.65 -0.65 0.39 0 0 0 63 60
f0_27 f0_614 f2_327 0.14 -0.14 0.63 0 0 0 59 61
f0_27 f0_614 f2_945 0.56 -0.56 0.56 0 0 0 59 60
f0_27 f0_718 f2_241 0.13 -0.13 0.54 0 0 0 59 63
f0_27 f0_718 f2_616 0.06 -0.06 0.72 0 0 0 59 62
f0_27 f0_718 f2_945 0.51 -0.51 0.62 0 0 0 59 60
f0_27 f0_876 f2_945 0.25 -0.25 0.79 0 0 0 61 60
f0_31 f1h_91 f1h_117 0.03 -0.03 1.17 0 0 0 68 63
f0_31 f1h_91 f1h_205 -0.31 0.31 0.31 0 0 0 68 60
f0_31 f1h_205 f2_73 -0.19 0.19 0.63 0 0 0 60 62
f0_33 f0_428 f0_989 -0.37 0.37 0.82 0 0 0 61 65
f0_33 f0_428 f1w_298 -0.6 0.6 -0.01 0 0 0 61 64
f0_33 f0_428 f2_639 -0.53 0.53 0.78 0 0 0 61 67
f0_33 f1w_298 f2_879 -0.24 0.24 0.23 0 0 0 64 64
f0_35 f1h_313 f1h_489 0.51 -0.51 1.32 0 0 0 65 65
f0_37 f0_126 f1h_12 0.3 -0.3 1.07 0 0 0 62 60
f0_38 f0_26 f0_284 0.01 -0.01 1.05 0 0 0 54 61
f0_38 f0_26 f0_599 0.13 -0.13 0.92 0 0 0 54 66
f0_38 f0_26 f1h_442 0.07 -0.07 0.53 0 0 0 54 58
f0_38 f0_26 f2_615 -0.21 0.21 0.55 0 0 0 54 61
f0_38 f0_166 f0_195 0.4 -0.4 0.14 0 0 0 62 62
f0_38 f0_166 f0_930 0.27 -0.27 0.61 0 0 0 62 66
f0_38 f0_166 f2_327 0.16 -0.16 0.27 0 0 0 62 62
f0_38 f0_166 f2_782 0.05 -0.05 0.53 0 0 0 62 62
f0_38 f0_195 f0_284 -0.12 0.12 0.72 0 0 0 62 61
f0_38 f0_195 f2_787 -0.08 0.08 0.77 0 0 0 62 65
f0_38 f0_284 f0_930 -0.36 0.36 -0.02 0 0 0 61 66
f0_38 f0_284 f2_327 -0.25 0.25 0.35 0 0 0 61 62
f0_38 f0_599 f2_782 -0.09 0.09 0.46 0 0 0 66 62
f0_38 f0_599 f2_787 0.07 -0.07 0.61 0 0 0 66 65
f0_38 f0_930 f2_787 0.12 -0.12 0.45 0 0 0 66 65
f0_38 f2_259 f2_782 -0.12 0.12 0.57 0 0 0 61 62
f0_38 f2_327 f2_787 0.21 -0.21 0.28 0 0 0 62 65
f0_38 f2_728 f2_787 0.27 -0.27 0.76 0 0 0 63 65
f0_38 f2_782 f2_787 0.23 -0.23 0.62 0 0 0 62 65
f0_39 f0_15 f0_158 0.2 -0.2 0.55 0 0 0 61 58
f0_39 f0_15 f0_280 -0.05 0.05 0.32 0 0 0 61 59
f0_39 f0_15 f0_864 0.14 -0.14 0.42 0 0 0 61 65
f0_39 f0_15 f1w_255 0.23 -0.23 0.24 0 0 0 61 62
f0_39 f0_15 f2_359 0.35 -0.35 0.36 0 0 0 61 62
f0_39 f0_158 f1w_451 -0.31 0.31 0.08 0 0 0 58 61
f0_39 f0_158 f2_3 0.26 -0.26 0.75 0 0 0 58 59
f0_39 f0_280 f2_359 -0.08 0.08 0.67 0 0 0 59 62
f0_39 f0_280 f2_422 -0.41 0.41 -0.07 0 0 0 59 60
f0_39 f0_864 f1w_279 -0.02 0.02 0.6 0 0 0 65 61
f0_39 f0_864 f1w_451 -0.01 0.01 0.17 0 0 0 65 61
f0_39 f0_864 f2_3 0.54 -0.54 0.68 0 0 0 65 59
f0_39 f0_946 f2_359 -0.3 0.3 0.43 0 0 0 58 62
f0_39 f0_946 f2_422 -0.38 0.38 0.41 0 0 0 58 60
f0_39 f1w_255 f1w_451 -0.04 0.04 0.14 0 0 0 62 61
f0_39 f1w_255 f2_3 0.67 -0.67 0.3 0 0 0 62 59
f0_39 f1w_255 f2_359 0.06 -0.06 0.46 0 0 0 62 62
f0_39 f1w_255 f2_422 -0.28 0.28 0.26 0 0 0 62 60
f0_39 f1w_279 f2_359 0.25 -0.25 0.54 0 0 0 61 62
f0_39 f1w_451 f2_359 0.09 -0.09 0.22 0 0 0 61 62
f0_39 f2_3 f2_359 -0.68 0.68 -0.12 0 0 0 59 62
f0_39 f2_109 f2_359 0.36 -0.36 0.25 0 0 0 60 62
f0_39 f2_359 f2_700 -0.09 0.09 0.62 0 0 0 62 60
f0_40 f0_37 f0_703 0.03 -0.03 0.31 0 0 0 62 64
f0_40 f0_37 f1w_133 -0.26 0.26 -0.5 0 0 0 62 63
f0_41 f0_312 f2_651 0.01 -0.01 0.63 0 0 0 64 64
f0_41 f1h_241 f1w_495 0.12 -0.12 1.05 0 0 0 60 66
f0_41 f1h_241 f2_138 -0.29 0.29 0.44 0 0 0 60 63
f0_41 f1h_241 f2_615 -0.31 0.31 0.62 0 0 0 60 62
f0_41 f1h_241 f2_651 -0.33 0.33 0.45 0 0 0 60 64
f0_42 f0_32 f1h_297 0.34 -0.34 0.79 0 0 0 67 66
f0_42 f0_120 f1w_291 0.35 -0.35 0.63 0 0 0 66 63
f0_43 f0_42 f0_372 -0.37 0.37 0.29 0 0 0 67 62
f0_43 f0_42 f0_781 -0.38 0.38 0.33 0 0 0 67 68
f0_43 f0_42 f1h_308 -0.12 0.12 0.76 0 0 0 67 65
f0_43 f0_42 f2_535 -0.35 0.35 0.62 0 0 0 67 64
f0_43 f0_230 f0_372 -0.44 0.44 0.4 0 0 0 62 62
f0_43 f0_230 f1h_308 -0.4 0.4 0.9 0 0 0 62 65
f0_43 f0_230 f2_949 -0.21 0.21 0.99 0 0 0 62 64
f0_43 f0_372 f1h_184 -0.31 0.31 0.53 0 0 0 62 66
f0_43 f0_372 f1h_289 0.42 -0.42 0.6 0 0 0 62 66
f0_43 f0_748 f1h_289 0.05 -0.05 0.4 0 0 0 62 66
f0_43 f0_748 f2_112 0.15 -0.15 0.45 0 0 0 62 60
f0_43 f1h_289 f2_949 0.48 -0.48 0.21 0 0 0 66 64
f0_43 f2_112 f2_949 0.45 -0.45 0.79 0 0 0 60 64
f0_44 f0_111 f0_129 -0.17 0.17 0.53 0 0 0 69 69
f0_44 f0_111 f0_748 0.08 -0.08 0.5 0 0 0 69 62
f0_44 f0_111 f1h_243 0.56 -0.56 0.48 0 0 0 69 65
f0_44 f0_111 f1w_214 0.1 -0.1 0.4 0 0 0 69 63
f0_44 f0_129 f1h_243 0.69 -0.69 0.24 0 0 0 69 65
f0_44 f0_129 f2_744 0.38 -0.38 0.45 0 0 0 69 60
f0_44 f0_154 f2_870 0.06 -0.06 0.56 0 0 0 66 65
f0_44 f0_748 f2_744 -0.13 0.13 0.64 0 0 0 62 60
f0_44 f0_748 f2_870 -0.29 0.29 0.25 0 0 0 62 65
f0_44 f0_748 f2_949 -0.15 0.15 0.27 0 0 0 62 66
f0_44 f1h_243 f1w_214 -0.82 0.82 0.56 0 0 0 65 63
f0_44 f1h_243 f2_744 -0.29 0.29 0.65 0 0 0 65 60
f0_44 f1h_243 f2_870 -0.48 0.48 0.32 0 0 0 65 65
f0_44 f1h_243 f2_925 -0.36 0.36 0.59 0 0 0 65 63
f0_44 f1w_214 f2_345 0.24 -0.24 0.16 0 0 0 63 66
f0_44 f1w_214 f2_384 0.19 -0.19 0.46 0 0 0 63 63
f0_44 f1w_214 f2_744 0.33 -0.33 0.74 0 0 0 63 60
f0_44 f1w_214 f2_870 -0.12 0.12 0.3 0 0 0 63 65
f0_44 f1w_214 f2_949 0.29 -0.29 0.3 0 0 0 63 66
f0_44 f2_870 f2_949 -0.16 0.16 0.38 0 0 0 65 66
f0_45 f0_23 f0_461 -0.48 0.48 0.24 0 0 0 67 61
f0_45 f0_23 f2_289 -0.12 0.12 0.8 0 0 0 67 62
f0_45 f0_23 f2_376 -0.44 0.44 0.18 0 0 0 67 63
f0_45 f0_23 f2_728 -0.48 0.48 0.32 0 0 0 67 61
f0_45 f0_23 f2_778 -0.37 0.37 -0.08 0 0 0 67 64
f0_45 f0_29 f0_68 0.12 -0.12 0.13 0 0 0 61 63
f0_45 f0_29 f0_476 0.29 -0.29 0.44 0 0 0 61 61
f0_45 f0_29 f0_769 0.11 -0.11 0.48 0 0 0 61 62
f0_45 f0_29 f1h_16 0.35 -0.35 0.39 0 0 0 61 61
f0_45 f0_56 f0_461 -0.16 0.16 0.13 0 0 0 60 61
f0_45 f0_56 f1w_459 0.04 -0.04 0.25 0 0 0 60 62
f0_45 f0_56 f2_289 -0.24 0.24 0.54 0 0 0 60 62
f0_45 f0_56 f2_376 -0.02 0.02 -0.1 0 0 0 60 63
f0_45 f0_56 f2_791 0.03 -0.03 0.52 0 0 0 60 67
f0_45 f0_56 f2_888 -0.38 0.38 0.2 0 0 0 60 64
f0_45 f0_68 f0_94 -0.42 0.42 0.47 0 0 0 63 65
f0_45 f0_68 f0_254 -0.01 0.01 0.29 0 0 0 63 63
f0_45 f0_68 f1h_193 -0.42 0.42 0.6 0 0 0 63 61
f0_45 f0_68 f1h_235 -0.12 0.12 0.43 0 0 0 63 66
f0_45 f0_68 f1h_335 -0.01 0.01 0.98 0 0 0 63 66
f0_45 f0_68 f1h_394 0.22 -0.22 0.55 0 0 0 63 64
f0_45 f0_68 f2_143 0.07 -0.39 0.04 0 0 0 63 65
f0_45 f0_68 f2_778 -0.22 -0.01 0.17 0 0 0 63 64
f0_45 f0_68 f2_781 -0.06 0.06 0.64 0 0 0 63 62
f0_45 f0_94 f0_461 -0.07 0.07 0.55 0 0 0 65 61
f0_45 f0_94 f1h_494 0.28 -0.28 0.38 0 0 0 65 64
f0_45 f0_94 f2_728 -0.01 0.01 0.81 0 0 0 65 61
f0_45 f0_104 f0_461 -0.6 0.5 0.18 0 0 0 64 61
f0_45 f0_104 f2_888 -0.28 0.28 0.55 0 0 0 64 64
f0_45 f0_172 f2_781 0.43 -0.43 0.45 0 0 0 66 62
f0_45 f0_195 f0_254 0.17 -0.17 0.72 0 0 0 63 63
f0_45 f0_195 f0_461 -0.06 0.06 0.27 0 0 0 63 61
f0_45 f0_195 f1h_235 0 0 0.59 0 0 0 63 66
f0_45 f0_195 f1h_335 0.41 -0.41 0.5 0 0 0 63 66
f0_45 f0_195 f1h_394 0.32 -0.32 0.58 0 0 0 63 64
f0_45 f0_195 f2_143 0.24 -0.24 0.34 0 0 0 63 65
f0_45 f0_195 f2_376 -0.06 0.06 0.2 0 0 0 63 63
f0_45 f0_195 f2_781 0.28 -0.28 0.08 0 0 0 63 62
f0_45 f0_195 f2_888 -0.04 0.04 0.21 0 0 0 63 64
f0_45 f0_197 f0_200 0.48 -0.48 0.36 0 0 0 63 63
f0_45 f0_197 f0_655 -0.32 0.32 0.93 0 0 0 63 62
f0_45 f0_197 f1w_281 0.34 -0.34 0.42 0 0 0 63 67
f0_45 f0_197 f2_242 -0.07 0.07 0.94 0 0 0 63 64
f0_45 f0_200 f2_376 -0.35 0.35 0.49 0 0 0 63 63
f0_45 f0_254 f1w_281 -0.04 0.04 0.87 0 0 0 63 67
f0_45 f0_461 f0_930 -0.02 0.02 0.07 0 0 0 61 66
f0_45 f0_461 f0_946 0.08 -0.08 0.55 0 0 0 61 61
f0_45 f0_461 f1h_16 0.41 -0.41 0.35 0 0 0 61 61
f0_45 f0_461 f1h_128 0.24 -0.24 0.54 0 0 0 61 65
f0_45 f0_461 f1h_193 0.19 -0.19 0.02 0 0 0 61 61
f0_45 f0_461 f1w_281 0.18 -0.18 0.55 0 0 0 61 67
f0_45 f0_461 f2_143 0.25 -0.25 0.37 0 0 0 61 65
f0_45 f0_461 f2_778 0.08 -0.08 0.2 0 0 0 61 64
f0_45 f0_461 f2_781 0.45 -0.45 0.27 0 0 0 61 62
f0_45 f0_461 f2_791 0.47 -0.47 0.22 0 0 0 61 67
f0_45 f0_476 f0_614 0.05 -0.05 0.41 0 0 0 61 60
f0_45 f0_476 f1h_339 0.17 -0.17 0.72 0 0 0 61 62
f0_45 f0_614 f1h_193 -0.08 0.08 0.3 0 0 0 60 61
f0_45 f0_614 f1h_394 0.32 -0.32 0.55 0 0 0 60 64
f0_45 f0_614 f1w_459 -0.12 0.12 0.59 0 0 0 60 62
f0_45 f0_614 f2_143 -0.09 0.09 0.22 0 0 0 60 65
f0_45 f0_614 f2_781 0.36 -0.36 0.51 0 0 0 60 62
f0_45 f0_614 f2_791 0.41 -0.41 0.33 0 0 0 60 67
f0_45 f0_769 f1h_128 -0.19 0.19 0.03 0 0 0 62 65
f0_45 f0_769 f1h_407 0.29 -0.29 0.63 0 0 0 62 64
f0_45 f0_930 f1w_459 -0.02 0.02 0.42 0 0 0 66 62
f0_45 f0_930 f2_289 0.04 -0.04 0.49 0 0 0 66 62
f0_45 f0_930 f2_781 0.33 -0.33 -0.05 0 0 0 66 62
f0_45 f0_930 f2_791 0.5 -0.5 0.07 0 0 0 66 67
f0_45 f0_930 f2_888 0.09 -0.09 0.24 0 0 0 66 64
f0_45 f0_946 f1w_459 -0.06 0.06 0.59 0 0 0 61 62
f0_45 f0_946 f2_778 0.09 -0.09 0.4 0 0 0 61 64
f0_45 f1h_128 f1h_241 -0.01 0.01 0.63 0 0 0 65 58
f0_45 f1h_128 f2_728 -0.02 0.02 0.75 0 0 0 65 61
f0_45 f1h_193 f1h_241 0.09 -0.09 0.58 0 0 0 61 58
f0_45 f1h_193 f1h_339 0.25 -0.25 0.35 0 0 0 61 62
f0_45 f1h_193 f1h_494 0.35 -0.35 0.35 0 0 0 61 64
f0_45 f1h_193 f2_242 0.18 -0.18 0.67 0 0 0 61 64
f0_45 f1h_193 f2_376 -0.25 0.25 0.51 0 0 0 61 63
f0_45 f1h_194 f1h_241 0.24 -0.24 0.35 0 0 0 67 58
f0_45 f1h_194 f2_376 -0.15 0.15 0.55 0 0 0 67 63
f0_45 f1h_194 f2_728 0.11 -0.11 0.6 0 0 0 67 61
f0_45 f1h_235 f2_778 0.09 -0.09 0.6 0 0 0 66 64
f0_45 f1h_235 f2_791 0.33 -0.33 -0.08 0 0 0 66 67
f0_45 f1h_241 f2_778 0.04 -0.04 0.22 0 0 0 58 64
f0_45 f1h_241 f2_888 -0.12 0.12 0.37 0 0 0 58 64
f0_45 f1h_335 f1h_339 0.2 -0.2 1.11 0 0 0 66 62
f0_45 f1h_335 f1h_404 -0.19 0.19 0.82 0 0 0 66 60
f0_45 f1h_339 f2_143 -0.28 0.28 0.73 0 0 0 62 65
f0_45 f1h_339 f2_778 -0.46 0.46 0.48 0 0 0 62 64
f0_45 f1h_394 f2_888 -0.33 0.33 0.47 0 0 0 64 64
f0_45 f1h_404 f2_888 -0.17 0.17 0.75 0 0 0 60 64
f0_45 f1h_407 f2_242 -0.2 0.2 0.73 0 0 0 64 64
f0_45 f1h_407 f2_289 -0.11 0.11 0.92 0 0 0 64 62
f0_45 f1h_407 f2_781 -0.11 0.11 0.8 0 0 0 64 62
f0_45 f1h_457 f2_289 0.17 -0.17 0.66 0 0 0 67 62
f0_45 f1h_457 f2_778 -0.01 0.01 0.3 0 0 0 67 64
f0_45 f1h_457 f2_781 0.17 -0.17 0.69 0 0 0 67 62
f0_45 f1h_457 f2_791 0.27 -0.27 0.44 0 0 0 67 67
f0_45 f1h_494 f2_143 -0.08 0.08 0.29 0 0 0 64 65
f0_45 f1h_494 f2_778 -0.19 0.19 0.33 0 0 0 64 64
f0_45 f1h_494 f2_781 0.11 -0.11 0.51 0 0 0 64 62
f0_45 f1h_494 f2_791 0.3 -0.3 -0.22 0 0 0 64 67
f0_45 f1w_115 f2_791 0.35 -0.35 0.59 0 0 0 66 67
f0_45 f1w_323 f2_781 0.43 -0.43 0.47 0 0 0 66 62
f0_45 f1w_323 f2_791 0.49 -0.49 0.48 0 0 0 66 67
f0_45 f2_1 f2_888 -0.04 0.04 0.21 0 0 0 69 64
f0_45 f2_143 f2_376 -0.34 0.34 0.41 0 0 0 65 63
f0_45 f2_143 f2_728 -0.26 0.26 0.52 0 0 0 65 61
f0_45 f2_242 f2_778 -0.05 0.05 0.17 0 0 0 64 64
f0_45 f2_242 f2_791 0.27 -0.27 0.46 0 0 0 64 67
f0_45 f2_289 f2_728 0.07 -0.07 0.14 0 0 0 62 61
f0_45 f2_376 f2_888 0.19 -0.19 0.51 0 0 0 63 64
f0_45 f2_728 f2_888 0 0 0.56 0 0 0 61 64
f0_46 f0_137 f0_930 0.06 -0.06 0.6 0 0 0 65 64
f0_46 f0_319 f0_930 0.01 -0.01 0.74 0 0 0 59 64
f0_46 f0_319 f1h_425 -0.01 0.01 0.69 0 0 0 59 60
f0_46 f0_319 f1w_201 -0.18 0.18 0.27 0 0 0 59 61
f0_46 f0_319 f2_112 0.3 -0.3 0.4 0 0 0 59 55
f0_46 f0_319 f2_778 0 0 0.43 0 0 0 59 63
f0_46 f0_930 f1h_62 -0.26 0.26 0.34 0 0 0 64 67
f0_46 f0_930 f1h_425 0.14 -0.14 0.52 0 0 0 64 60
f0_46 f0_930 f1w_201 -0.02 0.02 0.33 0 0 0 64 61
f0_46 f0_930 f1w_463 0.29 -0.29 0.66 0 0 0 64 60
f0_46 f0_930 f2_112 -0.02 0.02 0.85 0 0 0 64 55
f0_46 f0_930 f2_778 0.16 -0.16 0.07 0 0 0 64 63
f0_46 f0_930 f2_888 0.09 -0.09 0.68 0 0 0 64 60
f0_46 f1h_62 f1w_463 0.54 -0.54 0.63 0 0 0 67 60
f0_46 f1h_425 f2_778 -0.23 0.23 0.62 0 0 0 60 63
f0_46 f1w_201 f1w_463 0.45 -0.45 0.68 0 0 0 61 60
f0_49 f0_36 f0_74 0.76 -0.76 0.97 0 0 0 66 66
f0_49 f0_74 f0_850 -0.5 0.5 1.15 0 0 0 66 64
f0_49 f0_74 f1h_411 -0.62 0.62 0.83 0 0 0 66 64
f0_49 f0_74 f1w_214 -0.64 0.64 0.62 0 0 0 66 64
f0_49 f0_74 f1w_255 -0.5 0.5 0.72 0 0 0 66 65
f0_49 f0_818 f1w_255 -0.18 0.18 1.12 0 0 0 61 65
f0_50 f0_10 f0_122 -0.01 0.01 0.52 0 0 0 61 59
f0_50 f0_10 f1h_184 0.07 -0.07 0.47 0 0 0 61 64
f0_50 f0_10 f1h_289 0.24 -0.24 0.45 0 0 0 61 65
f0_50 f0_10 f1h_369 -0.01 0.01 0.64 0 0 0 61 62
f0_50 f0_10 f1h_442 -0.04 0.04 0.35 0 0 0 61 58
f0_50 f0_96 f0_122 0.24 -0.24 0.22 0 0 0 64 59
f0_50 f0_96 f1h_184 0.01 -0.01 0.72 0 0 0 64 64
f0_50 f0_119 f0_122 -0.35 0.35 0.31 0 0 0 59 59
f0_50 f0_119 f0_829 0.23 -0.23 0.96 0 0 0 59 69
f0_50 f0_119 f1h_48 -0.04 0.04 0.87 0 0 0 59 62
f0_50 f0_119 f1h_184 -0.29 0.29 0.52 0 0 0 59 64
f0_50 f0_119 f1h_289 -0.08 0.08 0.85 0 0 0 59 65
f0_50 f0_119 f1h_369 -0.23 0.23 0.33 0 0 0 59 62
f0_50 f0_119 f2_281 -0.34 0.34 0.55 0 0 0 59 61
f0_50 f0_119 f2_744 -0.53 0.53 0.08 0 0 0 59 60
f0_50 f0_122 f0_131 -0.18 0.18 0.31 0 0 0 59 66
f0_50 f0_122 f0_184 -0.14 0.14 0.03 0 0 0 59 60
f0_50 f0_122 f0_829 0.71 -0.71 0.15 0 0 0 59 69
f0_50 f0_122 f1h_48 0.26 -0.26 0.36 0 0 0 59 62
f0_50 f0_122 f1h_62 -0.22 0.21 -0.01 0 0 0 59 70
f0_50 f0_122 f1h_184 0.05 -0.05 0.11 0 0 0 59 64
f0_50 f0_122 f1h_289 0.29 -0.29 0.22 0 0 0 59 65
f0_50 f0_122 f1h_442 -0.07 0.07 0.19 0 0 0 59 58
f0_50 f0_122 f1h_459 0.54 -0.54 0.42 0 0 0 59 63
f0_50 f0_122 f1w_155 -0.05 0.05 0.47 0 0 0 59 63
f0_50 f0_122 f2_77 0.25 -0.25 0.28 0 0 0 59 60
f0_50 f0_122 f2_114 -0.33 0.33 0.33 0 0 0 59 62
f0_50 f0_184 f0_246 0.29 -0.29 0.28 0 0 0 60 63
f0_50 f0_246 f0_829 0.37 -0.37 0.48 0 0 0 63 69
f0_50 f0_246 f1h_184 -0.01 0.01 0.6 0 0 0 63 64
f0_50 f0_246 f1h_289 0.25 -0.25 0.63 0 0 0 63 65
f0_50 f0_246 f1h_369 0.03 -0.03 0.62 0 0 0 63 62
f0_50 f0_246 f2_281 0.13 -0.13 0.85 0 0 0 63 61
f0_50 f0_829 f1h_442 -0.63 0.63 0.59 0 0 0 69 58
f0_50 f0_829 f1h_459 0.13 -0.13 1.23 0 0 0 69 63
f0_50 f0_953 f1h_184 -0.31 0.31 0.25 0 0 0 61 64
f0_50 f0_953 f1h_289 -0.08 0.08 0.57 0 0 0 61 65
f0_50 f0_953 f1h_369 -0.25 0.25 0.39 0 0 0 61 62
f0_50 f0_953 f1h_442 -0.36 0.36 0.16 0 0 0 61 58
f0_50 f0_953 f1h_459 0.16 -0.16 0.74 0 0 0 61 63
f0_50 f0_953 f2_744 -0.41 0.41 0.27 0 0 0 61 60
f0_50 f1h_62 f1h_184 0.18 -0.18 0.51 0 0 0 70 64
f0_50 f1h_62 f2_744 -0.03 0.03 0.33 0 0 0 70 60
f0_50 f1h_184 f1h_359 -0.27 0.27 0.5 0 0 0 64 64
f0_50 f1h_184 f1h_442 -0.14 0.14 0.21 0 0 0 64 58
f0_50 f1h_184 f1h_459 0.65 -0.65 0.54 0 0 0 64 63
f0_50 f1h_184 f1w_155 -0.11 0.11 0.57 0 0 0 64 63
f0_50 f1h_184 f2_114 0.05 -0.05 0.38 0 0 0 64 62
f0_50 f1h_184 f2_259 0.24 -0.24 0.35 0 0 0 64 60
f0_50 f1h_184 f2_281 0.35 -0.35 -0.23 0 0 0 64 61
f0_50 f1h_289 f1h_442 -0.35 0.35 0.35 0 0 0 65 58
f0_50 f1h_289 f1h_459 0.67 -0.67 0.38 0 0 0 65 63
f0_50 f1h_289 f2_114 -0.17 0.17 0.46 0 0 0 65 62
f0_50 f1h_369 f1h_442 -0.16 0.16 0.19 0 0 0 62 58
f0_50 f1h_369 f1h_459 0.67 -0.67 0.4 0 0 0 62 63
f0_50 f1h_369 f1w_53 0.11 -0.11 0.53 0 0 0 62 64
f0_50 f1h_369 f2_114 0.04 -0.04 0.36 0 0 0 62 62
f0_50 f1h_442 f2_364 0.15 -0.15 -0.19 0 0 0 58 61
f0_50 f1h_442 f2_744 -0.1 0.1 0.09 0 0 0 58 60
f0_50 f1h_459 f2_364 -0.66 0.66 0.23 0 0 0 63 61
f0_50 f2_114 f2_364 -0.22 0.22 0.48 0 0 0 62 61
f0_50 f2_114 f2_744 -0.27 0.27 0.31 0 0 0 62 60
f0_50 f2_259 f2_744 -0.24 0.24 0.55 0 0 0 60 60
f0_54 f0_76 f0_966 0.5 -0.5 0.57 0 0 0 55 59
f0_54 f0_76 f1w_445 0.07 -0.07 0.68 0 0 0 55 60
f0_54 f0_350 f1h_163 -0.3 0.3 0.25 0 0 0 58 55
f0_54 f0_350 f1w_495 0.22 -0.22 0.52 0 0 0 58 60
f0_54 f0_350 f2_138 -0.2 0.2 0.52 0 0 0 58 58
f0_54 f0_511 f2_138 0.07 -0.07 0.53 0 0 0 56 58
f0_54 f0_604 f2_723 0.15 -0.15 0.42 0 0 0 57 57
f0_54 f0_769 f0_966 0.39 -0.39 0.54 0 0 0 57 59
f0_54 f0_809 f1h_163 -0.1 0.1 0.45 0 0 0 56 55
f0_54 f0_809 f2_138 0.32 -0.32 0.3 0 0 0 56 58
f0_54 f0_809 f2_723 0.24 -0.24 0.49 0 0 0 56 57
f0_54 f0_809 f2_949 0.36 -0.36 0.31 0 0 0 56 58
f0_54 f0_966 f1h_163 -0.43 0.43 0.12 0 0 0 59 55
f0_54 f0_966 f1h_249 -0.37 0.37 0.82 0 0 0 59 62
f0_54 f0_966 f2_138 -0.2 0.2 0.4 0 0 0 59 58
f0_54 f0_966 f2_259 0.08 -0.08 1.26 0 0 0 59 56
f0_54 f0_966 f2_339 -0.33 0.33 0.84 0 0 0 59 58
f0_54 f0_966 f2_723 -0.39 0.39 0.61 0 0 0 59 57
f0_54 f0_966 f2_787 -0.44 0.44 0.52 0 0 0 59 60
f0_54 f0_966 f2_949 -0.28 0.28 0.5 0 0 0 59 58
f0_54 f1h_163 f1w_100 0.25 -0.25 0.28 0 0 0 55 61
f0_54 f1h_163 f2_77 0.13 -0.13 0.33 0 0 0 55 55
f0_54 f1w_100 f2_138 -0.02 0.02 0.61 0 0 0 61 58
f0_54 f1w_100 f2_949 0.16 -0.16 0.68 0 0 0 61 58
f0_54 f1w_445 f2_138 -0.09 0.09 0.28 0 0 0 60 58
f0_54 f1w_445 f2_723 0.14 -0.14 0.49 0 0 0 60 57
f0_54 f1w_445 f2_949 0.28 -0.28 0.48 0 0 0 60 58
f0_55 f1h_317 f2_338 -1.37 1.37 0.87 0 0 0 68 66
f0_55 f1w_449 f2_338 0.16 -0.16 0.38 0 0 0 63 66
f0_56 f0_10 f1w_260 -0.04 0.04 0.7 0 0 0 59 59
f0_56 f0_10 f2_143 0.21 -0.21 0.93 0 0 0 59 65
f0_56 f0_11 f1w_491 0.03 -0.03 0.39 0 0 0 61 60
f0_56 f0_11 f2_47 0.56 -0.56 0.37 0 0 0 61 61
f0_56 f0_23 f0_253 -0.6 0.6 0.72 0 0 0 64 63
f0_56 f0_23 f0_930 -0.55 0.21 0.08 0 0 0 64 64
f0_56 f0_23 f1h_305 0.08 -0.08 0.4 0 0 0 64 64
f0_56 f0_23 f1w_62 -0.08 0.08 0.56 0 0 0 64 65
f0_56 f0_45 f0_253 -0.37 0.37 0.38 0 0 0 60 63
f0_56 f0_45 f0_718 -0.24 0.24 0.57 0 0 0 60 59
f0_56 f0_45 f0_841 -0.38 0.38 0.46 0 0 0 60 60
f0_56 f0_45 f0_930 -0.24 -0.34 -0.2 0 0 0 60 64
f0_56 f0_45 f1h_62 -0.37 0.37 0.36 0 0 0 60 67
f0_56 f0_45 f1w_3 -0.23 0.23 0.46 0 0 0 60 62
f0_56 f0_45 f1w_143 -0.14 0.14 0.4 0 0 0 60 59
f0_56 f0_45 f1w_201 -0.51 0.51 0.02 0 0 0 60 60
f0_56 f0_45 f1w_260 0.02 -0.02 0.57 0 0 0 60 59
f0_56 f0_45 f2_47 0.08 -0.08 0.46 0 0 0 60 61
f0_56 f0_96 f0_930 -0.55 0.55 0.35 0 0 0 62 64
f0_56 f0_96 f2_47 -0.01 0.01 0.61 0 0 0 62 61
f0_56 f0_102 f0_930 -0.56 0.56 -0.1 0 0 0 63 64
f0_56 f0_102 f1h_305 -0.2 0.2 0.08 0 0 0 63 64
f0_56 f0_102 f1w_143 0.11 -0.11 0.52 0 0 0 63 59
f0_56 f0_102 f1w_437 0.02 -0.02 1.01 0 0 0 63 61
f0_56 f0_119 f1w_201 -0.03 0.03 0.58 0 0 0 58 60
f0_56 f0_172 f2_47 -0.01 0.01 0.31 0 0 0 60 61
f0_56 f0_253 f0_946 0.35 -0.35 0.38 0 0 0 63 59
f0_56 f0_253 f1w_260 0.21 -0.21 0.51 0 0 0 63 59
f0_56 f0_253 f2_47 0.57 -0.57 0.04 0 0 0 63 61
f0_56 f0_253 f2_143 0.42 -0.42 0.2 0 0 0 63 65
f0_56 f0_253 f2_245 0.39 -0.39 0.44 0 0 0 63 58
f0_56 f0_253 f2_651 0.42 -0.42 -0.36 0 0 0 63 62
f0_56 f0_253 f2_700 0.24 -0.24 0.48 0 0 0 63 59
f0_56 f0_317 f0_930 0.2 -0.49 0 0 0 0 62 64
f0_56 f0_317 f1w_3 0.3 -0.3 0.47 0 0 0 62 62
f0_56 f0_317 f2_47 0.53 -0.53 0.27 0 0 0 62 61
f0_56 f0_474 f0_930 -0.35 0.35 -0.36 0 0 0 62 64
f0_56 f0_474 f1w_40 0.44 -0.44 0.6 0 0 0 62 62
f0_56 f0_474 f2_108 0.2 -0.2 0.55 0 0 0 62 66
f0_56 f0_552 f1w_201 -0.1 0.1 0.39 0 0 0 63 60
f0_56 f0_552 f2_47 0.02 -0.02 -0.06 0 0 0 63 61
f0_56 f0_718 f2_47 0.32 -0.32 0.5 0 0 0 59 61
f0_56 f0_718 f2_101 -0.12 0.12 1.04 0 0 0 59 58
f0_56 f0_841 f0_930 -0.19 -0.06 -0.25 0 0 0 60 64
f0_56 f0_841 f1h_282 0.36 -0.36 0.36 0 0 0 60 56
f0_56 f0_841 f1h_305 0.49 -0.49 0.46 0 0 0 60 64
f0_56 f0_841 f1w_281 0.13 -0.13 0.66 0 0 0 60 63
f0_56 f0_841 f2_700 -0.09 0.09 0.36 0 0 0 60 59
f0_56 f0_841 f2_781 0.25 -0.25 0.63 0 0 0 60 59
f0_56 f0_895 f1w_3 -0.08 0.08 -0.14 0 0 0 61 62
f0_56 f0_930 f1h_335 -0.66 -0.21 0.12 0 0 0 64 63
f0_56 f0_930 f1w_62 0.1 -0.45 0.16 0 0 0 64 65
f0_56 f0_930 f2_47 0.24 -0.6 -0.08 0 0 0 64 61
f0_56 f0_930 f2_101 0.39 -0.39 -0.35 0 0 0 64 58
f0_56 f0_930 f2_108 0.14 -0.47 0.12 0 0 0 64 66
f0_56 f0_930 f2_143 0.04 -0.32 0.15 0 0 0 64 65
f0_56 f0_930 f2_245 -0.15 -0.16 0.48 0 0 0 64 58
f0_56 f0_930 f2_651 -0.03 -0.46 -0.11 0 0 0 64 62
f0_56 f0_930 f2_700 -0.05 -0.54 0.15 0 0 0 64 59
f0_56 f0_946 f1w_62 0.1 -0.1 0.81 0 0 0 59 65
f0_56 f0_946 f1w_143 -0.11 0.11 0.8 0 0 0 59 59
f0_56 f0_946 f1w_437 -0.34 0.34 0.22 0 0 0 59 61
f0_56 f0_946 f1w_475 -0.03 0.03 0.87 0 0 0 59 60
f0_56 f1h_16 f2_245 -0.1 0.1 0.87 0 0 0 60 58
f0_56 f1h_62 f1h_305 0.45 -0.45 0.29 0 0 0 67 64
f0_56 f1h_62 f2_101 0.09 -0.09 0.81 0 0 0 67 58
f0_56 f1h_62 f2_108 0.33 -0.33 0.84 0 0 0 67 66
f0_56 f1h_62 f2_651 0.02 -0.02 0.83 0 0 0 67 62
f0_56 f1h_305 f1h_394 -0.38 0.38 0.36 0 0 0 64 61
f0_56 f1h_305 f1w_3 -0.2 0.2 0.22 0 0 0 64 62
f0_56 f1h_305 f1w_40 0 0 0.13 0 0 0 64 62
f0_56 f1h_305 f1w_115 -0.17 0.17 0.57 0 0 0 64 64
f0_56 f1h_305 f1w_260 -0.06 0.06 0.03 0 0 0 64 59
f0_56 f1h_305 f2_47 0.04 -0.04 -0.21 0 0 0 64 61
f0_56 f1h_305 f2_108 -0.14 0.14 0.59 0 0 0 64 66
f0_56 f1h_305 f2_399 -0.14 0.14 0.14 0 0 0 64 63
f0_56 f1h_305 f2_700 -0.25 0.25 0.63 0 0 0 64 59
f0_56 f1h_305 f2_925 -0.11 0.11 -0.03 0 0 0 64 59
f0_56 f1h_335 f1w_260 0.15 -0.15 0.81 0 0 0 63 59
f0_56 f1w_3 f2_47 0.13 -0.13 0 0 0 0 62 61
f0_56 f1w_3 f2_108 0.33 -0.33 0.73 0 0 0 62 66
f0_56 f1w_40 f1w_62 0.2 -0.2 0.98 0 0 0 62 65
f0_56 f1w_40 f1w_201 -0.41 0.41 -0.34 0 0 0 62 60
f0_56 f1w_62 f1w_201 -0.37 0.37 -0.07 0 0 0 65 60
f0_56 f1w_62 f1w_260 -0.04 0.04 0.29 0 0 0 65 59
f0_56 f1w_62 f1w_491 -0.45 0.45 0.78 0 0 0 65 60
f0_56 f1w_62 f2_700 -0.38 0.38 0.8 0 0 0 65 59
f0_56 f1w_143 f2_101 -0.07 0.07 0.82 0 0 0 59 58
f0_56 f1w_201 f2_47 0.52 -0.52 0.33 0 0 0 60 61
f0_56 f1w_201 f2_245 0.47 -0.47 0.09 0 0 0 60 58
f0_56 f1w_201 f2_399 0.13 -0.13 0.38 0 0 0 60 63
f0_56 f1w_201 f2_651 0.06 -0.06 0.33 0 0 0 60 62
f0_56 f1w_281 f2_47 0.21 -0.21 0.48 0 0 0 63 61
f0_56 f1w_281 f2_108 0.48 -0.48 0.95 0 0 0 63 66
f0_56 f1w_437 f2_47 0.56 -0.56 0.39 0 0 0 61 61
f0_56 f1w_475 f2_651 -0.21 0.21 0.94 0 0 0 60 62
f0_56 f1w_491 f2_47 0.36 -0.36 0.54 0 0 0 60 61
f0_56 f2_47 f2_101 0.03 -0.03 -0.26 0 0 0 61 58
f0_56 f2_47 f2_108 -0.21 0.21 -0.41 0 0 0 61 66
f0_56 f2_47 f2_143 -0.04 0.04 0.36 0 0 0 61 65
f0_56 f2_47 f2_700 -0.34 0.34 0.45 0 0 0 61 59
f0_56 f2_47 f2_925 -0.48 0.48 0.56 0 0 0 61 59
f0_56 f2_143 f2_399 -0.36 0.36 1.07 0 0 0 65 63
f0_56 f2_143 f2_781 -0.14 0.14 0.71 0 0 0 65 59
f0_59 f2_73 f2_246 0.34 -0.34 0.93 0 0 0 61 61
f0_61 f0_37 f0_627 0.27 -0.27 0.88 0 0 0 62 64
f0_61 f0_37 f1h_184 0.19 -0.19 0.31 0 0 0 62 63
f0_61 f0_37 f1w_53 -0.26 0.26 0.46 0 0 0 62 66
f0_61 f0_37 f1w_291 -0.22 0.22 0.41 0 0 0 62 58
f0_61 f0_37 f1w_323 -0.12 0.12 0.52 0 0 0 62 65
f0_61 f0_37 f1w_433 0.07 -0.07 1 0 0 0 62 64
f0_61 f0_37 f2_398 -0.12 0.12 0.7 0 0 0 62 60
f0_61 f0_37 f2_986 0.45 -0.45 0.28 0 0 0 62 61
f0_61 f0_41 f1w_291 -0.04 0.04 0.94 0 0 0 62 58
f0_61 f0_41 f2_398 0.01 -0.01 1.1 0 0 0 62 60
f0_61 f0_41 f2_986 0.32 -0.32 0.37 0 0 0 62 61
f0_61 f0_83 f1h_389 -0.09 0.09 0.74 0 0 0 59 58
f0_61 f0_83 f2_986 0.61 -0.61 0.65 0 0 0 59 61
f0_61 f0_142 f1h_389 -0.06 0.06 0.36 0 0 0 56 58
f0_61 f0_158 f1h_184 0.37 -0.37 0.39 0 0 0 59 63
f0_61 f0_158 f1w_310 -0.08 0.08 0.16 0 0 0 59 62
f0_61 f0_168 f1w_310 -0.01 0.01 0.84 0 0 0 61 62
f0_61 f0_168 f2_986 0.25 -0.25 0.58 0 0 0 61 61
f0_61 f0_284 f0_748 -0.14 0.14 0.37 0 0 0 63 59
f0_61 f0_284 f1w_323 0.02 -0.02 0.74 0 0 0 63 65
f0_61 f0_627 f1h_289 -0.26 0.26 0.66 0 0 0 64 66
f0_61 f0_748 f1h_389 -0.36 0.35 0.16 0 0 0 59 58
f0_61 f0_748 f1h_395 -0.34 0.28 0.31 0 0 0 59 56
f0_61 f0_748 f1w_310 0 0 0.4 0 0 0 59 62
f0_61 f0_748 f1w_433 -0.12 0.12 0.86 0 0 0 59 64
f0_61 f0_748 f2_986 0.48 -0.48 0.5 0 0 0 59 61
f0_61 f1h_82 f1h_184 -0.22 0.22 0.48 0 0 0 62 63
f0_61 f1h_184 f1h_289 0.08 -0.08 0.5 0 0 0 63 66
f0_61 f1h_184 f1h_395 -0.35 0.35 0.43 0 0 0 63 56
f0_61 f1h_184 f2_55 -0.05 0.05 0.88 0 0 0 63 65
f0_61 f1h_184 f2_398 -0.01 0.01 0.37 0 0 0 63 60
f0_61 f1h_243 f1h_395 -0.57 0.57 0.24 0 0 0 64 56
f0_61 f1h_243 f1w_323 -0.24 0.24 0.68 0 0 0 64 65
f0_61 f1h_243 f2_55 -0.38 0.38 0.78 0 0 0 64 65
f0_61 f1h_289 f1w_291 0.61 -0.61 -0.26 0 0 0 66 58
f0_61 f1h_289 f1w_310 -0.32 0.32 0.45 0 0 0 66 62
f0_61 f1h_289 f1w_323 -0.31 0.31 0.66 0 0 0 66 65
f0_61 f1h_289 f1w_433 -0.21 0.21 0.75 0 0 0 66 64
f0_61 f1h_289 f2_398 -0.47 0.47 0.65 0 0 0 66 60
f0_61 f1h_289 f2_986 0.18 -0.18 0.52 0 0 0 66 61
f0_61 f1h_389 f1h_395 -0.04 0.04 0.27 0 0 0 58 56
f0_61 f1h_389 f1w_323 0.17 -0.17 0.47 0 0 0 58 65
f0_61 f1h_389 f1w_330 -0.16 0.16 -0.17 0 0 0 58 64
f0_61 f1h_395 f1w_310 0.23 -0.23 0.22 0 0 0 56 62
f0_61 f1h_395 f1w_323 0.14 -0.14 0.2 0 0 0 56 65
f0_61 f1h_395 f1w_433 0.28 -0.28 0.51 0 0 0 56 64
f0_61 f1h_395 f2_493 0.06 -0.06 0.63 0 0 0 56 66
f0_61 f1h_395 f2_986 0.7 -0.7 0.25 0 0 0 56 61
f0_61 f1w_281 f1w_310 0.22 -0.22 0.72 0 0 0 64 62
f0_61 f1w_291 f1w_310 0.15 -0.15 0.62 0 0 0 58 62
f0_61 f1w_310 f1w_330 -0.14 0.14 0.5 0 0 0 62 64
f0_61 f1w_310 f2_398 0.07 -0.07 0.72 0 0 0 62 60
f0_61 f1w_310 f2_986 0.37 -0.37 0.72 0 0 0 62 61
f0_61 f1w_323 f2_986 0.47 -0.47 0.64 0 0 0 65 61
f0_61 f2_55 f2_986 0.41 -0.41 0.71 0 0 0 65 61
f0_61 f2_398 f2_791 0.08 -0.08 0.95 0 0 0 60 65
f0_61 f2_791 f2_986 0.36 -0.36 0.54 0 0 0 65 61
f0_62 f0_71 f0_138 0.43 -0.43 0.58 0 0 0 64 64
f0_62 f0_71 f1h_138 0.78 -0.78 0.58 0 0 0 64 70
f0_62 f0_71 f1h_491 0.68 -0.68 0.24 0 0 0 64 71
f0_62 f0_818 f1h_491 0.69 -0.69 -0.18 0 0 1 66 71
f0_62 f1h_120 f2_945 -0.34 0.34 0.68 0 0 0 69 66
f0_62 f1h_138 f2_945 -0.91 0.91 0.51 0 0 0 70 66
f0_63 f0_101 f2_917 0.99 -0.99 0.86 0 0 0 63 67
f0_63 f0_106 f2_917 0.95 -0.95 0.67 0 0 0 67 67
f0_63 f1h_442 f2_917 1.13 -1.13 0.37 0 0 0 60 67
f0_63 f2_332 f2_945 -0.36 0.36 1.09 0 0 0 64 64
f0_63 f2_917 f2_945 -1.15 1.15 0.53 0 0 0 67 64
f0_68 f0_13 f1h_339 -0.27 0.27 -0.33 0 0 0 66 62
f0_68 f0_21 f1w_478 -0.33 0.33 0.65 0 0 0 66 67
f0_68 f0_83 f0_104 0.06 -0.06 0.15 0 0 0 62 65
f0_68 f0_83 f0_476 -0.26 0.26 0.85 0 0 0 62 63
f0_68 f0_83 f1h_339 0.39 -0.39 0.22 0 0 0 62 62
f0_68 f0_83 f1h_494 0.18 -0.18 0.15 0 0 0 62 64
f0_68 f0_83 f1w_287 -0.16 0.16 0.8 0 0 0 62 64
f0_68 f0_83 f1w_451 -0.31 0.31 0.64 0 0 0 62 63
f0_68 f0_83 f1w_459 -0.24 0.24 0.75 0 0 0 62 63
f0_68 f0_83 f1w_478 -0.25 0.25 0.31 0 0 0 62 67
f0_68 f0_83 f2_639 -0.16 0.16 0.94 0 0 0 62 66
f0_68 f0_104 f1h_339 0.22 -0.22 0.58 0 0 0 65 62
f0_68 f0_104 f1w_465 -0.41 0.17 -0.29 0 0 0 65 63
f0_68 f0_111 f1h_339 0.66 -0.66 0.84 0 0 0 68 62
f0_68 f0_111 f2_242 0.28 -0.28 0.55 0 0 0 68 62
f0_68 f0_111 f2_663 0.22 -0.22 0.73 0 0 0 68 65
f0_68 f0_476 f1h_339 0.39 -0.39 0.69 0 0 0 63 62
f0_68 f0_614 f0_674 0.09 -0.09 0.89 0 0 0 60 62
f0_68 f0_614 f1w_287 -0.04 0.04 0.87 0 0 0 60 64
f0_68 f0_614 f2_789 -0.14 0.14 0.67 0 0 0 60 66
f0_68 f1h_339 f1w_465 -0.77 0.77 0.62 0 0 0 62 63
f0_68 f1w_459 f2_808 -0.08 0.08 0.73 0 0 0 63 65
f0_68 f1w_478 f2_242 0.31 -0.31 0.59 0 0 0 67 62
f0_68 f2_101 f2_242 0.44 -0.44 0.73 0 0 0 60 62
f0_68 f2_242 f2_870 -0.32 0.32 0.56 0 0 0 62 64
f0_68 f2_299 f2_639 0.03 -0.03 0.79 0 0 0 61 66
f0_68 f2_703 f2_808 -0.13 0.13 0.69 0 0 0 62 65
f0_69 f0_152 f2_422 -0.26 0.26 0.44 0 0 0 58 56
f0_69 f1h_357 f2_422 -0.45 0.45 0.27 0 0 0 53 56
f0_69 f2_409 f2_422 -0.17 0.17 0.56 0 0 0 54 56
f0_69 f2_422 f2_851 0.51 -0.51 0.28 0 0 0 56 62
f0_71 f0_62 f0_159 0.1 -0.1 1.32 0 0 0 64 61
f0_73 f1h_79 f1h_206 -0.18 0.18 1.15 0 0 0 66 70
f0_74 f0_596 f2_782 -0.27 0.27 0.72 0 0 0 66 64
f0_75 f0_15 f0_527 0.28 -0.28 0.72 0 0 0 64 65
f0_75 f0_161 f0_527 -0.03 0.03 0.37 0 0 0 61 65
f0_75 f0_161 f0_973 -0.53 0.48 0.21 0 0 0 61 57
f0_75 f0_161 f1w_83 -0.46 0.46 0.53 0 0 0 61 67
f0_75 f0_161 f2_277 -0.13 0.13 0.84 0 0 0 61 61
f0_75 f0_161 f2_305 -0.3 0.3 0.31 0 0 0 61 62
f0_75 f0_527 f1w_260 -0.17 0.17 0.56 0 0 0 65 60
f0_75 f0_861 f2_305 -0.19 0.19 0.83 0 0 0 65 62
f0_75 f1w_47 f2_305 0 0 0.74 0 0 0 59 62
f0_76 f0_54 f0_428 0.06 -0.06 0.43 0 0 0 55 58
f0_76 f0_81 f0_428 0.01 -0.01 0.8 0 0 0 62 58
f0_76 f0_96 f2_949 0.23 -0.23 0.8 0 0 0 64 60
f0_76 f0_208 f1h_13 0.11 -0.11 0.38 0 0 0 63 62
f0_76 f0_208 f1h_193 0.28 -0.28 0.8 0 0 0 63 59
f0_76 f0_208 f2_929 -0.39 0.39 0.01 0 0 0 63 62
f0_76 f0_208 f2_949 0.02 -0.02 0.21 0 0 0 63 60
f0_76 f0_428 f0_476 0.23 -0.23 0.2 0 0 0 58 58
f0_76 f0_428 f2_929 -0.26 0.26 0.11 0 0 0 58 62
f0_76 f0_428 f2_949 0.66 -0.66 0.13 0 0 0 58 60
f0_76 f0_781 f1h_193 0.48 -0.48 0.77 0 0 0 64 59
f0_76 f0_781 f2_512 -0.15 0.15 0.09 0 0 0 64 60
f0_76 f0_781 f2_734 -0.01 0.01 0.39 0 0 0 64 61
f0_76 f1h_13 f1w_120 -0.3 0.3 1.24 0 0 0 62 61
f0_76 f1h_13 f2_949 -0.06 0.06 0.58 0 0 0 62 60
f0_76 f1h_147 f2_949 0.18 -0.18 0.25 0 0 0 64 60
f0_76 f1h_193 f2_949 -0.51 0.51 0.43 0 0 0 59 60
f0_76 f1w_120 f2_734 -0.12 0.12 0.99 0 0 0 61 61
f0_76 f1w_120 f2_929 -0.82 0.82 -0.49 0 0 0 61 62
f0_76 f2_104 f2_929 0.03 -0.03 0.57 0 0 0 63 62
f0_76 f2_281 f2_382 0.17 -0.17 0.98 0 0 0 58 63
f0_76 f2_447 f2_949 0.16 -0.16 0.22 0 0 0 61 60
f0_76 f2_734 f2_929 -0.11 0.11 0.02 0 0 0 61 62
f0_76 f2_929 f2_949 0.84 -0.84 0.19 0 0 0 62 60
f0_78 f0_34 f0_173 -0.41 0.41 0.12 0 0 0 61 63
f0_78 f0_34 f0_718 0.14 -0.14 0.68 0 0 0 61 60
f0_78 f0_82 f0_718 0.13 -0.13 0.49 0 0 0 62 60
f0_78 f0_718 f1h_233 -0.17 0.17 0.79 0 0 0 60 60
f0_78 f1h_390 f2_588 0.08 -0.08 0.3 0 0 0 61 65
f0_82 f0_78 f2_465 0.39 -0.39 0.86 0 0 0 62 63
f0_82 f0_110 f1h_124 -0.26 0.26 0.8 0 0 0 66 65
f0_82 f1h_13 f1h_291 0.02 -0.02 1.23 0 0 0 63 61
f0_82 f1h_13 f2_465 0.06 -0.06 0.88 0 0 0 63 63
f0_83 f0_614 f1w_84 -0.34 0.34 0.94 0 0 0 57 60
f0_85 f0_68 f1h_289 0.36 -0.36 0.92 0 0 0 60 64
f0_85 f0_781 f1h_241 0.25 -0.25 0.75 0 0 0 65 58
f0_85 f0_781 f2_1 0.23 -0.23 0.22 0 0 0 65 66
f0_85 f1h_241 f1h_289 0.09 -0.09 0.88 0 0 0 58 64
f0_85 f1h_289 f2_1 0.44 -0.44 1.06 0 0 0 64 66
f0_86 f0_71 f0_558 0.05 -0.05 0.18 0 0 0 64 63
f0_86 f0_718 f1h_278 0.19 -0.19 0.57 0 0 0 64 64
f0_90 f0_11 f2_925 0.46 -0.46 -0.22 0 0 1 64 66
f0_90 f0_312 f2_925 0.9 -0.9 -0.48 0 0 1 65 66
f0_90 f0_781 f0_930 0.12 -0.12 0.5 0 0 0 70 69
f0_90 f0_781 f2_925 1.22 -1.22 0.16 0 0 0 70 66
f0_90 f2_259 f2_925 1.13 -1.13 -0.44 0 0 1 63 66
f0_94 f0_15 f2_555 0.01 -0.01 0.24 0 0 1 66 67
f0_94 f0_45 f0_474 0.21 -0.21 -0.1 0 0 1 65 66
f0_94 f0_45 f2_555 -0.16 0.16 -0.01 0 0 1 65 67
f0_94 f0_474 f1h_128 0.26 -0.26 -0.14 0 0 1 66 66
f0_94 f0_474 f2_143 -0.11 0.11 -0.42 0 0 1 66 67
f0_94 f0_575 f2_555 0.04 -0.04 -0.08 0 0 1 65 67
f0_94 f0_818 f2_555 -0.2 0.2 0.11 0 0 1 62 67
f0_94 f1h_128 f1w_120 -0.16 0.16 0.51 0 0 1 66 66
f0_94 f1w_120 f2_555 -0.4 0.4 0.14 0 0 1 66 67
f0_94 f2_143 f2_555 -0.35 0.35 0.04 0 0 1 67 67
f0_95 f0_133 f2_645 0.4 -0.4 0.55 0 0 0 72 64
f0_96 f0_4 f0_56 0.27 -0.27 0.39 0 0 0 66 62
f0_96 f0_4 f0_76 0.11 -0.11 0.31 0 0 0 66 64
f0_96 f0_4 f1h_359 -0.34 0.34 0.09 0 0 0 66 67
f0_96 f0_4 f1w_345 -0.15 0.15 0 0 0 0 66 68
f0_96 f0_4 f2_1 0.1 -0.1 -0.05 0 0 0 66 68
f0_96 f0_4 f2_127 0.3 -0.3 0.35 0 0 0 66 64
f0_96 f0_4 f2_700 0.2 -0.2 0.59 0 0 0 66 64
f0_96 f0_10 f0_76 0.1 -0.1 0.57 0 0 0 61 64
f0_96 f0_10 f0_818 -0.18 0.18 0.81 0 0 0 61 62
f0_96 f0_10 f1h_359 0 0 0.7 0 0 0 61 67
f0_96 f0_10 f2_1 0.02 -0.02 0.15 0 0 0 61 68
f0_96 f0_10 f2_127 -0.12 0.12 0.48 0 0 0 61 64
f0_96 f0_10 f2_700 0.06 -0.06 0.7 0 0 0 61 64
f0_96 f0_10 f2_843 -0.15 0.15 0.69 0 0 0 61 66
f0_96 f0_11 f0_594 -0.43 0.43 0.44 0 0 0 63 67
f0_96 f0_11 f0_879 -0.24 0.24 0.67 0 0 0 63 66
f0_96 f0_11 f1w_345 -0.54 0.54 0.33 0 0 0 63 68
f0_96 f0_11 f2_77 -0.3 0.3 0.62 0 0 0 63 60
f0_96 f0_11 f2_409 -0.5 0.5 0.33 0 0 0 63 61
f0_96 f0_43 f0_76 0.28 -0.28 0.47 0 0 0 66 64
f0_96 f0_43 f1w_345 -0.13 0.13 0.17 0 0 0 66 68
f0_96 f0_50 f0_76 -0.2 0.2 0.55 0 0 0 64 64
f0_96 f0_56 f0_76 -0.03 0.03 0.61 0 0 0 62 64
f0_96 f0_56 f0_879 0.05 -0.05 0.7 0 0 0 62 66
f0_96 f0_56 f1h_459 0.12 -0.12 0.31 0 0 0 62 66
f0_96 f0_56 f1w_84 -0.18 0.18 0.78 0 0 0 62 63
f0_96 f0_56 f1w_345 -0.51 0.51 0.35 0 0 0 62 68
f0_96 f0_56 f2_77 -0.17 0.17 0.69 0 0 0 62 60
f0_96 f0_56 f2_127 -0.15 0.09 1.05 0 0 0 62 64
f0_96 f0_56 f2_953 -0.4 0.4 0.43 0 0 0 62 65
f0_96 f0_76 f0_90 -0.09 0.09 0.59 0 0 0 64 68
f0_96 f0_76 f0_247 -0.35 0.35 0.55 0 0 0 64 67
f0_96 f0_76 f1h_459 -0.14 0.14 0.86 0 0 0 64 66
f0_96 f0_76 f2_127 0.11 -0.11 0.55 0 0 0 64 64
f0_96 f0_76 f2_409 0.02 -0.02 0.48 0 0 0 64 61
f0_96 f0_76 f2_843 -0.27 0.27 0.4 0 0 0 64 66
f0_96 f0_76 f2_925 0.03 -0.03 0.72 0 0 0 64 64
