id parent1 parent2 LLRparent1 LLRparent2 LLRpair OHparent1 OHparent2 MEpair SNPd.id.parent1 SNPd.id.parent2
f1h_1 f0_104 f0_111 -11.88 11.88 180.23 0 0 0 8215 8225
f1h_2 f0_7 f0_143 5.76 -5.76 183.22 0 0 0 8221 8217
f1h_3 f0_11 f0_58 15.83 -15.83 174.24 0 0 0 8228 8209
f1h_4 f0_66 f0_136 3.72 -3.72 184.62 0 0 0 8218 8213
f1h_6 f0_8 f0_161 4.09 -4.09 183.1 0 0 0 8223 8222
f1h_8 f0_53 f0_168 15.51 -15.51 177.46 0 0 0 8264 8253
f1h_9 f0_108 f0_198 -1.66 1.66 188.22 0 0 0 8242 8231
f1h_10 f0_110 f0_172 9.44 -9.44 178.34 0 0 0 8214 8235
f1h_12 f0_143 f0_186 6.21 -6.21 184.34 0 0 0 8240 8224
f1h_13 f0_14 f0_51 -4.24 4.24 186.53 0 0 0 8226 8213
f1h_14 f0_2 f0_126 -7.37 7.37 188.5 0 0 0 8227 8223
f1h_16 f0_13 f0_87 -2.81 2.81 191.5 0 0 0 8239 8216
f1h_17 f0_76 f0_176 -12.81 12.81 183.4 0 0 0 8236 8246
f1h_18 f0_42 f0_72 0.75 -0.75 182.01 0 0 0 8228 8220
f1h_19 f0_4 f0_119 -12.52 12.52 183.52 0 0 0 8223 8228
f1h_20 f0_109 f0_143 -1.85 1.85 180.84 0 0 0 8229 8240
f1h_21 f0_2 f0_184 -2.05 2.05 183.62 0 0 0 8243 8235
f1h_22 f0_51 f0_128 -2.7 2.7 186.86 0 0 0 8225 8238
f1h_23 f0_87 f0_133 0.16 -0.16 187.26 0 0 0 8204 8219
f1h_24 f0_149 f0_156 -12.23 12.23 183.92 0 0 0 8222 8244
f1h_25 f0_61 f0_96 -8.46 8.46 175.4 0 0 0 8225 8213
f1h_26 f0_7 f0_77 1.17 -1.17 189.43 0 0 0 8237 8218
f1h_27 f0_188 f0_194 -10.95 10.95 182.81 0 0 0 8231 8242
f1h_29 f0_22 f0_142 -0.55 0.55 188.14 0 0 0 8233 8237
f1h_30 f0_14 f0_61 2.14 -2.14 182.67 0 0 0 8220 8206
f1h_31 f0_70 f0_81 -3.17 3.17 186.29 0 0 0 8239 8230
f1h_32 f0_16 f0_41 6.5 -6.5 184.21 0 0 0 8227 8260
f1h_33 f0_110 f0_165 -1.12 1.12 185.79 0 0 0 8184 8213
f1h_34 f0_153 f0_168 -14.88 14.88 172.09 0 0 0 8237 8241
f1h_35 f0_25 f0_47 -4.58 4.58 180.93 0 0 0 8236 8231
f1h_37 f0_37 f0_55 0.05 -0.05 187.25 0 0 0 8228 8229
f1h_38 f0_2 f0_182 -5.94 5.94 186.88 0 0 0 8248 8244
f1h_39 f0_75 f0_142 -5.3 5.3 183.42 0 0 0 8262 8244
f1h_41 f0_39 f0_168 4.49 -4.49 187.46 0 0 0 8243 8254
f1h_42 f0_7 f0_18 9.68 -9.68 179.62 0 0 0 8230 8199
f1h_43 f0_48 f0_65 7.29 -7.29 185.19 0 0 0 8209 8216
f1h_44 f0_89 f0_160 -12.48 12.48 178.91 0 0 0 8224 8233
f1h_46 f0_88 f0_159 -5.51 5.51 185.89 0 0 0 8227 8234
f1h_47 f0_72 f0_135 0.66 -0.66 190.24 0 0 0 8234 8224
f1h_48 f0_122 f0_127 -5.57 5.57 184.95 0 0 0 8231 8225
f1h_49 f0_54 f0_119 -7.27 7.27 180.52 0 0 0 8233 8231
f1h_51 f0_104 f0_107 12.71 -12.71 185.5 0 0 0 8226 8238
f1h_52 f0_99 f0_135 5.73 -5.73 178.21 0 0 0 8218 8231
f1h_54 f0_37 f0_173 -13.47 13.47 177.89 0 0 0 8222 8237
f1h_55 f0_114 f0_183 -5.52 5.52 189.81 0 0 0 8214 8236
f1h_56 f0_97 f0_174 13.51 -13.51 176.26 0 0 0 8202 8226
f1h_57 f0_95 f0_124 10.35 -10.35 183.45 0 0 0 8233 8234
f1h_59 f0_7 f0_182 0.12 -0.12 185.84 0 0 0 8239 8221
f1h_60 f0_120 f0_175 6.63 -6.63 183.18 0 0 0 8230 8215
f1h_61 f0_63 f0_72 9.92 -9.92 181.22 0 0 0 8213 8230
f1h_62 f0_181 f0_188 -0.56 0.56 191.76 0 0 0 8236 8227
f1h_65 f0_47 f0_87 7.46 -7.46 181.28 0 0 0 8233 8219
f1h_67 f0_59 f0_79 -2.77 2.77 186.96 0 0 0 8234 8246
f1h_68 f0_74 f0_118 2.72 -2.72 186.42 0 0 0 8231 8227
f1h_69 f0_42 f0_63 0.34 -0.34 188.26 0 0 0 8259 8240
f1h_71 f0_41 f0_75 8.89 -8.89 188.56 0 0 0 8241 8245
f1h_73 f0_42 f0_80 1.73 -1.73 186.71 0 0 0 8263 8252
f1h_74 f0_154 f0_199 -0.75 0.75 182.13 0 0 0 8244 8237
f1h_78 f0_67 f0_72 -1.44 1.44 189.87 0 0 0 8218 8218
f1h_79 f0_24 f0_67 -0.63 0.63 190.3 0 0 0 8238 8227
f1h_81 f0_60 f0_102 -4.92 4.92 181.83 0 0 0 8224 8213
f1h_82 f0_47 f0_171 7.29 -7.29 184.57 0 0 0 8222 8219
f1h_83 f0_93 f0_162 -1.22 1.22 184.94 0 0 0 8220 8229
f1h_86 f0_24 f0_121 4.14 -4.14 185.41 0 0 0 8252 8240
f1h_87 f0_57 f0_159 -4.75 4.75 181.19 0 0 0 8217 8217
f1h_88 f0_58 f0_84 4.58 -4.58 190.91 0 0 0 8205 8228
f1h_89 f0_43 f0_132 -5.01 5.01 185.56 0 0 0 8233 8244
f1h_91 f0_101 f0_159 -1.74 1.74 182.6 0 0 0 8233 8229
f1h_92 f0_8 f0_86 -3.23 3.23 191.3 0 0 0 8228 8228
f1h_94 f0_44 f0_170 -9.97 9.97 179.04 0 0 0 8223 8225
f1h_95 f0_115 f0_147 13.9 -13.9 181.62 0 0 0 8223 8232
f1h_97 f0_74 f0_168 0.96 -0.96 187.51 0 0 0 8249 8250
f1h_99 f0_156 f0_188 -9.89 9.89 187.12 0 0 0 8236 8221
f1h_101 f0_30 f0_120 1.53 -1.53 190.07 0 0 0 8229 8241
f1h_102 f0_70 f0_86 4.73 -4.73 192.56 0 0 0 8234 8231
f1h_103 f0_27 f0_31 -3.99 3.99 184.07 0 0 0 8233 8222
f1h_104 f0_30 f0_38 10.7 -10.7 184 0 0 0 8224 8227
f1h_105 f0_27 f0_138 -0.45 0.45 186.72 0 0 0 8235 8243
f1h_106 f0_6 f0_157 8.22 -8.22 180.45 0 0 0 8200 8222
f1h_107 f0_17 f0_32 9.99 -9.99 174.99 0 0 0 8230 8233
f1h_108 f0_45 f0_103 1.33 -1.33 191.7 0 0 0 8243 8230
f1h_109 f0_135 f0_190 -10.59 10.59 182.25 0 0 0 8229 8237
f1h_111 f0_114 f0_167 -3.42 3.42 179.73 0 0 0 8216 8234
f1h_112 f0_124 f0_134 -3.58 3.58 188.45 0 0 0 8227 8215
f1h_113 f0_84 f0_103 -1.74 1.74 191.2 0 0 0 8215 8217
f1h_114 f0_96 f0_102 7.52 -7.52 186.6 0 0 0 8213 8216
f1h_115 f0_38 f0_156 5.04 -5.04 186.41 0 0 0 8224 8234
f1h_117 f0_12 f0_56 9.12 -9.12 180.86 0 0 0 8233 8249
f1h_118 f0_73 f0_74 11.81 -11.81 187.96 0 0 0 8244 8249
f1h_121 f0_57 f0_89 4.27 -4.27 181.08 0 0 0 8232 8218
f1h_122 f0_43 f0_160 -4.64 4.64 184.29 0 0 0 8247 8239
f1h_123 f0_73 f0_88 -3.86 3.86 180.32 0 0 0 8238 8232
f1h_124 f0_32 f0_58 5.21 -5.21 184.73 0 0 0 8220 8195
f1h_125 f0_64 f0_75 3.58 -3.58 189.84 0 0 0 8228 8246
f1h_126 f0_145 f0_154 3.66 -3.66 187.23 0 0 0 8201 8218
f1h_127 f0_87 f0_145 2.07 -2.07 188.39 0 0 0 8206 8210
f1h_128 f0_28 f0_127 2.76 -2.76 187.28 0 0 0 8246 8223
f1h_129 f0_65 f0_100 1.6 -1.6 187.41 0 0 0 8221 8217
f1h_130 f0_44 f0_93 8.92 -8.92 181.03 0 0 0 8231 8233
f1h_131 f0_122 f0_149 8.7 -8.7 193.82 0 0 0 8215 8207
f1h_132 f0_44 f0_153 7.06 -7.06 188.7 0 0 0 8225 8235
f1h_134 f0_193 f0_195 10.11 -10.11 182.68 0 0 0 8228 8257
f1h_135 f0_11 f0_137 12.49 -12.49 178.64 0 0 0 8211 8223
f1h_137 f0_27 f0_74 1.92 -1.92 193.88 0 0 0 8233 8240
f1h_138 f0_27 f0_80 -5.85 5.85 180.18 0 0 0 8224 8216
f1h_140 f0_31 f0_94 15.22 -15.22 183.65 0 0 0 8217 8225
f1h_141 f0_13 f0_162 -3.68 3.68 187.73 0 0 0 8227 8224
f1h_143 f0_184 f0_199 -6.56 6.56 180.86 0 0 0 8226 8230
f1h_144 f0_101 f0_114 -9.88 9.88 184.15 0 0 0 8221 8204
f1h_145 f0_70 f0_134 -13.91 13.91 178.28 0 0 0 8248 8236
f1h_146 f0_118 f0_146 -17.25 17.25 177.57 0 0 0 8225 8221
f1h_147 f0_3 f0_182 -5.43 5.43 177.52 0 0 0 8223 8227
f1h_148 f0_172 f0_198 2.59 -2.59 181.66 0 0 0 8233 8228
f1h_149 f0_78 f0_200 0.83 -0.83 189.17 0 0 0 8245 8254
f1h_150 f0_7 f0_195 -9.28 9.28 185.04 0 0 0 8251 8254
f1h_151 f0_169 f0_172 -1.8 1.8 190.53 0 0 0 8239 8247
f1h_152 f0_76 f0_194 -4 4 184.36 0 0 0 8232 8236
f1h_155 f0_1 f0_91 0.19 -0.19 188.12 0 0 0 8239 8244
f1h_156 f0_76 f0_182 8.37 -8.37 182.07 0 0 0 8235 8233
f1h_157 f0_46 f0_47 2.21 -2.21 182.55 0 0 0 8251 8243
f1h_158 f0_147 f0_158 -4.43 4.43 185.93 0 0 0 8232 8243
f1h_159 f0_155 f0_186 -2.77 2.77 186.29 0 0 0 8222 8231
f1h_160 f0_104 f0_150 -1.93 1.93 187.27 0 0 0 8231 8223
f1h_161 f0_121 f0_179 0.02 -0.02 190.34 0 0 0 8218 8210
f1h_163 f0_13 f0_113 5.07 -5.07 183.97 0 0 0 8231 8234
f1h_164 f0_80 f0_180 -2.17 2.17 188.11 0 0 0 8227 8222
f1h_165 f0_45 f0_66 -4.19 4.19 184.67 0 0 0 8240 8219
f1h_166 f0_95 f0_97 4.51 -4.51 186.18 0 0 0 8241 8218
f1h_168 f0_48 f0_171 -4.48 4.48 179.56 0 0 0 8229 8230
f1h_169 f0_25 f0_177 -4.77 4.77 181.64 0 0 0 8232 8225
f1h_170 f0_7 f0_26 14.06 -14.06 177.35 0 0 0 8250 8233
f1h_171 f0_170 f0_182 -1 1 191.28 0 0 0 8235 8234
f1h_172 f0_9 f0_33 4.78 -4.78 192.33 0 0 0 8238 8223
f1h_173 f0_20 f0_137 6.12 -6.12 185.56 0 0 0 8237 8246
f1h_174 f0_52 f0_111 -12.37 12.37 183.51 0 0 0 8240 8233
f1h_176 f0_19 f0_120 5.13 -5.13 180.57 0 0 0 8232 8238
f1h_177 f0_51 f0_197 -3.19 3.19 187.72 0 0 0 8238 8241
f1h_179 f0_61 f0_173 -4.06 4.06 184.04 0 0 0 8212 8226
f1h_180 f0_42 f0_67 -8.01 8.01 182.78 0 0 0 8237 8231
f1h_181 f0_76 f0_163 5.81 -5.81 180.84 0 0 0 8220 8225
f1h_182 f0_23 f0_171 0.07 -0.07 186.86 0 0 0 8240 8225
f1h_183 f0_21 f0_194 0.47 -0.47 181.36 0 0 0 8244 8238
f1h_184 f0_39 f0_115 -5.96 5.96 183.23 0 0 0 8221 8208
f1h_185 f0_23 f0_115 -8.19 8.19 188.14 0 0 0 8220 8200
f1h_186 f0_85 f0_173 -3.53 3.53 186.45 0 0 0 8217 8237
f1h_187 f0_15 f0_149 -2.4 2.4 187.97 0 0 0 8230 8209
f1h_188 f0_154 f0_176 18.54 -18.54 172.78 0 0 0 8229 8232
f1h_189 f0_4 f0_41 3.09 -3.09 187.45 0 0 0 8227 8243
f1h_190 f0_14 f0_102 5.85 -5.85 184.09 0 0 0 8232 8212
f1h_192 f0_60 f0_175 -1.54 1.54 183.99 0 0 0 8240 8234
f1h_193 f0_40 f0_154 0.23 -0.23 187.76 0 0 0 8229 8227
f1h_195 f0_1 f0_79 0.7 -0.7 177.36 0 0 0 8231 8229
f1h_196 f0_20 f0_151 5.85 -5.85 189.5 0 0 0 8226 8222
f1h_197 f0_19 f0_110 1.01 -1.01 186.12 0 0 0 8239 8214
f1h_198 f0_9 f0_28 -0.74 0.74 187.84 0 0 0 8227 8233
f1h_199 f0_67 f0_132 0.74 -0.74 192.97 0 0 0 8244 8255
f1h_200 f0_177 f0_193 2.55 -2.55 189.3 0 0 0 8236 8228
f1h_201 f0_158 f0_179 2.84 -2.84 183.67 0 0 0 8242 8221
f1h_202 f0_23 f0_197 3.02 -3.02 185.68 0 0 0 8237 8225
f1h_203 f0_66 f0_107 10.46 -10.46 179.93 0 0 0 8213 8223
f1h_204 f0_29 f0_115 -16.5 16.5 178.79 0 0 0 8247 8224
f1h_205 f0_8 f0_125 6.22 -6.22 184.48 0 0 0 8242 8237
f1h_206 f0_11 f0_103 10.23 -10.23 177.35 0 0 0 8225 8230
f1h_207 f0_16 f0_123 -4.4 4.4 181.15 0 0 0 8205 8210
f1h_208 f0_14 f0_198 1.73 -1.73 189.17 0 0 0 8239 8223
f1h_210 f0_39 f0_142 1.55 -1.55 189.96 0 0 0 8233 8228
f1h_211 f0_23 f0_131 10.03 -10.03 179.58 0 0 0 8247 8239
f1h_212 f0_56 f0_107 -3.89 3.89 186.69 0 0 0 8221 8219
f1h_214 f0_95 f0_135 -4.21 4.21 187.7 0 0 0 8224 8214
f1h_215 f0_185 f0_190 2.4 -2.4 182.2 0 0 0 8233 8228
f1h_216 f0_43 f0_123 -2.75 2.75 187.22 0 0 0 8243 8228
f1h_217 f0_86 f0_146 -8.28 8.28 186.79 0 0 0 8240 8240
f1h_218 f0_20 f0_52 8.35 -8.35 176.65 0 0 0 8203 8212
f1h_220 f0_72 f0_166 2.7 -2.7 184.38 0 0 0 8220 8227
f1h_221 f0_135 f0_189 -10.66 10.66 178.73 0 0 0 8229 8241
f1h_222 f0_175 f0_196 1.68 -1.68 186.32 0 0 0 8218 8220
f1h_223 f0_1 f0_36 -2.87 2.87 190.37 0 0 0 8236 8230
f1h_224 f0_54 f0_169 -2.55 2.55 181.82 0 0 0 8240 8229
f1h_225 f0_12 f0_109 11.31 -11.31 187.4 0 0 0 8203 8206
f1h_227 f0_32 f0_74 1.36 -1.36 182.01 0 0 0 8254 8263
f1h_228 f0_136 f0_154 8.01 -8.01 180.55 0 0 0 8222 8241
f1h_231 f0_5 f0_197 2.38 -2.38 186.29 0 0 0 8245 8238
f1h_232 f0_142 f0_154 -3.66 3.66 185.79 0 0 0 8225 8233
f1h_233 f0_159 f0_195 2.59 -2.59 186.92 0 0 0 8234 8253
f1h_235 f0_67 f0_131 0.01 -0.01 186.23 0 0 0 8225 8227
f1h_236 f0_18 f0_193 -5.56 5.56 188.75 0 0 0 8233 8234
f1h_237 f0_11 f0_32 -2.28 2.28 187.38 0 0 0 8231 8238
f1h_239 f0_112 f0_118 14.88 -14.88 179.59 0 0 0 8222 8223
f1h_240 f0_134 f0_178 2.17 -2.17 182.71 0 0 0 8211 8216
f1h_241 f0_31 f0_40 -2.6 2.6 185.98 0 0 0 8195 8211
f1h_242 f0_21 f0_196 -6.74 6.74 185.92 0 0 0 8229 8217
f1h_243 f0_127 f0_138 9.29 -9.29 177.61 0 0 0 8215 8239
f1h_244 f0_56 f0_147 2.47 -2.47 186.9 0 0 0 8243 8238
f1h_246 f0_132 f0_133 3.54 -3.54 187.15 0 0 0 8242 8227
f1h_249 f0_80 f0_192 14.2 -14.2 180.29 0 0 0 8226 8220
f1h_250 f0_67 f0_189 0.23 -0.23 184.24 0 0 0 8222 8222
f1h_251 f0_11 f0_108 1.14 -1.14 178.62 0 0 0 8235 8244
f1h_252 f0_40 f0_82 13.93 -13.93 184.35 0 0 0 8244 8218
f1h_253 f0_10 f0_151 -4.26 4.26 186.59 0 0 0 8237 8222
f1h_255 f0_22 f0_133 0.47 -0.47 190.22 0 0 0 8224 8226
f1h_256 f0_71 f0_194 5.4 -5.4 191.12 0 0 0 8207 8237
f1h_257 f0_92 f0_151 -3.72 3.72 194.77 0 0 0 8225 8227
f1h_259 f0_45 f0_150 -4.37 4.37 188.71 0 0 0 8268 8236
f1h_260 f0_110 f0_133 -9.57 9.57 187.09 0 0 0 8230 8253
f1h_262 f0_62 f0_150 -7.19 7.19 190.31 0 0 0 8226 8215
f1h_263 f0_29 f0_114 -1.41 1.41 187.3 0 0 0 8245 8223
f1h_264 f0_25 f0_93 3.56 -3.56 187.97 0 0 0 8229 8221
f1h_265 f0_22 f0_42 0.83 -0.83 191.45 0 0 0 8228 8238
f1h_266 f0_17 f0_142 7.87 -7.87 179.27 0 0 0 8235 8236
f1h_267 f0_120 f0_197 -5.97 5.97 183 0 0 0 8239 8228
f1h_268 f0_10 f0_161 -5.35 5.35 189.45 0 0 0 8238 8225
f1h_272 f0_29 f0_141 -7.58 7.58 183.81 0 0 0 8254 8249
f1h_274 f0_88 f0_141 -11.18 11.18 185.95 0 0 0 8221 8235
f1h_275 f0_50 f0_157 4.57 -4.57 180.78 0 0 0 8226 8227
f1h_276 f0_62 f0_197 -2.29 2.29 191.82 0 0 0 8227 8230
f1h_277 f0_38 f0_59 -0.97 0.97 184.5 0 0 0 8246 8238
f1h_278 f0_29 f0_110 6.65 -6.65 182.39 0 0 0 8245 8210
f1h_280 f0_62 f0_165 6.48 -6.48 180.66 0 0 0 8213 8224
f1h_282 f0_60 f0_186 1.92 -1.92 183.3 0 0 0 8238 8233
f1h_283 f0_98 f0_158 3.91 -3.91 182.48 0 0 0 8240 8244
f1h_284 f0_38 f0_158 -0.74 0.74 183.2 0 0 0 8229 8244
f1h_286 f0_39 f0_136 -1.7 1.7 183.16 0 0 0 8224 8211
f1h_287 f0_44 f0_96 -12.56 12.56 184.45 0 0 0 8228 8215
f1h_288 f0_177 f0_194 2.3 -2.3 186.96 0 0 0 8221 8224
f1h_289 f0_75 f0_128 -5.13 5.13 188.74 0 0 0 8243 8236
f1h_290 f0_97 f0_136 -10.63 10.63 184.33 0 0 0 8219 8227
f1h_291 f0_80 f0_140 20.45 -20.45 180.6 0 0 0 8228 8226
f1h_292 f0_96 f0_194 -5.09 5.09 180.97 0 0 0 8226 8240
f1h_293 f0_170 f0_199 7.52 -7.52 185.99 0 0 0 8224 8226
f1h_294 f0_35 f0_190 14.08 -14.08 180.33 0 0 0 8241 8231
f1h_295 f0_48 f0_62 3.28 -3.28 190.52 0 0 0 8233 8231
f1h_296 f0_40 f0_184 1.73 -1.73 188.66 0 0 0 8248 8236
f1h_297 f0_39 f0_133 1.71 -1.71 188.63 0 0 0 8231 8226
f1h_298 f0_68 f0_173 -0.21 0.21 183.08 0 0 0 8197 8220
f1h_299 f0_76 f0_139 -6.49 6.49 183.19 0 0 0 8224 8225
f1h_300 f0_125 f0_197 10.32 -10.32 181.2 0 0 0 8240 8240
f1h_301 f0_24 f0_193 6.44 -6.44 182.26 0 0 0 8238 8219
f1h_303 f0_26 f0_193 21.82 -21.82 171.45 0 0 0 8217 8207
f1h_305 f0_103 f0_129 -4.65 4.65 186.44 0 0 0 8233 8238
f1h_307 f0_66 f0_118 -5.99 5.99 186.92 0 0 0 8244 8254
f1h_308 f0_76 f0_157 2.37 -2.37 181.04 0 0 0 8228 8236
f1h_309 f0_143 f0_161 -0.1 0.1 185.81 0 0 0 8220 8210
f1h_311 f0_78 f0_127 3.89 -3.89 183.31 0 0 0 8230 8213
f1h_312 f0_92 f0_95 -7.89 7.89 183.31 0 0 0 8226 8239
f1h_314 f0_10 f0_180 -7.36 7.36 188.4 0 0 0 8230 8215
f1h_315 f0_6 f0_161 -2.85 2.85 183.27 0 0 0 8211 8226
f1h_316 f0_132 f0_165 8.23 -8.23 183.12 0 0 0 8246 8238
f1h_318 f0_4 f0_186 -6.66 6.66 186.7 0 0 0 8235 8230
f1h_319 f0_12 f0_146 4.06 -4.06 185.67 0 0 0 8220 8228
f1h_321 f0_18 f0_111 -6.18 6.18 181.79 0 0 0 8221 8233
f1h_323 f0_67 f0_193 1.38 -1.38 182.4 0 0 0 8240 8232
f1h_324 f0_44 f0_61 -3.69 3.69 184.92 0 0 0 8208 8203
f1h_327 f0_144 f0_161 5.28 -5.28 190.09 0 0 0 8233 8225
f1h_329 f0_47 f0_147 8.98 -8.98 179.59 0 0 0 8224 8225
f1h_331 f0_106 f0_153 6.5 -6.5 189.14 0 0 0 8225 8249
f1h_332 f0_61 f0_170 -4.35 4.35 188.93 0 0 0 8221 8227
f1h_333 f0_55 f0_169 -5.79 5.79 183.28 0 0 0 8223 8214
f1h_334 f0_85 f0_163 4.88 -4.88 187.68 0 0 0 8226 8237
f1h_335 f0_13 f0_53 -11.43 11.43 182.47 0 0 0 8247 8263
f1h_336 f0_23 f0_94 -4.89 4.89 188.39 0 0 0 8243 8231
f1h_337 f0_26 f0_186 1.85 -1.85 188.95 0 0 0 8237 8230
f1h_338 f0_71 f0_138 -13.05 13.05 175.43 0 0 0 8207 8244
f1h_340 f0_60 f0_62 -5.7 5.7 184.84 0 0 0 8243 8237
f1h_341 f0_174 f0_194 5 -5 186.72 0 0 0 8243 8242
f1h_342 f0_44 f0_115 -6.44 6.44 182.05 0 0 0 8226 8220
f1h_343 f0_133 f0_155 1.06 -1.06 188.68 0 0 0 8238 8222
f1h_344 f0_35 f0_76 7.49 -7.49 184.88 0 0 0 8242 8228
f1h_345 f0_128 f0_150 -1.17 1.17 191.06 0 0 0 8227 8201
f1h_347 f0_105 f0_113 4.17 -4.17 187.41 0 0 0 8209 8235
f1h_348 f0_82 f0_149 2.91 -2.91 179.43 0 0 0 8200 8202
f1h_350 f0_55 f0_98 3.38 -3.38 190.25 0 0 0 8237 8246
f1h_352 f0_79 f0_142 1.52 -1.52 181.23 0 0 0 8240 8237
f1h_353 f0_98 f0_106 -1.84 1.84 183.15 0 0 0 8248 8225
f1h_354 f0_106 f0_169 -16.06 16.06 182.69 0 0 0 8212 8215
f1h_355 f0_13 f0_125 0.43 -0.43 184.81 0 0 0 8237 8226
f1h_356 f0_114 f0_126 0.08 -0.08 184.8 0 0 0 8217 8229
f1h_358 f0_70 f0_121 -11.79 11.79 186.36 0 0 0 8245 8240
f1h_360 f0_146 f0_166 -3.44 3.44 188.92 0 0 0 8232 8239
f1h_362 f0_10 f0_169 1.38 -1.38 190.99 0 0 0 8219 8200
f1h_363 f0_140 f0_158 -15.51 15.51 178.78 0 0 0 8230 8246
f1h_365 f0_51 f0_165 -1.36 1.36 188.31 0 0 0 8230 8238
f1h_366 f0_137 f0_185 -0.23 0.23 183.74 0 0 0 8229 8226
f1h_368 f0_13 f0_55 2.12 -2.12 191.42 0 0 0 8241 8231
f1h_369 f0_108 f0_189 -16.83 16.83 180.48 0 0 0 8225 8221
f1h_370 f0_30 f0_162 -1.36 1.36 185.66 0 0 0 8224 8234
f1h_371 f0_74 f0_121 10.92 -10.92 189.21 0 0 0 8236 8223
f1h_372 f0_36 f0_156 -0.67 0.67 189.83 0 0 0 8220 8230
f1h_373 f0_163 f0_192 -1.95 1.95 181.76 0 0 0 8216 8203
f1h_375 f0_44 f0_170 -3.29 3.29 187.95 0 0 0 8228 8229
f1h_377 f0_124 f0_194 -9.82 9.82 184.81 0 0 0 8235 8231
f1h_378 f0_46 f0_51 1.43 -1.43 189.12 0 0 0 8243 8232
f1h_379 f0_19 f0_71 1.78 -1.78 184.85 0 0 0 8218 8189
f1h_380 f0_105 f0_110 5.58 -5.58 180.34 0 0 0 8210 8198
f1h_381 f0_54 f0_66 -1.3 1.3 189.9 0 0 0 8241 8229
f1h_382 f0_132 f0_182 -6.33 6.33 186.11 0 0 0 8246 8231
f1h_385 f0_62 f0_155 13.57 -13.57 179.53 0 0 0 8205 8192
f1h_386 f0_114 f0_163 14.09 -14.09 173.45 0 0 0 8201 8211
f1h_387 f0_62 f0_178 -2.52 2.52 179.1 0 0 0 8218 8225
f1h_388 f0_79 f0_128 -4.43 4.43 184.19 0 0 0 8228 8231
f1h_389 f0_25 f0_51 11.38 -11.38 185.59 0 0 0 8238 8230
f1h_390 f0_43 f0_47 -2.14 2.14 188.37 0 0 0 8227 8222
f1h_391 f0_62 f0_95 -4.7 4.7 186.27 0 0 0 8231 8242
f1h_392 f0_1 f0_19 -5.19 5.19 172.23 0 0 0 8227 8227
f1h_393 f0_112 f0_190 -4.24 4.24 187.91 0 0 0 8247 8243
f1h_395 f0_69 f0_83 8.86 -8.86 186.41 0 0 0 8228 8232
f1h_396 f0_106 f0_177 5.03 -5.03 186.27 0 0 0 8211 8224
f1h_398 f0_55 f0_114 -4.65 4.65 182.88 0 0 0 8230 8220
f1h_399 f0_66 f0_150 3.99 -3.99 188.95 0 0 0 8238 8228
f1h_403 f0_45 f0_170 0.43 -0.43 186.48 0 0 0 8235 8222
f1h_405 f0_30 f0_101 6.59 -6.59 188.52 0 0 0 8210 8220
f1h_406 f0_84 f0_101 7.98 -7.98 181.65 0 0 0 8231 8238
f1h_407 f0_93 f0_97 0.49 -0.49 183.73 0 0 0 8224 8208
f1h_408 f0_78 f0_109 -12.34 12.34 182.19 0 0 0 8226 8219
f1h_410 f0_1 f0_101 1.64 -1.64 181.51 0 0 0 8226 8229
f1h_413 f0_152 f0_183 -5.01 5.01 188.06 0 0 0 8234 8250
f1h_414 f0_129 f0_189 -9.35 9.35 176.9 0 0 0 8235 8233
f1h_415 f0_87 f0_90 0.28 -0.28 192.73 0 0 0 8215 8243
f1h_416 f0_122 f0_153 1.96 -1.96 187.92 0 0 0 8225 8240
f1h_417 f0_69 f0_175 -2.41 2.41 186.06 0 0 0 8238 8227
f1h_418 f0_35 f0_97 9.92 -9.92 181.62 0 0 0 8248 8216
f1h_419 f0_149 f0_168 -6.65 6.65 183.16 0 0 0 8219 8246
f1h_420 f0_39 f0_181 2.13 -2.13 192.48 0 0 0 8231 8227
f1h_421 f0_130 f0_200 -2.78 2.78 190.73 0 0 0 8224 8245
f1h_423 f0_11 f0_135 8.12 -8.12 179.76 0 0 0 8227 8223
f1h_424 f0_62 f0_77 -8.54 8.54 183.07 0 0 0 8230 8234
f1h_425 f0_166 f0_186 -10.78 10.78 185.11 0 0 0 8237 8221
f1h_427 f0_18 f0_52 -1.2 1.2 182.33 0 0 0 8218 8235
f1h_428 f0_12 f0_140 3.4 -3.4 182.74 0 0 0 8219 8221
f1h_429 f0_51 f0_161 -17.6 17.6 182.34 0 0 0 8236 8232
f1h_430 f0_89 f0_172 2.09 -2.09 187.5 0 0 0 8222 8230
f1h_431 f0_6 f0_92 10.98 -10.98 181.97 0 0 0 8209 8223
f1h_432 f0_94 f0_145 -1.61 1.61 184.96 0 0 0 8217 8207
f1h_433 f0_99 f0_175 0.36 -0.36 186.48 0 0 0 8220 8233
f1h_434 f0_93 f0_165 -6.16 6.16 189.23 0 0 0 8209 8219
f1h_436 f0_20 f0_143 7.13 -7.13 179.88 0 0 0 8225 8239
f1h_437 f0_44 f0_91 -0.4 0.4 185.51 0 0 0 8236 8248
f1h_438 f0_46 f0_163 -2.81 2.81 184.79 0 0 0 8235 8228
f1h_439 f0_11 f0_28 5.1 -5.1 178.42 0 0 0 8226 8243
f1h_440 f0_18 f0_178 -15.81 15.81 180.13 0 0 0 8227 8239
f1h_441 f0_30 f0_176 -8.59 8.59 184.95 0 0 0 8238 8250
f1h_443 f0_67 f0_73 -6.74 6.74 179.84 0 0 0 8221 8224
f1h_444 f0_43 f0_132 4.15 -4.15 185.26 0 0 0 8233 8244
f1h_445 f0_29 f0_39 -13.86 13.86 183.95 0 0 0 8249 8240
f1h_447 f0_175 f0_181 -1.96 1.96 187.73 0 0 0 8220 8225
f1h_448 f0_103 f0_113 -4.8 4.8 191.48 0 0 0 8234 8244
f1h_449 f0_108 f0_177 1.2 -1.2 183.48 0 0 0 8221 8217
f1h_450 f0_5 f0_169 2.33 -2.33 190.62 0 0 0 8234 8222
f1h_451 f0_88 f0_142 -1.74 1.74 198.61 0 0 0 8226 8230
f1h_452 f0_32 f0_99 11.73 -11.73 181.23 0 0 0 8232 8212
f1h_453 f0_18 f0_167 5.83 -5.83 183.66 0 0 0 8206 8228
f1h_454 f0_17 f0_125 3.63 -3.63 184.27 0 0 0 8230 8228
f1h_455 f0_6 f0_135 0.4 -0.4 180.11 0 0 0 8200 8210
f1h_456 f0_24 f0_45 0.69 -0.69 188.73 0 0 0 8254 8258
f1h_457 f0_48 f0_79 -8.47 8.47 184.4 0 0 0 8229 8238
f1h_458 f0_25 f0_46 -17.85 17.85 177.54 0 0 0 8239 8241
f1h_459 f0_38 f0_113 3.05 -3.05 195.05 0 0 0 8226 8241
f1h_460 f0_145 f0_146 9.71 -9.71 188.36 0 0 0 8232 8242
f1h_461 f0_27 f0_32 2.48 -2.48 187.56 0 0 0 8221 8221
f1h_462 f0_94 f0_155 1.04 -1.04 189.35 0 0 0 8223 8204
f1h_463 f0_58 f0_72 -10.17 10.17 185.19 0 0 0 8198 8224
f1h_464 f0_43 f0_101 -11.83 11.83 180.04 0 0 0 8233 8234
f1h_465 f0_28 f0_142 1.87 -1.87 192.56 0 0 0 8241 8227
f1h_466 f0_67 f0_108 -9.88 9.88 171.7 0 0 0 8223 8226
f1h_467 f0_3 f0_16 0.7 -0.7 183.78 0 0 0 8235 8217
f1h_468 f0_76 f0_163 -1.45 1.45 185.26 0 0 0 8226 8231
f1h_469 f0_63 f0_174 4.37 -4.37 187.44 0 0 0 8221 8238
f1h_470 f0_19 f0_123 8.7 -8.7 181.84 0 0 0 8222 8205
f1h_471 f0_11 f0_113 14.72 -14.72 179.68 0 0 0 8207 8226
f1h_473 f0_107 f0_161 -5.18 5.18 189.12 0 0 0 8232 8224
f1h_474 f0_84 f0_165 -16.59 16.59 177.15 0 0 0 8231 8236
f1h_476 f0_39 f0_70 7.21 -7.21 180.21 0 0 0 8245 8249
f1h_477 f0_166 f0_175 1.44 -1.44 187.53 0 0 0 8232 8214
f1h_478 f0_97 f0_178 -10.68 10.68 179.82 0 0 0 8201 8221
f1h_479 f0_59 f0_137 8.84 -8.84 186.59 0 0 0 8229 8244
f1h_480 f0_36 f0_90 -4.01 4.01 186.49 0 0 0 8205 8222
f1h_481 f0_57 f0_67 -12.18 12.18 178.13 0 0 0 8223 8222
f1h_482 f0_131 f0_177 -8.32 8.32 182.06 0 0 0 8232 8228
f1h_484 f0_94 f0_126 -1.95 1.95 190.48 0 0 0 8230 8232
f1h_485 f0_46 f0_169 -11.25 11.25 182.09 0 0 0 8231 8214
f1h_487 f0_43 f0_49 -0.86 0.86 186.82 0 0 0 8236 8242
f1h_488 f0_5 f0_157 -7.71 7.71 184.17 0 0 0 8231 8232
f1h_489 f0_12 f0_45 3.03 -3.03 186.22 0 0 0 8224 8247
f1h_491 f0_117 f0_139 -14.71 14.71 177.13 0 0 0 8230 8224
f1h_493 f0_76 f0_96 7.82 -7.82 181.81 0 0 0 8215 8201
f1h_494 f0_131 f0_183 19.51 -19.51 180.32 0 0 0 8228 8236
f1h_495 f0_40 f0_56 4.9 -4.9 187.73 0 0 0 8248 8248
f1h_496 f0_16 f0_107 8.48 -8.48 178.28 0 0 0 8214 8236
f1h_497 f0_23 f0_118 2.41 -2.41 190.91 0 0 0 8240 8235
f1h_498 f0_184 f0_187 -0.82 0.82 178.29 0 0 0 8223 8230
f1h_499 f0_36 f0_144 -2.47 2.47 184.62 0 0 0 8237 8244
f1w_3 f0_299 f0_729 11.69 -11.69 178.76 0 0 0 8229 8223
f1w_5 f0_479 f0_564 -0.27 0.27 193.2 0 0 0 8242 8219
f1w_11 f0_594 f0_648 13.87 -13.87 177.64 0 0 0 8231 8227
f1w_12 f0_789 f0_944 -1.65 1.65 184.61 0 0 0 8209 8236
f1w_13 f0_640 f0_984 0.32 -0.32 186.96 0 0 0 8227 8218
f1w_16 f0_274 f0_369 -9.76 9.76 188.65 0 0 0 8227 8243
f1w_17 f0_205 f0_909 3.81 -3.81 188.05 0 0 0 8188 8193
f1w_19 f0_310 f0_313 -5.2 5.2 182.63 0 0 0 8222 8223
f1w_21 f0_619 f0_641 0.69 -0.69 186.97 0 0 0 8218 8209
f1w_22 f0_684 f0_971 3.35 -3.35 190.19 0 0 0 8220 8249
f1w_25 f0_408 f0_759 9.53 -9.53 191.42 0 0 0 8244 8255
f1w_27 f0_441 f0_945 9.33 -9.33 184.85 0 0 0 8239 8233
f1w_28 f0_688 f0_764 0.56 -0.56 183.05 0 0 0 8234 8226
f1w_29 f0_317 f0_412 -1.64 1.64 191.13 0 0 0 8217 8209
f1w_30 f0_379 f0_674 0.43 -0.43 184.74 0 0 0 8245 8226
f1w_31 f0_453 f0_955 -6.82 6.82 178.72 0 0 0 8229 8236
f1w_32 f0_674 f0_917 18.19 -18.19 177.99 0 0 0 8209 8229
f1w_33 f0_605 f0_1000 -7.6 7.6 184.38 0 0 0 8222 8223
f1w_34 f0_408 f0_885 9.3 -9.3 178.47 0 0 0 8234 8220
f1w_35 f0_336 f0_837 13.77 -13.77 184.53 0 0 0 8213 8210
f1w_38 f0_854 f0_920 -10.24 10.24 183.83 0 0 0 8231 8235
f1w_40 f0_578 f0_740 7.95 -7.95 185.48 0 0 0 8221 8222
f1w_42 f0_209 f0_715 0.88 -0.88 189.2 0 0 0 8213 8221
f1w_43 f0_292 f0_514 -7.31 7.31 176.24 0 0 0 8229 8222
f1w_45 f0_204 f0_668 -2.18 2.18 190.67 0 0 0 8235 8249
f1w_46 f0_254 f0_489 -1.07 1.07 183.28 0 0 0 8239 8232
f1w_47 f0_395 f0_514 -7.85 7.85 180.22 0 0 0 8213 8224
f1w_48 f0_612 f0_933 -1.33 1.33 187.16 0 0 0 8220 8216
f1w_54 f0_271 f0_836 4.71 -4.71 186.28 0 0 0 8219 8218
f1w_57 f0_311 f0_323 -7.14 7.14 184.89 0 0 0 8246 8231
f1w_59 f0_348 f0_450 -1.7 1.7 180.57 0 0 0 8217 8218
f1w_60 f0_309 f0_583 6.94 -6.94 187.03 0 0 0 8229 8240
f1w_61 f0_274 f0_603 -3.92 3.92 187.18 0 0 0 8209 8209
f1w_64 f0_424 f0_517 4.94 -4.94 187.47 0 0 0 8226 8227
f1w_65 f0_546 f0_917 6.65 -6.65 190.13 0 0 0 8217 8238
f1w_67 f0_229 f0_936 -8.06 8.06 183.96 0 0 0 8214 8235
f1w_69 f0_854 f0_880 -2.36 2.36 187.98 0 0 0 8216 8205
f1w_70 f0_297 f0_332 3.53 -3.53 181.62 0 0 0 8234 8239
f1w_71 f0_685 f0_753 2.66 -2.66 178.86 0 0 0 8238 8244
f1w_72 f0_628 f0_993 -5.96 5.96 186.46 0 0 0 8242 8234
f1w_74 f0_221 f0_618 24.18 -24.18 173.39 0 0 0 8230 8217
f1w_75 f0_344 f0_549 -1.94 1.94 190.15 0 0 0 8226 8238
f1w_76 f0_334 f0_768 3.6 -3.6 188.87 0 0 0 8248 8251
f1w_77 f0_290 f0_739 1.61 -1.61 191.69 0 0 0 8227 8250
f1w_78 f0_594 f0_1000 6.14 -6.14 184.51 0 0 0 8222 8219
f1w_80 f0_483 f0_514 -10.27 10.27 182.37 0 0 0 8200 8213
f1w_82 f0_463 f0_908 -2.34 2.34 192.92 0 0 0 8254 8238
f1w_84 f0_456 f0_791 -0.69 0.69 188.24 0 0 0 8248 8246
f1w_89 f0_400 f0_828 11.01 -11.01 186.92 0 0 0 8230 8217
f1w_92 f0_360 f0_449 -0.81 0.81 185.5 0 0 0 8214 8214
f1w_93 f0_336 f0_461 -2.28 2.28 183.31 0 0 0 8209 8196
f1w_95 f0_338 f0_543 2.09 -2.09 188.81 0 0 0 8211 8227
f1w_96 f0_788 f0_800 8.22 -8.22 189.37 0 0 0 8228 8248
f1w_97 f0_243 f0_594 7.7 -7.7 179.24 0 0 0 8222 8216
f1w_98 f0_683 f0_992 1.77 -1.77 190.71 0 0 0 8209 8213
f1w_100 f0_348 f0_420 -2.7 2.7 191.08 0 0 0 8212 8230
f1w_101 f0_220 f0_527 -15.89 15.89 179.15 0 0 0 8228 8232
f1w_102 f0_451 f0_546 -6.66 6.66 177.47 0 0 0 8217 8203
f1w_103 f0_208 f0_305 1.7 -1.7 186.99 0 0 0 8235 8216
f1w_104 f0_261 f0_758 8.87 -8.87 187.56 0 0 0 8219 8215
f1w_105 f0_387 f0_722 -18.09 18.09 175.25 0 0 0 8245 8239
f1w_106 f0_611 f0_899 -1.96 1.96 184.88 0 0 0 8205 8204
f1w_108 f0_316 f0_780 -7.53 7.53 182.03 0 0 0 8237 8223
f1w_111 f0_295 f0_829 4.31 -4.31 180.65 0 0 0 8224 8211
f1w_112 f0_360 f0_804 -6.51 6.51 186.07 0 0 0 8228 8237
f1w_114 f0_363 f0_519 -5.8 5.8 186.68 0 0 0 8231 8238
f1w_115 f0_508 f0_985 0.74 -0.74 188.56 0 0 0 8207 8204
f1w_116 f0_771 f0_798 11.16 -11.16 187.24 0 0 0 8232 8240
f1w_117 f0_650 f0_934 -9.22 9.22 183.81 0 0 0 8242 8238
f1w_118 f0_300 f0_357 -1 1 183.37 0 0 0 8228 8222
f1w_124 f0_838 f0_997 -4.69 4.69 181.27 0 0 0 8223 8229
f1w_125 f0_755 f0_758 -1.71 1.71 186.26 0 0 0 8226 8227
f1w_130 f0_357 f0_724 12.94 -12.94 181.48 0 0 0 8222 8234
f1w_132 f0_349 f0_989 9.07 -9.07 185.25 0 0 0 8230 8226
f1w_133 f0_758 f0_970 3.04 -3.04 185.52 0 0 0 8235 8229
f1w_135 f0_258 f0_692 2.26 -2.26 181.28 0 0 0 8246 8235
f1w_138 f0_478 f0_630 -10.85 10.85 185.15 0 0 0 8230 8247
f1w_139 f0_719 f0_909 -14.7 14.7 182.15 0 0 0 8226 8233
f1w_140 f0_300 f0_897 -4.57 4.57 180.33 0 0 0 8217 8214
f1w_142 f0_674 f0_899 -9.21 9.21 183.86 0 0 0 8230 8235
f1w_144 f0_292 f0_835 1.54 -1.54 187.46 0 0 0 8237 8239
f1w_147 f0_237 f0_839 5.21 -5.21 189.41 0 0 0 8227 8238
f1w_149 f0_636 f0_855 -1.67 1.67 185.55 0 0 0 8246 8228
f1w_150 f0_422 f0_634 6.08 -6.08 188.9 0 0 0 8222 8227
f1w_153 f0_295 f0_879 -4.85 4.85 187.56 0 0 0 8241 8245
f1w_155 f0_470 f0_738 15.12 -15.12 174.93 0 0 0 8201 8196
f1w_160 f0_563 f0_875 -3.49 3.49 183.62 0 0 0 8224 8236
f1w_162 f0_611 f0_778 1.62 -1.62 188.75 0 0 0 8232 8229
f1w_166 f0_861 f0_928 3.53 -3.53 185.79 0 0 0 8233 8230
f1w_168 f0_416 f0_872 -11.38 11.38 178.1 0 0 0 8193 8212
f1w_169 f0_753 f0_940 0.21 -0.21 190.75 0 0 0 8239 8224
f1w_171 f0_643 f0_962 -0.52 0.52 193.4 0 0 0 8213 8211
f1w_172 f0_483 f0_746 -0.05 0.05 187.79 0 0 0 8209 8227
f1w_174 f0_490 f0_862 11.82 -11.82 188.23 0 0 0 8228 8233
f1w_178 f0_241 f0_784 -2.43 2.43 189.95 0 0 0 8229 8228
f1w_179 f0_630 f0_764 5.74 -5.74 185.82 0 0 0 8255 8220
f1w_182 f0_574 f0_608 -11.63 11.63 179.64 0 0 0 8245 8223
f1w_184 f0_379 f0_951 -0.43 0.43 184.58 0 0 0 8232 8221
f1w_188 f0_416 f0_617 -1.43 1.43 192.14 0 0 0 8212 8225
f1w_189 f0_514 f0_552 -9.48 9.48 181.08 0 0 0 8217 8230
f1w_194 f0_337 f0_421 -1.04 1.04 190.47 0 0 0 8242 8231
f1w_197 f0_361 f0_402 -13.36 13.36 180.21 0 0 0 8225 8226
f1w_198 f0_902 f0_933 10 -10 186.97 0 0 0 8231 8217
f1w_201 f0_597 f0_639 -9.2 9.2 179.73 0 0 0 8255 8256
f1w_202 f0_485 f0_952 9.83 -9.83 190.01 0 0 0 8230 8238
f1w_204 f0_477 f0_806 -1.22 1.22 181.73 0 0 0 8234 8244
f1w_205 f0_312 f0_956 -1.58 1.58 191.72 0 0 0 8241 8240
f1w_207 f0_394 f0_828 -2.91 2.91 196.13 0 0 0 8218 8222
f1w_209 f0_324 f0_761 -4.65 4.65 180.92 0 0 0 8240 8238
f1w_213 f0_366 f0_436 -0.27 0.27 190.71 0 0 0 8235 8224
f1w_214 f0_332 f0_990 3.9 -3.9 188.23 0 0 0 8258 8237
f1w_216 f0_526 f0_896 -0.77 0.77 188.78 0 0 0 8227 8229
f1w_218 f0_248 f0_674 4.67 -4.67 183.45 0 0 0 8229 8219
f1w_219 f0_486 f0_610 -7.41 7.41 180.2 0 0 0 8241 8243
f1w_221 f0_485 f0_909 -5.02 5.02 191.66 0 0 0 8231 8227
f1w_222 f0_685 f0_793 2.33 -2.33 182.58 0 0 0 8237 8232
f1w_223 f0_292 f0_373 -6.46 6.46 183.12 0 0 0 8241 8237
f1w_224 f0_501 f0_814 -1.24 1.24 185.55 0 0 0 8233 8238
f1w_225 f0_440 f0_839 -4.82 4.82 186.83 0 0 0 8220 8223
f1w_226 f0_753 f0_952 0.48 -0.48 188.95 0 0 0 8239 8235
f1w_227 f0_538 f0_704 -0.46 0.46 188.48 0 0 0 8220 8210
f1w_228 f0_206 f0_313 6.22 -6.22 174.12 0 0 0 8216 8239
f1w_229 f0_224 f0_676 8.24 -8.24 184.78 0 0 0 8223 8239
f1w_232 f0_237 f0_291 2.29 -2.29 186.54 0 0 0 8237 8247
f1w_239 f0_303 f0_421 -0.26 0.26 190.5 0 0 0 8221 8215
f1w_240 f0_352 f0_792 -9.03 9.03 187.68 0 0 0 8223 8223
f1w_242 f0_524 f0_816 4.7 -4.7 179.23 0 0 0 8238 8235
f1w_243 f0_288 f0_915 9.48 -9.48 181.41 0 0 0 8207 8207
f1w_245 f0_690 f0_702 2.66 -2.66 184.24 0 0 0 8226 8241
f1w_246 f0_672 f0_823 3.85 -3.85 187.72 0 0 0 8237 8253
f1w_249 f0_292 f0_715 4.32 -4.32 187.13 0 0 0 8233 8237
f1w_251 f0_664 f0_924 -2.56 2.56 186.94 0 0 0 8220 8245
f1w_252 f0_369 f0_933 3.28 -3.28 191.9 0 0 0 8235 8224
f1w_254 f0_258 f0_952 -5.76 5.76 179.16 0 0 0 8245 8250
f1w_256 f0_672 f0_1000 -17.8 17.8 181.76 0 0 0 8226 8217
f1w_260 f0_476 f0_852 -3.76 3.76 185.43 0 0 0 8239 8237
f1w_262 f0_247 f0_700 -6.24 6.24 186.75 0 0 0 8224 8244
f1w_263 f0_579 f0_751 7.48 -7.48 179.81 0 0 0 8213 8203
f1w_265 f0_499 f0_936 10.04 -10.04 187.5 0 0 0 8246 8247
f1w_270 f0_525 f0_850 -0.24 0.24 190.59 0 0 0 8231 8261
f1w_272 f0_229 f0_399 1.56 -1.56 192.32 0 0 0 8224 8231
f1w_273 f0_270 f0_402 -13.53 13.53 182.01 0 0 0 8211 8217
f1w_274 f0_612 f0_678 -3.24 3.24 180.87 0 0 0 8229 8243
f1w_278 f0_326 f0_990 -7.68 7.68 182.14 0 0 0 8217 8209
f1w_279 f0_393 f0_711 5.47 -5.47 188.8 0 0 0 8234 8227
f1w_280 f0_639 f0_831 4.7 -4.7 184.72 0 0 0 8222 8214
f1w_281 f0_861 f0_913 10.93 -10.93 180.78 0 0 0 8230 8234
f1w_282 f0_238 f0_400 -6.33 6.33 185.27 0 0 0 8240 8239
f1w_283 f0_261 f0_995 1.76 -1.76 192.34 0 0 0 8231 8229
f1w_285 f0_235 f0_730 0.44 -0.44 196.84 0 0 0 8260 8245
f1w_286 f0_449 f0_518 -1.91 1.91 188.7 0 0 0 8237 8244
f1w_287 f0_420 f0_444 -6.94 6.94 185.6 0 0 0 8241 8236
f1w_289 f0_564 f0_955 5.53 -5.53 183.54 0 0 0 8223 8231
f1w_290 f0_785 f0_985 4.95 -4.95 192.04 0 0 0 8234 8226
f1w_293 f0_249 f0_825 4.07 -4.07 183.64 0 0 0 8226 8241
f1w_297 f0_596 f0_740 -4.42 4.42 180.26 0 0 0 8244 8233
f1w_299 f0_228 f0_613 -2.23 2.23 188.48 0 0 0 8214 8234
f1w_300 f0_628 f0_931 -2.58 2.58 186.14 0 0 0 8229 8234
f1w_301 f0_819 f0_852 -6.24 6.24 177.7 0 0 0 8238 8240
f1w_302 f0_535 f0_790 -12.76 12.76 183.16 0 0 0 8233 8242
f1w_305 f0_407 f0_640 -7.39 7.39 179.78 0 0 0 8223 8237
f1w_310 f0_634 f0_854 -12.21 12.21 190.48 0 0 0 8218 8215
f1w_311 f0_275 f0_875 -13.57 13.57 181.89 0 0 0 8225 8247
f1w_315 f0_267 f0_612 7.61 -7.61 187.89 0 0 0 8226 8229
f1w_316 f0_210 f0_524 -4.02 4.02 188.74 0 0 0 8230 8236
f1w_317 f0_377 f0_882 1.09 -1.09 188.62 0 0 0 8224 8219
f1w_318 f0_449 f0_732 -9.02 9.02 181.47 0 0 0 8238 8230
f1w_319 f0_401 f0_590 8.69 -8.69 176.99 0 0 0 8209 8247
f1w_320 f0_727 f0_869 0.2 -0.2 187.78 0 0 0 8231 8231
f1w_322 f0_871 f0_917 -3.8 3.8 186.26 0 0 0 8215 8233
f1w_323 f0_441 f0_589 2.72 -2.72 193.72 0 0 0 8243 8230
f1w_324 f0_820 f0_850 -2.11 2.11 192.52 0 0 0 8238 8250
f1w_325 f0_297 f0_842 5.06 -5.06 191.13 0 0 0 8224 8231
f1w_326 f0_740 f0_918 -8.14 8.14 184.21 0 0 0 8239 8239
f1w_327 f0_727 f0_883 1.48 -1.48 184.98 0 0 0 8237 8243
f1w_328 f0_367 f0_739 6.49 -6.49 183.58 0 0 0 8226 8254
f1w_330 f0_696 f0_771 -10.04 10.04 185.89 0 0 0 8225 8230
f1w_331 f0_310 f0_416 -6 6 187.62 0 0 0 8234 8210
f1w_333 f0_841 f0_867 -2.56 2.56 184.55 0 0 0 8220 8211
f1w_334 f0_476 f0_565 -2.4 2.4 186.38 0 0 0 8247 8226
f1w_335 f0_956 f0_995 -4.32 4.32 182.46 0 0 0 8222 8226
f1w_337 f0_208 f0_378 -4.07 4.07 185.61 0 0 0 8250 8245
f1w_340 f0_319 f0_530 -1.25 1.25 184.61 0 0 0 8240 8225
f1w_341 f0_542 f0_727 1.77 -1.77 188 0 0 0 8222 8237
f1w_342 f0_516 f0_768 -1 1 185.06 0 0 0 8254 8248
f1w_343 f0_471 f0_548 -8.61 8.61 189.14 0 0 0 8233 8247
f1w_346 f0_206 f0_708 -1.05 1.05 181.27 0 0 0 8221 8241
f1w_347 f0_869 f0_900 6.38 -6.38 185.95 0 0 0 8247 8238
f1w_348 f0_656 f0_929 9.72 -9.72 175.59 0 0 0 8236 8214
f1w_349 f0_212 f0_728 -7.34 7.34 178.72 0 0 0 8223 8220
f1w_351 f0_313 f0_618 19.88 -19.88 171.38 0 0 0 8226 8211
f1w_353 f0_343 f0_801 5.26 -5.26 182.87 0 0 0 8217 8237
f1w_356 f0_478 f0_780 -5.9 5.9 185.34 0 0 0 8241 8224
f1w_358 f0_783 f0_957 0.49 -0.49 199.97 0 0 0 8263 8261
f1w_361 f0_549 f0_566 6.63 -6.63 190.49 0 0 0 8217 8231
f1w_362 f0_508 f0_884 -5.41 5.41 180.7 0 0 0 8238 8252
f1w_364 f0_463 f0_582 0.67 -0.67 185.94 0 0 0 8260 8228
f1w_372 f0_477 f0_722 5.74 -5.74 184.34 0 0 0 8241 8223
f1w_375 f0_506 f0_801 14.39 -14.39 182.99 0 0 0 8262 8253
f1w_379 f0_269 f0_277 -5.68 5.68 180.57 0 0 0 8252 8245
f1w_382 f0_303 f0_610 0.25 -0.25 191.8 0 0 0 8235 8235
f1w_383 f0_425 f0_470 4.73 -4.73 183.74 0 0 0 8205 8217
f1w_387 f0_542 f0_777 -4.72 4.72 185.79 0 0 0 8218 8232
f1w_388 f0_299 f0_320 5.84 -5.84 184.81 0 0 0 8221 8217
f1w_390 f0_257 f0_836 -1.41 1.41 191.75 0 0 0 8244 8229
f1w_398 f0_774 f0_969 -0.44 0.44 186.45 0 0 0 8238 8240
f1w_400 f0_326 f0_768 2.44 -2.44 192.47 0 0 0 8254 8263
f1w_402 f0_436 f0_965 -6.64 6.64 188.65 0 0 0 8235 8246
f1w_403 f0_516 f0_860 0.37 -0.37 189.57 0 0 0 8231 8198
f1w_404 f0_331 f0_424 2.52 -2.52 181.78 0 0 0 8238 8242
f1w_405 f0_323 f0_973 8.55 -8.55 180.06 0 0 0 8234 8235
f1w_406 f0_214 f0_679 5.15 -5.15 187.89 0 0 0 8247 8230
f1w_408 f0_365 f0_856 -9.73 9.73 185.65 0 0 0 8230 8238
f1w_409 f0_530 f0_856 -3.27 3.27 190.04 0 0 0 8235 8255
f1w_410 f0_212 f0_852 2 -2 188.21 0 0 0 8207 8219
f1w_413 f0_270 f0_633 -2.58 2.58 187.95 0 0 0 8229 8211
f1w_414 f0_757 f0_814 -14.19 14.19 182.11 0 0 0 8219 8237
f1w_418 f0_604 f0_660 2.02 -2.02 187.05 0 0 0 8216 8251
f1w_419 f0_388 f0_842 -1.95 1.95 191.09 0 0 0 8234 8253
f1w_420 f0_416 f0_438 -2.22 2.22 182.21 0 0 0 8225 8245
f1w_421 f0_421 f0_898 -12.38 12.38 181.21 0 0 0 8236 8236
f1w_422 f0_379 f0_855 4.44 -4.44 177.28 0 0 0 8219 8200
f1w_423 f0_370 f0_421 -4.39 4.39 185.35 0 0 0 8240 8229
f1w_425 f0_328 f0_619 -0.07 0.07 187.02 0 0 0 8246 8233
f1w_427 f0_476 f0_1000 -5.62 5.62 184.24 0 0 0 8235 8217
f1w_428 f0_441 f0_762 8.76 -8.76 184.43 0 0 0 8263 8255
f1w_430 f0_226 f0_515 0.14 -0.14 187.02 0 0 0 8215 8223
f1w_433 f0_290 f0_761 -0.22 0.22 183.95 0 0 0 8207 8232
f1w_436 f0_573 f0_582 -5.62 5.62 185.47 0 0 0 8232 8223
f1w_437 f0_291 f0_836 7.05 -7.05 186.46 0 0 0 8234 8227
f1w_439 f0_494 f0_994 -7.24 7.24 183.83 0 0 0 8221 8240
f1w_441 f0_495 f0_691 -6.18 6.18 181.67 0 0 0 8216 8236
f1w_443 f0_340 f0_586 -16.46 16.46 186.74 0 0 0 8240 8234
f1w_447 f0_706 f0_946 1.58 -1.58 191.76 0 0 0 8247 8251
f1w_449 f0_251 f0_352 5.11 -5.11 189.94 0 0 0 8225 8228
f1w_451 f0_387 f0_867 7.82 -7.82 184.41 0 0 0 8226 8216
f1w_453 f0_307 f0_850 -11.18 11.18 185.2 0 0 0 8228 8244
f1w_455 f0_245 f0_410 0.99 -0.99 195.24 0 0 0 8244 8231
f1w_456 f0_295 f0_684 7.54 -7.54 183 0 0 0 8236 8225
f1w_458 f0_737 f0_994 -4.55 4.55 179.75 0 0 0 8197 8216
f1w_459 f0_285 f0_449 1.08 -1.08 187.3 0 0 0 8229 8238
f1w_460 f0_316 f0_790 -6.41 6.41 184.2 0 0 0 8212 8219
f1w_461 f0_225 f0_363 5.69 -5.69 189.22 0 0 0 8248 8233
f1w_462 f0_359 f0_965 -6.81 6.81 186.23 0 0 0 8243 8251
f1w_463 f0_405 f0_913 9.39 -9.39 186.26 0 0 0 8242 8245
f1w_466 f0_366 f0_686 -4.65 4.65 180.9 0 0 0 8230 8221
f1w_467 f0_315 f0_865 -3.01 3.01 190.04 0 0 0 8203 8223
f1w_468 f0_634 f0_951 -15.45 15.45 183.39 0 0 0 8226 8216
f1w_469 f0_618 f0_890 16.28 -16.28 173.53 0 0 0 8217 8227
f1w_470 f0_241 f0_753 -7.78 7.78 186.17 0 0 0 8221 8239
f1w_471 f0_373 f0_977 -4.53 4.53 187.63 0 0 0 8228 8216
f1w_474 f0_361 f0_696 -3.52 3.52 184.45 0 0 0 8249 8232
f1w_476 f0_252 f0_456 -0.54 0.54 185.62 0 0 0 8235 8245
f1w_478 f0_546 f0_934 1.19 -1.19 185.38 0 0 0 8228 8238
f1w_479 f0_563 f0_847 4.29 -4.29 189.16 0 0 0 8220 8225
f1w_482 f0_264 f0_552 0 0 187.96 0 0 0 8241 8245
f1w_483 f0_487 f0_757 4.14 -4.14 187.39 0 0 0 8221 8216
f1w_485 f0_229 f0_829 3.03 -3.03 187.25 0 0 0 8210 8217
f1w_487 f0_294 f0_701 6.06 -6.06 188.37 0 0 0 8235 8223
f1w_489 f0_655 f0_944 5.34 -5.34 183.33 0 0 0 8246 8243
f1w_491 f0_438 f0_959 2.26 -2.26 181.33 0 0 0 8238 8234
f1w_494 f0_523 f0_663 0.08 -0.08 187.36 0 0 0 8229 8213
f1w_495 f0_860 f0_890 3.33 -3.33 190.63 0 0 0 8229 8251
f1w_498 f0_616 f0_934 -7.36 7.36 186.1 0 0 0 8245 8244
f1w_500 f0_217 f0_366 -1.01 1.01 192.59 0 0 0 8236 8238
f2_4 f1h_280 f1w_327 7.12 -7.12 180.31 0 0 0 8226 8244
f2_7 f1h_477 f1w_410 -1.86 1.86 184.08 0 0 0 8206 8200
f2_10 f1w_393 f1w_473 8.38 -8.38 185.29 0 0 0 8238 8238
f2_12 f1w_194 f1w_239 16.02 -16.02 236.18 0 0 0 8248 8233
f2_13 f1w_32 f1w_475 -4.65 4.65 183.78 0 0 0 8210 8223
f2_16 f1h_430 f1w_476 -7.89 7.89 184.2 0 0 0 8224 8232
f2_18 f1h_403 f1w_310 3.02 -3.02 190.71 0 0 0 8211 8206
f2_20 f1h_44 f1h_57 -3.45 3.45 190.16 0 0 0 8227 8216
f2_21 f1h_299 f1w_486 18.28 -18.28 174.27 0 0 0 8223 8221
f2_23 f1h_452 f1w_76 2.41 -2.41 186.28 0 0 0 8229 8244
f2_25 f1h_220 f1h_447 6.52 -6.52 179.75 0 0 0 8212 8223
f2_28 f1h_283 f1h_284 15.12 -15.12 233.83 0 0 0 8244 8243
f2_29 f1w_400 f1w_421 4.78 -4.78 183.46 0 0 0 8246 8231
f2_30 f1h_250 f1h_419 2.58 -2.58 188.79 0 0 0 8211 8224
f2_31 f1w_98 f1w_279 -4.46 4.46 183.34 0 0 0 8220 8230
f2_34 f1w_289 f1w_372 6.48 -6.48 178.05 0 0 0 8228 8230
f2_35 f1w_108 f1w_458 -4.36 4.36 185.83 0 0 0 8236 8210
f2_36 f1h_448 f1w_232 -2.26 2.26 193.93 0 0 0 8217 8224
f2_37 f1h_242 f1w_331 7.89 -7.89 186.27 0 0 0 8237 8240
f2_39 f1h_382 f1w_43 3.8 -3.8 183.54 0 0 0 8235 8230
f2_42 f1h_97 f1w_217 -1.46 1.46 186.43 0 0 0 8234 8228
f2_43 f1h_353 f1w_141 -7.32 7.32 183.13 0 0 0 8230 8229
f2_47 f1h_160 f1h_166 -6.96 6.96 184.8 0 0 0 8216 8212
f2_48 f1w_171 f1w_340 -0.5 0.5 182.93 0 0 0 8215 8239
f2_50 f1h_56 f1w_442 12.74 -12.74 184.28 0 0 0 8225 8222
f2_51 f1w_329 f1w_369 12.66 -12.66 181.54 0 0 0 8213 8236
f2_52 f1h_29 f1h_39 -1.22 1.22 253.82 0 0 0 8233 8238
f2_54 f1h_121 f1w_224 6.38 -6.38 186.31 0 0 0 8239 8239
f2_57 f1h_217 f1w_417 0.82 -0.82 190.99 0 0 0 8224 8227
f2_58 f1h_138 f1w_84 -8.45 8.45 188.76 0 0 0 8241 8263
f2_60 f1w_117 f1w_213 2.65 -2.65 184.28 0 0 0 8239 8223
f2_62 f1w_245 f1w_331 -7.42 7.42 186.28 0 0 0 8230 8225
f2_63 f1h_55 f1w_15 -3.5 3.5 190.39 0 0 0 8236 8262
f2_67 f1h_393 f1h_494 4.82 -4.82 187.84 0 0 0 8232 8214
f2_68 f1h_42 f1w_460 18.53 -18.53 175.91 0 0 0 8218 8217
f2_69 f1h_369 f1w_148 -4.08 4.08 186.41 0 0 0 8233 8236
f2_70 f1h_379 f1w_394 3.31 -3.31 182.85 0 0 0 8220 8219
f2_72 f1h_14 f1h_345 -2.72 2.72 192.05 0 0 0 8228 8222
f2_73 f1h_405 f1w_178 -2.56 2.56 191.43 0 0 0 8214 8232
f2_75 f1h_46 f1h_115 13.04 -13.04 183.12 0 0 0 8248 8244
f2_78 f1h_375 f1w_278 -0.98 0.98 188.5 0 0 0 8206 8195
f2_82 f1h_252 f1h_332 -4.87 4.87 185.04 0 0 0 8224 8217
f2_84 f1h_6 f1w_169 -3.84 3.84 187.68 0 0 0 8231 8235
f2_87 f1h_381 f1w_463 9.63 -9.63 187.04 0 0 0 8242 8245
f2_93 f1h_482 f1w_210 -3.02 3.02 184.86 0 0 0 8217 8225
f2_95 f1h_39 f1h_443 -17.86 17.86 180.35 0 0 0 8239 8215
f2_96 f1w_319 f1w_370 4.7 -4.7 181.38 0 0 0 8226 8223
f2_97 f1h_56 f1h_432 7.58 -7.58 184.72 0 0 0 8230 8223
f2_98 f1h_6 f1h_343 3.13 -3.13 187.49 0 0 0 8216 8231
f2_99 f1w_46 f1w_177 4.87 -4.87 180.82 0 0 0 8250 8245
f2_102 f1h_478 f1w_393 2.57 -2.57 188.18 0 0 0 8210 8230
f2_105 f1w_422 f1w_439 8.08 -8.08 179.05 0 0 0 8217 8241
f2_108 f1w_65 f1w_410 3.49 -3.49 188.62 0 0 0 8226 8210
f2_109 f1w_197 f1w_491 4.05 -4.05 183.82 0 0 0 8224 8237
f2_110 f1h_148 f1w_191 0.18 -0.18 187.49 0 0 0 8253 8244
f2_111 f1h_83 f1h_354 4.33 -4.33 186.55 0 0 0 8222 8222
f2_112 f1w_240 f1w_290 8.12 -8.12 185.98 0 0 0 8231 8246
f2_113 f1h_29 f1h_224 -11.28 11.28 177.68 0 0 0 8238 8238
f2_115 f1h_453 f1w_428 -5.84 5.84 184.91 0 0 0 8218 8248
f2_116 f1h_192 f1w_182 -8.26 8.26 181.34 0 0 0 8228 8219
f2_117 f1h_360 f1h_465 15.07 -15.07 179.94 0 0 0 8235 8234
f2_121 f1h_54 f1w_107 8.7 -8.7 184.34 0 0 0 8240 8251
f2_123 f1h_141 f1w_97 10.43 -10.43 183.25 0 0 0 8213 8211
f2_125 f1h_343 f1w_321 -5.31 5.31 190.19 0 0 0 8249 8221
f2_126 f1h_338 f1w_130 7.27 -7.27 178.13 0 0 0 8225 8228
f2_127 f1w_220 f1w_279 -6.54 6.54 185.29 0 0 0 8228 8235
f2_128 f1h_59 f1h_126 -1.7 1.7 184.18 0 0 0 8206 8194
f2_130 f1w_223 f1w_386 -10.19 10.19 181.92 0 0 0 8238 8221
f2_133 f1w_221 f1w_441 -6.49 6.49 184.83 0 0 0 8215 8216
f2_136 f1h_481 f1w_433 -0.18 0.18 186.87 0 0 0 8205 8198
f2_137 f1w_53 f1w_323 5.84 -5.84 190.43 0 0 0 8211 8231
f2_139 f1w_299 f1w_391 0.61 -0.61 189.69 0 0 0 8243 8233
f2_140 f1w_11 f1w_228 -4.69 4.69 184.53 0 0 0 8245 8237
f2_144 f1h_49 f1h_458 0.93 -0.93 184.35 0 0 0 8236 8241
f2_149 f1w_64 f1w_210 14.44 -14.44 175.83 0 0 0 8219 8236
f2_150 f1h_57 f1w_47 -3.51 3.51 192.68 0 0 0 8236 8235
f2_151 f1h_41 f1w_101 8.18 -8.18 179.23 0 0 0 8237 8225
f2_153 f1w_56 f1w_64 -4.35 4.35 185.23 0 0 0 8240 8227
f2_154 f1h_17 f1h_221 -6.71 6.71 182.54 0 0 0 8227 8226
f2_155 f1w_108 f1w_241 -1.09 1.09 183.48 0 0 0 8244 8244
f2_157 f1h_337 f1w_213 1.99 -1.99 181.81 0 0 0 8245 8233
f2_160 f1h_152 f1h_200 1.89 -1.89 191.51 0 0 0 8244 8246
f2_161 f1w_296 f1w_327 -12.13 12.13 183.68 0 0 0 8217 8229
f2_162 f1h_476 f1w_158 10.16 -10.16 180.6 0 0 0 8252 8240
f2_164 f1h_74 f1w_406 5.23 -5.23 184.74 0 0 0 8248 8254
f2_167 f1h_126 f1h_299 10.56 -10.56 181.52 0 0 0 8208 8223
f2_169 f1w_70 f1w_474 -5.57 5.57 181.16 0 0 0 8230 8245
f2_170 f1h_264 f1w_274 -1.53 1.53 177.14 0 0 0 8221 8228
f2_173 f1h_493 f1w_248 3.38 -3.38 190.89 0 0 0 8220 8243
f2_176 f1h_131 f1h_485 7.18 -7.18 185.56 0 0 0 8208 8211
f2_177 f1w_158 f1w_434 -3.64 3.64 180.81 0 0 0 8245 8244
f2_178 f1h_469 f1w_274 10.43 -10.43 181.14 0 0 0 8238 8235
f2_179 f1h_255 f1h_358 -7.9 7.9 184.14 0 0 0 8221 8232
f2_181 f1h_123 f1w_135 5.48 -5.48 191.54 0 0 0 8247 8252
f2_182 f1w_13 f1w_315 3.71 -3.71 185.69 0 0 0 8203 8216
f2_184 f1h_180 f1w_398 -0.8 0.8 186.97 0 0 0 8222 8230
f2_186 f1w_61 f1w_340 -8.19 8.19 178.81 0 0 0 8216 8229
f2_194 f1w_45 f1w_301 6.74 -6.74 183.29 0 0 0 8238 8228
f2_195 f1w_197 f1w_471 2.06 -2.06 188.23 0 0 0 8229 8239
f2_197 f1w_134 f1w_256 3.09 -3.09 191.58 0 0 0 8222 8222
f2_199 f1h_208 f1w_11 4.57 -4.57 185.55 0 0 0 8221 8228
f2_201 f1w_232 f1w_405 -11.44 11.44 181.05 0 0 0 8233 8227
f2_202 f1h_30 f1w_57 1.37 -1.37 187.44 0 0 0 8213 8231
f2_203 f1h_200 f1w_135 3.59 -3.59 189.85 0 0 0 8229 8234
f2_205 f1h_324 f1w_144 6.03 -6.03 183.69 0 0 0 8211 8239
f2_207 f1h_410 f1w_375 16.45 -16.45 185.12 0 0 0 8222 8240
f2_208 f1h_221 f1w_190 17.6 -17.6 181.44 0 0 0 8233 8222
f2_209 f1h_378 f1w_227 -1.65 1.65 183.96 0 0 0 8249 8228
f2_210 f1w_215 f1w_246 1 -1 189.68 0 0 0 8232 8245
f2_211 f1h_146 f1h_289 0.78 -0.78 190.84 0 0 0 8220 8224
f2_212 f1h_149 f1h_370 -12.59 12.59 174.75 0 0 0 8232 8219
f2_213 f1h_197 f1h_432 6.98 -6.98 182.49 0 0 0 8236 8213
f2_216 f1h_109 f1w_447 -1.46 1.46 186.62 0 0 0 8250 8255
f2_221 f1h_335 f1h_375 -1.66 1.66 184.3 0 0 0 8246 8238
f2_226 f1h_12 f1h_134 -0.63 0.63 191.24 0 0 0 8234 8236
f2_227 f1h_206 f1w_241 -3.46 3.46 188.61 0 0 0 8223 8228
f2_232 f1h_222 f1h_449 5.39 -5.39 183.84 0 0 0 8227 8219
f2_238 f1h_172 f1w_93 -7.16 7.16 184.03 0 0 0 8235 8218
f2_239 f1h_148 f1h_233 -1.75 1.75 189.5 0 0 0 8233 8231
f2_241 f1w_34 f1w_121 12.56 -12.56 190.79 0 0 0 8227 8228
f2_242 f1h_181 f1h_239 -11.86 11.86 180.83 0 0 0 8209 8206
f2_244 f1h_390 f1w_74 -2.9 2.9 185.54 0 0 0 8211 8213
f2_246 f1h_340 f1w_301 -3.87 3.87 185.41 0 0 0 8238 8228
f2_247 f1h_468 f1w_386 -3.54 3.54 182.29 0 0 0 8231 8223
f2_248 f1h_439 f1w_243 3.12 -3.12 187.3 0 0 0 8235 8225
f2_249 f1h_49 f1h_222 3.8 -3.8 188.27 0 0 0 8224 8220
f2_252 f1h_428 f1w_101 1.89 -1.89 191.98 0 0 0 8220 8222
f2_253 f1h_255 f1w_379 -8.64 8.64 184.22 0 0 0 8238 8250
f2_254 f1w_69 f1w_247 6.79 -6.79 185.59 0 0 0 8219 8244
f2_255 f1h_2 f1w_223 6.75 -6.75 189.22 0 0 0 8211 8244
f2_256 f1h_456 f1h_477 -0.58 0.58 187.75 0 0 0 8240 8220
f2_257 f1h_215 f1w_236 -2.19 2.19 183.34 0 0 0 8242 8233
f2_259 f1h_117 f1w_43 -5.84 5.84 182.49 0 0 0 8239 8224
f2_260 f1w_478 f1w_481 6.68 -6.68 181.09 0 0 0 8243 8222
f2_263 f1h_170 f1h_461 4.39 -4.39 182.3 0 0 0 8221 8206
f2_267 f1h_255 f1h_300 -0.58 0.58 197.09 0 0 0 8237 8252
f2_268 f1h_46 f1w_433 6.84 -6.84 181.25 0 0 0 8223 8207
f2_269 f1h_130 f1h_479 6.17 -6.17 186.85 0 0 0 8234 8239
f2_272 f1h_286 f1w_279 9.56 -9.56 177.33 0 0 0 8213 8224
f2_275 f1w_313 f1w_405 -6.1 6.1 181.57 0 0 0 8230 8235
f2_282 f1h_148 f1w_29 6.73 -6.73 182.53 0 0 0 8233 8223
f2_283 f1h_104 f1w_107 11.53 -11.53 180.02 0 0 0 8248 8254
f2_284 f1h_88 f1w_40 -4.38 4.38 178.86 0 0 0 8218 8212
f2_285 f1h_347 f1w_98 10.89 -10.89 178.56 0 0 0 8228 8232
f2_286 f1h_199 f1h_427 -3.26 3.26 189.11 0 0 0 8227 8217
f2_287 f1h_127 f1h_494 9.38 -9.38 188.95 0 0 0 8223 8230
f2_288 f1h_456 f1w_393 -0.56 0.56 191.09 0 0 0 8246 8248
f2_290 f1h_332 f1w_429 4.32 -4.32 187.74 0 0 0 8229 8233
f2_296 f1h_408 f1w_369 1.9 -1.9 187.91 0 0 0 8221 8244
f2_298 f1h_379 f1h_445 9.3 -9.3 184.63 0 0 0 8196 8217
f2_300 f1h_176 f1w_278 7.78 -7.78 183.87 0 0 0 8227 8217
f2_302 f1h_423 f1w_382 -2.98 2.98 186.03 0 0 0 8229 8233
f2_304 f1h_240 f1w_430 12.65 -12.65 175.59 0 0 0 8207 8211
f2_305 f1h_3 f1h_392 3.73 -3.73 175.1 0 0 0 8213 8202
f2_308 f1h_251 f1w_70 2.88 -2.88 187.7 0 0 0 8237 8224
f2_309 f1w_335 f1w_476 -3.34 3.34 183.03 0 0 0 8232 8248
f2_310 f1h_289 f1w_398 -0.09 0.09 188.92 0 0 0 8238 8252
f2_311 f1h_171 f1h_493 1.61 -1.61 184.93 0 0 0 8237 8220
f2_314 f1w_197 f1w_233 -14.93 14.93 176.35 0 0 0 8217 8209
f2_316 f1h_391 f1w_193 -7.3 7.3 178.56 0 0 0 8231 8224
f2_317 f1h_418 f1w_327 -7.44 7.44 182.58 0 0 0 8233 8230
f2_318 f1w_64 f1w_185 9.38 -9.38 187.03 0 0 0 8220 8245
f2_320 f1h_251 f1w_450 5.5 -5.5 181.04 0 0 0 8215 8205
f2_322 f1w_157 f1w_316 -2.37 2.37 185.25 0 0 0 8222 8232
f2_324 f1h_19 f1h_418 -0.16 0.16 188.77 0 0 0 8217 8229
f2_325 f1h_200 f1w_425 0.68 -0.68 187.32 0 0 0 8241 8242
f2_331 f1h_225 f1w_162 -6.54 6.54 185.23 0 0 0 8203 8227
f2_332 f1h_105 f1w_314 -11.41 11.41 183.52 0 0 0 8229 8210
f2_333 f1w_67 f1w_327 -3.59 3.59 187.65 0 0 0 8247 8253
f2_336 f1h_2 f1w_492 -6.63 6.63 184.86 0 0 0 8210 8235
f2_337 f1h_437 f1w_406 13.6 -13.6 181.94 0 0 0 8240 8246
f2_340 f1h_22 f1h_451 0.44 -0.44 184.83 0 0 0 8247 8249
f2_342 f1w_398 f1w_458 2.75 -2.75 183.1 0 0 0 8236 8206
f2_343 f1h_166 f1h_252 5.09 -5.09 190.74 0 0 0 8238 8237
f2_345 f1w_102 f1w_316 -2.39 2.39 181.17 0 0 0 8218 8233
f2_346 f1h_280 f1h_299 -2.36 2.36 181.71 0 0 0 8207 8213
f2_348 f1w_219 f1w_341 13 -13 183.77 0 0 0 8227 8219
f2_349 f1h_181 f1w_158 -0.55 0.55 192.66 0 0 0 8215 8224
f2_350 f1h_195 f1w_169 2.56 -2.56 191.79 0 0 0 8229 8228
f2_353 f1h_47 f1h_498 -1.45 1.45 186.54 0 0 0 8218 8211
f2_354 f1h_215 f1w_102 -10.02 10.02 175.88 0 0 0 8227 8213
f2_355 f1h_481 f1w_325 6.72 -6.72 188.12 0 0 0 8228 8226
f2_358 f1w_453 f1w_468 6.16 -6.16 190.17 0 0 0 8220 8213
f2_361 f1h_181 f1w_134 6.41 -6.41 184.29 0 0 0 8226 8229
f2_362 f1h_360 f1w_76 -6.56 6.56 184.16 0 0 0 8235 8249
f2_364 f1w_127 f1w_249 -3.87 3.87 186.14 0 0 0 8221 8227
f2_373 f1h_454 f1w_352 -0.72 0.72 183.32 0 0 0 8224 8210
f2_374 f1h_32 f1h_81 -1.67 1.67 190.04 0 0 0 8240 8220
f2_375 f1h_48 f1w_153 0.15 -0.15 184.62 0 0 0 8245 8243
f2_377 f1h_206 f1h_277 4.68 -4.68 181.4 0 0 0 8219 8240
f2_378 f1h_418 f1w_468 4.73 -4.73 188.55 0 0 0 8240 8225
f2_379 f1h_22 f1w_156 -5.65 5.65 189.83 0 0 0 8211 8211
f2_384 f1h_280 f1w_358 2.46 -2.46 181.94 0 0 0 8215 8255
f2_386 f1w_160 f1w_193 3.03 -3.03 183.89 0 0 0 8236 8246
f2_387 f1w_33 f1w_156 -7.43 7.43 178.79 0 0 0 8237 8231
f2_388 f1w_60 f1w_210 -3.2 3.2 189.04 0 0 0 8228 8237
f2_389 f1h_4 f1w_135 5.95 -5.95 180.09 0 0 0 8230 8246
f2_391 f1h_20 f1h_172 5.47 -5.47 193.1 0 0 0 8224 8227
f2_395 f1w_63 f1w_272 10.36 -10.36 182.11 0 0 0 8230 8235
f2_396 f1h_82 f1h_205 4.13 -4.13 182.5 0 0 0 8219 8235
f2_397 f1h_264 f1h_432 -10.11 10.11 179.03 0 0 0 8220 8212
f2_399 f1w_216 f1w_316 -0.02 0.02 186.55 0 0 0 8231 8235
f2_400 f1h_278 f1w_175 12.89 -12.89 185.72 0 0 0 8232 8225
f2_406 f1h_143 f1h_193 -1.9 1.9 183.65 0 0 0 8230 8223
f2_407 f1h_417 f1w_190 8.89 -8.89 184.68 0 0 0 8214 8209
f2_410 f1h_220 f1h_350 7.71 -7.71 181.03 0 0 0 8215 8235
f2_412 f1h_462 f1w_285 -1.73 1.73 184.29 0 0 0 8208 8231
f2_414 f1w_25 f1w_317 7.05 -7.05 185.47 0 0 0 8224 8211
f2_415 f1h_253 f1h_255 14.45 -14.45 183.48 0 0 0 8228 8229
f2_416 f1h_217 f1h_410 -9.97 9.97 183.05 0 0 0 8247 8232
f2_420 f1w_174 f1w_363 1.56 -1.56 185.91 0 0 0 8227 8224
f2_421 f1w_211 f1w_361 0.04 -0.04 187.88 0 0 0 8227 8218
f2_422 f1h_31 f1w_348 -3.6 3.6 187.21 0 0 0 8219 8217
f2_423 f1h_262 f1w_404 3.5 -3.5 191.06 0 0 0 8240 8246
f2_427 f1h_470 f1w_76 0.77 -0.77 189.47 0 0 0 8201 8225
f2_431 f1h_450 f1w_65 -6.29 6.29 191.75 0 0 0 8229 8229
f2_437 f1h_338 f1w_365 -9.57 9.57 171.65 0 0 0 8232 8226
f2_440 f1h_134 f1h_202 2.53 -2.53 191.04 0 0 0 8233 8225
f2_444 f1h_491 f1w_319 3.01 -3.01 187.45 0 0 0 8232 8233
f2_445 f1h_48 f1w_344 5.65 -5.65 185.67 0 0 0 8223 8220
f2_447 f1h_24 f1w_193 -12.55 12.55 178.95 0 0 0 8227 8224
f2_448 f1w_257 f1w_305 -12.24 12.24 181.51 0 0 0 8233 8235
f2_450 f1w_30 f1w_351 5.78 -5.78 183.05 0 0 0 8235 8213
f2_451 f1h_338 f1w_326 0.05 -0.05 188.46 0 0 0 8229 8233
f2_453 f1w_121 f1w_463 -3.49 3.49 190.39 0 0 0 8216 8223
f2_456 f1w_189 f1w_317 -4.18 4.18 184.41 0 0 0 8218 8221
f2_460 f1h_164 f1w_419 -6.49 6.49 185.83 0 0 0 8229 8238
f2_461 f1w_182 f1w_352 4.48 -4.48 174.21 0 0 0 8213 8200
f2_464 f1h_246 f1h_425 -1.79 1.79 190.27 0 0 0 8227 8227
f2_467 f1h_143 f1w_283 -2.9 2.9 182.35 0 0 0 8246 8245
f2_468 f1w_141 f1w_156 -9.57 9.57 185.97 0 0 0 8236 8227
f2_472 f1h_474 f1w_103 5.29 -5.29 178.77 0 0 0 8239 8237
f2_474 f1h_291 f1h_439 -14.28 14.28 175.35 0 0 0 8208 8209
f2_476 f1h_202 f1w_195 -5.13 5.13 188.37 0 0 0 8228 8215
f2_478 f1h_265 f1w_327 -2.91 2.91 191.07 0 0 0 8229 8232
f2_479 f1h_387 f1h_455 11.45 -11.45 180.66 0 0 0 8229 8222
f2_484 f1w_382 f1w_393 -10.33 10.33 174.43 0 0 0 8228 8237
f2_487 f1h_332 f1w_386 -3.29 3.29 190.34 0 0 0 8217 8212
f2_489 f1h_43 f1w_247 -6.7 6.7 188.86 0 0 0 8200 8231
f2_490 f1h_43 f1w_77 -4.24 4.24 184.73 0 0 0 8217 8241
f2_491 f1w_220 f1w_424 11.19 -11.19 179.07 0 0 0 8225 8221
f2_492 f1w_174 f1w_357 -2.51 2.51 181.68 0 0 0 8235 8229
f2_495 f1h_199 f1w_75 5.74 -5.74 187.02 0 0 0 8238 8234
f2_496 f1h_382 f1w_273 7.16 -7.16 187.25 0 0 0 8224 8202
f2_497 f1h_470 f1w_157 4.58 -4.58 190.02 0 0 0 8223 8224
f2_500 f1w_142 f1w_204 -9.53 9.53 187.78 0 0 0 8237 8225
f2_501 f1h_419 f1w_140 3.12 -3.12 179.28 0 0 0 8237 8232
f2_505 f1h_109 f1w_476 -2.8 2.8 192.95 0 0 0 8235 8237
f2_507 f1h_39 f1w_220 -0.21 0.21 188.44 0 0 0 8255 8238
f2_508 f1h_19 f1h_388 8.47 -8.47 183.32 0 0 0 8232 8228
f2_509 f1h_427 f1w_370 -9.38 9.38 180.71 0 0 0 8222 8214
f2_510 f1w_337 f1w_348 0.7 -0.7 190.66 0 0 0 8230 8218
f2_512 f1w_293 f1w_449 -5.15 5.15 178.7 0 0 0 8215 8218
f2_517 f1w_199 f1w_227 -6.4 6.4 184.91 0 0 0 8225 8217
f2_520 f1h_86 f1w_115 0.13 -0.13 180.8 0 0 0 8247 8219
f2_522 f1h_83 f1w_178 1.51 -1.51 185.4 0 0 0 8230 8242
f2_523 f1w_406 f1w_420 -9.55 9.55 185.75 0 0 0 8229 8226
f2_524 f1h_487 f1w_93 -12.21 12.21 177.18 0 0 0 8228 8213
f2_526 f1w_120 f1w_482 -3.41 3.41 188.29 0 0 0 8220 8237
f2_529 f1w_8 f1w_98 -5.35 5.35 182.92 0 0 0 8206 8216
f2_534 f1w_135 f1w_282 3.75 -3.75 186.14 0 0 0 8254 8245
f2_535 f1h_333 f1w_421 12.28 -12.28 181.39 0 0 0 8211 8227
f2_537 f1h_125 f1w_369 4.79 -4.79 187.57 0 0 0 8233 8251
f2_539 f1h_204 f1h_381 -8.89 8.89 183.85 0 0 0 8242 8244
f2_541 f1h_276 f1w_41 9.72 -9.72 192.27 0 0 0 8250 8252
f2_543 f1h_388 f1w_413 -3.63 3.63 187.47 0 0 0 8211 8218
f2_546 f1h_25 f1w_302 -4.89 4.89 187.43 0 0 0 8234 8238
f2_548 f1w_322 f1w_352 -2.59 2.59 184.6 0 0 0 8210 8206
f2_549 f1h_176 f1h_193 1.27 -1.27 183.3 0 0 0 8224 8216
f2_553 f1h_49 f1h_369 10.36 -10.36 180.81 0 0 0 8224 8215
f2_556 f1h_55 f1w_28 -0.27 0.27 187.22 0 0 0 8206 8219
f2_557 f1w_190 f1w_262 -9.47 9.47 177.32 0 0 0 8220 8224
f2_558 f1h_288 f1h_381 -2.64 2.64 185.05 0 0 0 8224 8237
f2_560 f1w_52 f1w_453 3.06 -3.06 185.68 0 0 0 8236 8221
f2_561 f1h_57 f1w_500 7.36 -7.36 190.06 0 0 0 8232 8233
f2_565 f1h_227 f1w_473 -0.21 0.21 187.6 0 0 0 8213 8204
f2_566 f1w_34 f1w_474 6.3 -6.3 188.96 0 0 0 8225 8238
f2_569 f1h_277 f1w_481 -2.77 2.77 178.06 0 0 0 8241 8214
f2_573 f1h_56 f1h_315 -1.66 1.66 182.7 0 0 0 8217 8223
f2_576 f1h_52 f1h_298 2.27 -2.27 178.77 0 0 0 8238 8210
f2_578 f1h_99 f1h_487 -7.54 7.54 183.73 0 0 0 8233 8235
f2_581 f1h_206 f1h_336 -0.89 0.89 182.4 0 0 0 8226 8231
f2_582 f1w_149 f1w_460 -2.83 2.83 183.93 0 0 0 8240 8209
f2_583 f1h_59 f1w_112 -8.14 8.14 183.98 0 0 0 8219 8232
f2_584 f1h_461 f1w_171 -1.14 1.14 189.72 0 0 0 8214 8205
f2_585 f1h_461 f1w_114 -2.13 2.13 186.34 0 0 0 8218 8237
f2_586 f1h_189 f1w_383 -14.73 14.73 176.5 0 0 0 8211 8213
f2_587 f1h_260 f1h_316 -13.88 13.88 183.09 0 0 0 8245 8224
f2_589 f1h_42 f1h_268 3.41 -3.41 191.73 0 0 0 8205 8222
f2_591 f1w_106 f1w_236 -7.61 7.61 182.77 0 0 0 8214 8228
f2_592 f1w_34 f1w_449 -2.41 2.41 185.28 0 0 0 8230 8229
f2_594 f1w_97 f1w_388 1.62 -1.62 189.29 0 0 0 8209 8209
f2_595 f1h_497 f1w_433 7.79 -7.79 184.1 0 0 0 8231 8219
f2_596 f1w_180 f1w_330 0.95 -0.95 185.05 0 0 0 8218 8232
f2_599 f1h_482 f1w_413 -0.37 0.37 190.82 0 0 0 8245 8244
f2_600 f1w_29 f1w_449 -3.13 3.13 188.33 0 0 0 8234 8239
f2_602 f1h_169 f1w_175 -2.19 2.19 189.9 0 0 0 8232 8233
f2_603 f1h_263 f1w_311 -14.64 14.64 182.52 0 0 0 8236 8235
f2_604 f1w_127 f1w_473 0.11 -0.11 187.49 0 0 0 8230 8246
f2_606 f1h_71 f1w_466 3.08 -3.08 185.49 0 0 0 8227 8222
f2_608 f1h_263 f1w_71 -10.42 10.42 180.31 0 0 0 8236 8233
f2_610 f1h_420 f1w_387 -9.99 9.99 174.43 0 0 0 8228 8227
f2_612 f1w_159 f1w_498 -1.84 1.84 192.09 0 0 0 8223 8233
f2_613 f1h_448 f1w_425 2.5 -2.5 191.41 0 0 0 8236 8241
f2_617 f1h_432 f1h_473 5.3 -5.3 181.47 0 0 0 8227 8238
f2_618 f1h_208 f1h_316 -13.5 13.5 185.14 0 0 0 8229 8232
f2_619 f1h_381 f1w_331 7.4 -7.4 180.56 0 0 0 8235 8225
f2_622 f1h_294 f1w_329 -6.05 6.05 187.26 0 0 0 8236 8234
f2_623 f1h_429 f1w_184 5.74 -5.74 193.37 0 0 0 8237 8228
f2_628 f1h_168 f1h_436 1.64 -1.64 184.6 0 0 0 8235 8230
f2_629 f1h_123 f1w_80 8.25 -8.25 183.82 0 0 0 8228 8209
f2_630 f1w_30 f1w_194 3.49 -3.49 182.8 0 0 0 8233 8229
f2_635 f1h_439 f1w_413 14.14 -14.14 178.26 0 0 0 8225 8223
f2_637 f1h_388 f1w_219 -8.31 8.31 181.72 0 0 0 8217 8236
f2_638 f1h_380 f1w_88 1.97 -1.97 185.08 0 0 0 8220 8229
f2_643 f1h_312 f1h_460 0.28 -0.28 185.77 0 0 0 8231 8239
f2_645 f1h_10 f1h_381 7.5 -7.5 187.96 0 0 0 8252 8250
f2_647 f1h_180 f1w_479 -10.73 10.73 182.16 0 0 0 8224 8211
f2_651 f1h_126 f1w_175 -3.65 3.65 185.24 0 0 0 8206 8223
f2_653 f1h_141 f1h_355 2.1 -2.1 234.46 0 0 0 8198 8208
f2_656 f1h_237 f1w_252 1.04 -1.04 195.3 0 0 0 8232 8226
f2_658 f1h_416 f1w_375 4.35 -4.35 191.25 0 0 0 8234 8247
f2_659 f1h_52 f1h_440 -1 1 186.52 0 0 0 8232 8234
f2_660 f1h_105 f1w_82 3.29 -3.29 179.6 0 0 0 8227 8226
f2_663 f1h_335 f1w_442 -3.58 3.58 184.82 0 0 0 8245 8224
f2_664 f1h_356 f1h_485 0.11 -0.11 192.8 0 0 0 8214 8210
f2_665 f1w_329 f1w_338 13.57 -13.57 183.71 0 0 0 8233 8232
f2_669 f1h_69 f1w_370 -12.27 12.27 181.94 0 0 0 8249 8221
f2_670 f1w_187 f1w_216 -5.83 5.83 186.43 0 0 0 8224 8224
f2_671 f1h_189 f1w_323 1.81 -1.81 183.24 0 0 0 8222 8225
f2_673 f1w_240 f1w_326 1.26 -1.26 188.52 0 0 0 8226 8238
f2_674 f1h_386 f1w_130 1.29 -1.29 187.99 0 0 0 8203 8232
f2_676 f1h_398 f1w_489 -1.2 1.2 196.83 0 0 0 8226 8229
f2_677 f1h_18 f1h_462 1.03 -1.03 189.82 0 0 0 8214 8216
f2_678 f1h_124 f1w_494 -7.26 7.26 184.42 0 0 0 8220 8222
f2_679 f1h_267 f1w_298 -9.24 9.24 181.53 0 0 0 8230 8222
f2_680 f1h_156 f1w_72 7.98 -7.98 184.98 0 0 0 8212 8216
f2_682 f1w_315 f1w_469 9.36 -9.36 187.68 0 0 0 8222 8210
f2_686 f1h_496 f1w_16 0.34 -0.34 190.02 0 0 0 8248 8253
f2_687 f1w_151 f1w_272 -0.61 0.61 184.51 0 0 0 8225 8237
f2_688 f1h_55 f1w_179 1.28 -1.28 189.86 0 0 0 8226 8231
f2_690 f1w_344 f1w_452 -8.92 8.92 187.12 0 0 0 8232 8232
f2_692 f1w_297 f1w_363 -3.94 3.94 181.41 0 0 0 8221 8219
f2_694 f1h_354 f1w_271 -3.91 3.91 194.09 0 0 0 8203 8221
f2_697 f1w_102 f1w_466 14.21 -14.21 171.8 0 0 0 8183 8189
f2_698 f1h_242 f1w_252 2.33 -2.33 183.4 0 0 0 8208 8217
f2_701 f1h_145 f1w_81 5.33 -5.33 187.9 0 0 0 8238 8229
f2_702 f1h_232 f1h_278 -2.37 2.37 187.64 0 0 0 8211 8217
f2_703 f1h_282 f1w_413 2.44 -2.44 184.16 0 0 0 8247 8237
f2_708 f1w_2 f1w_14 9.6 -9.6 181.83 0 0 0 8225 8222
f2_712 f1h_47 f1h_362 7.79 -7.79 197.08 0 0 0 8248 8225
f2_715 f1h_83 f1w_99 0.74 -0.74 184.4 0 0 0 8214 8202
f2_716 f1h_309 f1w_38 4.73 -4.73 179.51 0 0 0 8222 8240
f2_717 f1h_277 f1h_430 0.85 -0.85 181.07 0 0 0 8248 8232
f2_718 f1h_283 f1w_148 9.85 -9.85 181.7 0 0 0 8228 8217
f2_719 f1h_434 f1w_437 -2.8 2.8 185.19 0 0 0 8220 8235
f2_720 f1w_69 f1w_461 -4.7 4.7 184.03 0 0 0 8199 8222
f2_722 f1w_16 f1w_466 -1.1 1.1 182.2 0 0 0 8232 8215
f2_723 f1h_6 f1h_151 0.51 -0.51 193.68 0 0 0 8237 8264
f2_725 f1h_105 f1h_242 -18.21 18.21 179.16 0 0 0 8226 8219
f2_726 f1w_223 f1w_299 -7.88 7.88 186.35 0 0 0 8239 8233
f2_727 f1h_433 f1w_106 -1.13 1.13 190.8 0 0 0 8252 8218
f2_729 f1w_89 f1w_326 -2.09 2.09 187.07 0 0 0 8220 8236
f2_731 f1h_111 f1w_124 -25.96 25.96 165.88 0 0 0 8226 8233
f2_734 f1h_18 f1h_249 12.67 -12.67 177.8 0 0 0 8214 8225
f2_735 f1h_429 f1w_364 2.24 -2.24 184.95 0 0 0 8235 8235
f2_737 f1h_291 f1w_377 -6.71 6.71 183.73 0 0 0 8231 8223
f2_738 f1w_14 f1w_274 -13.73 13.73 182.36 0 0 0 8220 8222
f2_739 f1w_358 f1w_426 -5.75 5.75 180.93 0 0 0 8251 8218
f2_743 f1h_173 f1h_465 -6.09 6.09 186.42 0 0 0 8228 8215
f2_744 f1h_307 f1h_418 2.35 -2.35 179.77 0 0 0 8246 8235
f2_746 f1h_171 f1h_324 -7.77 7.77 188.31 0 0 0 8230 8203
f2_747 f1w_43 f1w_76 5.6 -5.6 185.52 0 0 0 8226 8241
f2_748 f1h_356 f1w_121 -8.34 8.34 187.92 0 0 0 8237 8241
f2_749 f1h_176 f1w_349 4.63 -4.63 183.95 0 0 0 8228 8225
f2_751 f1w_105 f1w_174 -11.74 11.74 183.59 0 0 0 8265 8255
f2_753 f1w_220 f1w_403 -2.07 2.07 184.67 0 0 0 8220 8211
f2_754 f1h_59 f1w_217 -1.77 1.77 188.11 0 0 0 8218 8226
f2_759 f1h_449 f1w_61 -1.8 1.8 183.69 0 0 0 8215 8220
f2_760 f1h_33 f1h_205 -3.13 3.13 183.64 0 0 0 8188 8217
f2_761 f1h_272 f1w_104 3.54 -3.54 188.63 0 0 0 8237 8209
f2_764 f1h_335 f1w_241 -2.14 2.14 184.53 0 0 0 8250 8246
f2_765 f1w_69 f1w_211 2.94 -2.94 189.18 0 0 0 8208 8223
f2_766 f1h_287 f1w_321 6.16 -6.16 181.62 0 0 0 8213 8198
f2_768 f1h_212 f1w_19 -1.71 1.71 183.58 0 0 0 8226 8226
f2_769 f1h_56 f1w_56 4.3 -4.3 186.78 0 0 0 8201 8212
f2_771 f1w_236 f1w_494 4.9 -4.9 181.86 0 0 0 8206 8205
f2_772 f1w_32 f1w_286 4.98 -4.98 187.32 0 0 0 8236 8256
f2_775 f1h_267 f1w_252 0.3 -0.3 180.46 0 0 0 8218 8219
f2_776 f1h_1 f1w_195 -11.35 11.35 181.8 0 0 0 8217 8210
f2_777 f1h_362 f1w_262 -9.33 9.33 185 0 0 0 8202 8223
f2_778 f1h_4 f1h_360 3.4 -3.4 185.85 0 0 0 8228 8233
f2_779 f1w_153 f1w_306 6.74 -6.74 184.28 0 0 0 8243 8236
f2_780 f1h_174 f1w_12 9.62 -9.62 187.59 0 0 0 8222 8213
f2_781 f1h_78 f1h_216 5.6 -5.6 181.85 0 0 0 8219 8242
f2_782 f1w_278 f1w_301 9.42 -9.42 181.21 0 0 0 8230 8244
f2_784 f1h_355 f1w_48 4.48 -4.48 186.41 0 0 0 8227 8220
f2_785 f1h_265 f1w_17 -11.46 11.46 192.39 0 0 0 8223 8186
f2_787 f1w_86 f1w_336 -12.48 12.48 182.05 0 0 0 8227 8226
f2_788 f1h_481 f1w_192 -12.74 12.74 179.5 0 0 0 8210 8215
f2_794 f1h_242 f1w_406 4.34 -4.34 182.76 0 0 0 8218 8241
f2_797 f1h_39 f1h_381 11.76 -11.76 180.16 0 0 0 8223 8218
f2_799 f1h_47 f1h_157 14.17 -14.17 185.82 0 0 0 8224 8236
f2_801 f1h_216 f1w_65 1.15 -1.15 186.37 0 0 0 8231 8221
f2_803 f1w_27 f1w_481 -9.09 9.09 184.01 0 0 0 8232 8227
f2_804 f1h_443 f1w_325 1.17 -1.17 191.33 0 0 0 8227 8227
f2_805 f1w_139 f1w_324 0.5 -0.5 189.25 0 0 0 8230 8230
f2_808 f1h_92 f1h_127 -12.48 12.48 185.04 0 0 0 8224 8216
f2_809 f1h_408 f1w_112 -6.15 6.15 186.13 0 0 0 8220 8233
f2_811 f1h_288 f1w_76 5.22 -5.22 180.63 0 0 0 8226 8247
f2_812 f1w_88 f1w_193 -9.63 9.63 178.76 0 0 0 8216 8214
f2_813 f1w_220 f1w_223 -0.49 0.49 187.07 0 0 0 8226 8237
f2_814 f1h_337 f1h_423 6.18 -6.18 186.3 0 0 0 8239 8234
f2_815 f1h_314 f1w_343 -3.51 3.51 183.66 0 0 0 8233 8243
f2_819 f1h_343 f1h_386 6.21 -6.21 181.28 0 0 0 8230 8201
f2_820 f1w_21 f1w_198 6.9 -6.9 183.73 0 0 0 8235 8236
f2_822 f1h_92 f1w_241 15.1 -15.1 191.87 0 0 0 8234 8241
f2_826 f1h_228 f1w_287 10.08 -10.08 177.46 0 0 0 8242 8238
f2_827 f1h_495 f1w_101 -5.83 5.83 185.22 0 0 0 8236 8224
f2_831 f1h_16 f1w_151 -7.85 7.85 188.54 0 0 0 8232 8230
f2_833 f1h_389 f1w_183 -4.18 4.18 186.75 0 0 0 8239 8235
f2_835 f1h_385 f1w_224 0.16 -0.16 180.65 0 0 0 8221 8245
f2_836 f1h_180 f1h_318 2.86 -2.86 189.48 0 0 0 8223 8227
f2_838 f1h_205 f1h_443 6.24 -6.24 186.12 0 0 0 8242 8220
f2_840 f1h_344 f1w_2 -1.89 1.89 190.39 0 0 0 8217 8216
f2_842 f1h_308 f1h_482 -6.35 6.35 184.75 0 0 0 8228 8224
f2_843 f1w_242 f1w_383 -4.3 4.3 185.22 0 0 0 8226 8222
f2_850 f1h_164 f1w_187 4.38 -4.38 180.6 0 0 0 8226 8221
f2_852 f1h_26 f1w_256 0.28 -0.28 189.74 0 0 0 8211 8217
f2_853 f1h_430 f1w_364 -9.74 9.74 177.94 0 0 0 8238 8239
f2_854 f1h_220 f1w_314 2.13 -2.13 189.39 0 0 0 8226 8220
f2_855 f1w_134 f1w_281 0.9 -0.9 183.7 0 0 0 8219 8220
f2_857 f1h_331 f1h_470 2.03 -2.03 185.69 0 0 0 8246 8225
f2_858 f1h_275 f1h_280 13.17 -13.17 180.16 0 0 0 8219 8215
f2_862 f1h_200 f1w_412 -11.46 11.46 182.35 0 0 0 8255 8242
f2_864 f1h_233 f1w_61 -12.14 12.14 178.6 0 0 0 8231 8221
f2_866 f1h_334 f1h_489 3.07 -3.07 190.43 0 0 0 8241 8240
f2_867 f1h_333 f1w_455 11.33 -11.33 183.55 0 0 0 8221 8229
f2_869 f1h_458 f1w_347 6.44 -6.44 186.71 0 0 0 8233 8242
f2_870 f1h_408 f1w_494 5.67 -5.67 179.8 0 0 0 8228 8222
f2_871 f1h_18 f1w_92 -13.91 13.91 177.98 0 0 0 8218 8219
f2_872 f1h_131 f1w_229 -5.8 5.8 183.84 0 0 0 8217 8220
f2_875 f1h_362 f1h_445 -3.5 3.5 187.39 0 0 0 8214 8243
f2_876 f1h_49 f1h_447 4.01 -4.01 184.64 0 0 0 8215 8213
f2_878 f1w_32 f1w_226 5.71 -5.71 184.41 0 0 0 8234 8239
f2_879 f1w_88 f1w_347 -3.53 3.53 190.51 0 0 0 8238 8249
f2_880 f1h_378 f1w_404 -2.33 2.33 188.53 0 0 0 8262 8263
f2_883 f1h_293 f1w_54 -19.15 19.15 178.95 0 0 0 8227 8223
f2_884 f1h_494 f1w_43 3.18 -3.18 186.55 0 0 0 8209 8213
f2_885 f1w_444 f1w_453 -12.72 12.72 186.51 0 0 0 8240 8229
f2_886 f1h_398 f1w_383 -12.32 12.32 181.84 0 0 0 8238 8238
f2_887 f1h_443 f1w_263 4.02 -4.02 186.23 0 0 0 8218 8226
f2_888 f1h_16 f1h_358 4.41 -4.41 185.31 0 0 0 8223 8231
f2_889 f1h_33 f1w_174 9.68 -9.68 181.62 0 0 0 8205 8238
f2_890 f1w_153 f1w_187 -1.58 1.58 182.97 0 0 0 8226 8217
f2_891 f1h_228 f1w_22 -3.89 3.89 189.21 0 0 0 8227 8220
f2_892 f1h_105 f1h_211 -8.79 8.79 184.2 0 0 0 8241 8245
f2_893 f1h_264 f1w_322 11.61 -11.61 186.15 0 0 0 8212 8211
f2_895 f1w_81 f1w_376 -5.53 5.53 186.59 0 0 0 8235 8243
f2_898 f1h_216 f1w_333 0.27 -0.27 191.54 0 0 0 8242 8228
f2_902 f1h_74 f1h_223 10.8 -10.8 173.64 0 0 0 8229 8226
f2_905 f1h_204 f1w_192 1.08 -1.08 187.47 0 0 0 8217 8219
f2_906 f1w_124 f1w_249 9.41 -9.41 180.06 0 0 0 8246 8243
f2_909 f1h_173 f1w_21 -0.73 0.73 187.73 0 0 0 8241 8224
f2_913 f1h_103 f1w_331 4.13 -4.13 185 0 0 0 8234 8230
f2_914 f1h_440 f1w_242 -7.75 7.75 182.89 0 0 0 8260 8255
f2_916 f1h_197 f1w_15 4.55 -4.55 181.26 0 0 0 8234 8245
f2_918 f1w_92 f1w_232 4.36 -4.36 175.14 0 0 0 8206 8225
f2_919 f1w_4 f1w_427 4.61 -4.61 189.27 0 0 0 8224 8228
f2_921 f1h_255 f1h_427 1.12 -1.12 184.09 0 0 0 8228 8232
f2_922 f1h_251 f1w_146 0.71 -0.71 194.7 0 0 0 8243 8224
f2_923 f1w_107 f1w_447 -0.14 0.14 187.06 0 0 0 8240 8247
f2_924 f1w_168 f1w_469 8.72 -8.72 186.91 0 0 0 8210 8224
f2_927 f1h_169 f1w_110 -0.92 0.92 190.48 0 0 0 8234 8240
f2_928 f1h_363 f1w_198 5.41 -5.41 185.02 0 0 0 8232 8222
f2_929 f1h_49 f1w_487 0.36 -0.36 191.86 0 0 0 8217 8216
f2_933 f1h_86 f1w_211 4.3 -4.3 185.56 0 0 0 8241 8226
f2_935 f1h_445 f1w_478 -12.66 12.66 181.01 0 0 0 8235 8239
f2_939 f1h_459 f1w_93 0.13 -0.13 188.67 0 0 0 8229 8221
f2_941 f1w_243 f1w_262 -8.76 8.76 180.65 0 0 0 8221 8231
f2_943 f1h_232 f1w_188 2.95 -2.95 188.52 0 0 0 8235 8235
f2_944 f1h_155 f1w_459 -6.99 6.99 186.29 0 0 0 8234 8243
f2_945 f1h_158 f1h_324 -4.07 4.07 190.22 0 0 0 8227 8203
f2_946 f1h_371 f1w_193 -0.12 0.12 183.35 0 0 0 8215 8225
f2_951 f1h_487 f1w_375 6.57 -6.57 190.28 0 0 0 8243 8255
f2_952 f1h_268 f1h_276 -9.1 9.1 178.94 0 0 0 8226 8228
f2_954 f1h_1 f1w_133 -6.53 6.53 189 0 0 0 8236 8245
f2_955 f1w_409 f1w_425 -6.38 6.38 185.98 0 0 0 8249 8242
f2_957 f1h_86 f1w_13 6.26 -6.26 184.68 0 0 0 8243 8223
f2_960 f1h_122 f1h_197 -0.75 0.75 192.13 0 0 0 8242 8237
f2_962 f1w_380 f1w_494 -3.33 3.33 189.32 0 0 0 8238 8228
f2_963 f1w_220 f1w_487 -1.86 1.86 191.89 0 0 0 8212 8215
f2_969 f1w_60 f1w_361 -8.66 8.66 190.17 0 0 0 8242 8232
f2_972 f1w_334 f1w_386 -1.87 1.87 193.6 0 0 0 8246 8227
f2_973 f1w_31 f1w_468 14.3 -14.3 183.98 0 0 0 8225 8209
f2_974 f1w_319 f1w_421 -0.77 0.77 188.15 0 0 0 8229 8243
f2_976 f1w_229 f1w_279 -7.15 7.15 181.68 0 0 0 8215 8220
f2_981 f1h_221 f1w_340 -10.58 10.58 181.77 0 0 0 8228 8229
f2_984 f1h_318 f1w_463 -3.18 3.18 192.4 0 0 0 8240 8243
f2_985 f1h_333 f1w_463 -7.03 7.03 191.59 0 0 0 8212 8226
f2_986 f1h_54 f1w_31 2.4 -2.4 184.82 0 0 0 8218 8229
f2_987 f1h_332 f1w_148 -5.04 5.04 188.76 0 0 0 8236 8233
f2_988 f1h_372 f1h_495 1.38 -1.38 185.8 0 0 0 8210 8228
f2_990 f1h_284 f1h_462 -4.87 4.87 178.65 0 0 0 8225 8215
f2_992 f1h_126 f1h_195 -8.86 8.86 179.63 0 0 0 8206 8222
f2_994 f1h_252 f1h_382 -13.11 13.11 182.52 0 0 0 8244 8243
f2_997 f1h_33 f1w_48 1.09 -1.09 196.27 0 0 0 8198 8213
