id parent1 parent2 LLRparent1 LLRparent2 LLRpair OHparent1 OHparent2 MEpair SNPd.id.parent1 SNPd.id.parent2
f1h_1 f0_136 f0_143 1.78 -1.78 92.82 0 0 0 4104 4099
f1h_2 f0_13 f0_29 -4.21 4.21 91.26 0 0 0 4089 4096
f1h_3 f0_10 f0_140 2.65 -2.65 91.7 0 0 0 4094 4103
f1h_4 f0_7 f0_35 -4.39 4.39 89.65 0 0 0 4095 4096
f1h_5 f0_138 f0_200 -1.19 1.19 92.96 0 0 0 4101 4098
f1h_6 f0_93 f0_97 2.35 -2.35 94.25 0 0 0 4109 4099
f1h_7 f0_162 f0_176 -2.28 2.28 87.13 0 0 0 4084 4093
f1h_9 f0_3 f0_36 0.62 -0.62 89.38 0 0 0 4111 4107
f1h_10 f0_72 f0_165 -4.4 4.4 91.21 0 0 0 4106 4098
f1h_11 f0_14 f0_34 -3.38 3.38 93.92 0 0 0 4104 4108
f1h_15 f0_62 f0_141 7.18 -7.18 88.04 0 0 0 4101 4095
f1h_16 f0_27 f0_107 4.59 -4.59 94.31 0 0 0 4102 4083
f1h_17 f0_76 f0_176 -2.17 2.17 86.34 0 0 0 4110 4106
f1h_18 f0_1 f0_6 -12.33 12.33 83.46 0 0 0 4109 4106
f1h_19 f0_68 f0_153 0.01 -0.01 90.56 0 0 0 4106 4100
f1h_20 f0_12 f0_155 6.38 -6.38 86.81 0 0 0 4088 4090
f1h_22 f0_38 f0_190 -2.68 2.68 93.84 0 0 0 4103 4098
f1h_23 f0_15 f0_37 3.4 -3.4 97 0 0 0 4097 4085
f1h_24 f0_28 f0_89 -3.14 3.14 89.99 0 0 0 4095 4086
f1h_25 f0_68 f0_137 0.56 -0.56 93.91 0 0 0 4097 4095
f1h_26 f0_6 f0_171 6.26 -6.26 85.43 0 0 0 4097 4083
f1h_29 f0_144 f0_186 0.25 -0.25 95.66 0 0 0 4108 4109
f1h_30 f0_80 f0_126 4.98 -4.98 91.95 0 0 0 4106 4112
f1h_32 f0_16 f0_86 0.27 -0.27 94.94 0 0 0 4100 4096
f1h_33 f0_41 f0_135 4.2 -4.2 94.69 0 0 0 4114 4107
f1h_35 f0_48 f0_163 -1.04 1.04 96.25 0 0 0 4106 4109
f1h_37 f0_11 f0_137 -0.8 0.8 92.82 0 0 0 4106 4100
f1h_38 f0_105 f0_149 8.55 -8.55 87.7 0 0 0 4094 4089
f1h_39 f0_152 f0_192 -6.93 6.93 89.75 0 0 0 4120 4117
f1h_41 f0_24 f0_192 -2.9 2.9 96.4 0 0 0 4095 4097
f1h_43 f0_120 f0_148 1.48 -1.48 91.77 0 0 0 4107 4102
f1h_46 f0_40 f0_175 -6.62 6.62 91.61 0 0 0 4104 4109
f1h_47 f0_175 f0_200 5.16 -5.16 89.67 0 0 0 4103 4095
f1h_48 f0_38 f0_71 -4 4 96.2 0 0 0 4115 4105
f1h_50 f0_78 f0_113 14.77 -14.77 87.01 0 0 0 4102 4091
f1h_51 f0_14 f0_62 -16.36 16.36 84.53 0 0 0 4110 4109
f1h_52 f0_14 f0_167 2.4 -2.4 89.71 0 0 0 4115 4107
f1h_53 f0_95 f0_100 6.06 -6.06 89.27 0 0 0 4111 4120
f1h_54 f0_49 f0_54 -2.37 2.37 92.97 0 0 0 4106 4096
f1h_55 f0_56 f0_75 6.21 -6.21 90.07 0 0 0 4115 4114
f1h_56 f0_47 f0_57 -6.99 6.99 91.08 0 0 0 4101 4098
f1h_57 f0_8 f0_166 -2.13 2.13 92.89 0 0 0 4098 4105
f1h_58 f0_9 f0_73 6.57 -6.57 88.29 0 0 0 4100 4098
f1h_59 f0_99 f0_112 5.74 -5.74 91.89 0 0 0 4098 4109
f1h_60 f0_133 f0_162 -2.63 2.63 93.78 0 0 0 4085 4092
f1h_62 f0_163 f0_190 -0.91 0.91 96.57 0 0 0 4100 4095
f1h_63 f0_40 f0_87 -2.11 2.11 96.86 0 0 0 4099 4091
f1h_65 f0_99 f0_167 -7.24 7.24 94.3 0 0 0 4097 4101
f1h_67 f0_109 f0_168 -9.07 9.07 89.18 0 0 0 4100 4108
f1h_68 f0_42 f0_148 -0.69 0.69 89.94 0 0 0 4095 4097
f1h_69 f0_69 f0_139 -5.92 5.92 94.86 0 0 0 4092 4096
f1h_70 f0_121 f0_183 -5 5 89.44 0 0 0 4106 4097
f1h_71 f0_24 f0_178 -5.94 5.94 88.91 0 0 0 4110 4103
f1h_72 f0_102 f0_119 0.96 -0.96 86.43 0 0 0 4105 4104
f1h_73 f0_65 f0_99 7.82 -7.82 86.73 0 0 0 4103 4096
f1h_74 f0_46 f0_111 -4.17 4.17 90.88 0 0 0 4072 4090
f1h_75 f0_71 f0_98 -0.44 0.44 93.11 0 0 0 4100 4104
f1h_76 f0_82 f0_171 3.91 -3.91 90.42 0 0 0 4087 4085
f1h_78 f0_113 f0_188 2.02 -2.02 95.87 0 0 0 4091 4088
f1h_79 f0_42 f0_164 -2.99 2.99 91.54 0 0 0 4105 4093
f1h_80 f0_66 f0_198 -4.59 4.59 92.96 0 0 0 4098 4087
f1h_81 f0_12 f0_28 0.04 -0.04 96.74 0 0 0 4088 4102
f1h_82 f0_46 f0_88 -2.3 2.3 94.91 0 0 0 4093 4104
f1h_83 f0_151 f0_185 1.12 -1.12 95.06 0 0 0 4100 4098
f1h_84 f0_184 f0_193 -9.23 9.23 90 0 0 0 4091 4081
f1h_86 f0_7 f0_61 7.41 -7.41 95.42 0 0 0 4103 4109
f1h_87 f0_103 f0_118 3.54 -3.54 92.56 0 0 0 4106 4111
f1h_88 f0_107 f0_108 -7.25 7.25 89.66 0 0 0 4095 4102
f1h_90 f0_30 f0_84 5.35 -5.35 94.13 0 0 0 4105 4094
f1h_91 f0_73 f0_126 -2.41 2.41 93.82 0 0 0 4101 4106
f1h_92 f0_156 f0_170 -4.81 4.81 90.03 0 0 0 4103 4101
f1h_93 f0_62 f0_107 -0.85 0.85 90.3 0 0 0 4099 4090
f1h_94 f0_160 f0_193 2.19 -2.19 94.34 0 0 0 4101 4089
f1h_95 f0_59 f0_155 -6.48 6.48 93.57 0 0 0 4096 4082
f1h_96 f0_27 f0_124 -5.55 5.55 92.58 0 0 0 4107 4098
f1h_98 f0_2 f0_102 -0.15 0.15 95.8 0 0 0 4096 4106
f1h_100 f0_14 f0_85 -4.01 4.01 93.52 0 0 0 4110 4103
f1h_101 f0_120 f0_137 4.07 -4.07 94 0 0 0 4109 4107
f1h_102 f0_35 f0_150 1.17 -1.17 92.78 0 0 0 4112 4116
f1h_103 f0_21 f0_135 -10.55 10.55 86.31 0 0 0 4100 4102
f1h_104 f0_51 f0_118 5.23 -5.23 91.19 0 0 0 4126 4113
f1h_106 f0_98 f0_106 -4.01 4.01 89.71 0 0 0 4099 4103
f1h_107 f0_160 f0_181 -8.63 8.63 88.73 0 0 0 4099 4090
f1h_108 f0_68 f0_136 -9.86 9.86 84.33 0 0 0 4105 4097
f1h_109 f0_5 f0_178 -3.1 3.1 92 0 0 0 4100 4090
f1h_110 f0_8 f0_179 -7.25 7.25 90.16 0 0 0 4102 4106
f1h_111 f0_68 f0_157 -11.23 11.23 90.08 0 0 0 4109 4102
f1h_112 f0_8 f0_137 4.4 -4.4 92.67 0 0 0 4102 4104
f1h_113 f0_93 f0_126 2.47 -2.47 92.18 0 0 0 4098 4099
f1h_114 f0_116 f0_172 -0.59 0.59 96.11 0 0 0 4091 4078
f1h_115 f0_13 f0_90 -6.45 6.45 88.59 0 0 0 4093 4097
f1h_116 f0_59 f0_71 -1.13 1.13 93.42 0 0 0 4103 4091
f1h_118 f0_43 f0_93 -4.03 4.03 93.57 0 0 0 4112 4107
f1h_121 f0_46 f0_108 0.24 -0.24 93.88 0 0 0 4082 4093
f1h_122 f0_25 f0_141 11.14 -11.14 87.57 0 0 0 4099 4099
f1h_124 f0_37 f0_137 10.99 -10.99 87.64 0 0 0 4083 4093
f1h_125 f0_139 f0_152 2.86 -2.86 91.4 0 0 0 4109 4107
f1h_126 f0_43 f0_83 0.01 -0.01 92.05 0 0 0 4106 4105
f1h_127 f0_49 f0_104 -3.25 3.25 91.89 0 0 0 4109 4087
f1h_129 f0_2 f0_129 -4.14 4.14 90.32 0 0 0 4093 4099
f1h_130 f0_22 f0_159 -7.17 7.17 94.24 0 0 0 4094 4095
f1h_131 f0_24 f0_114 -8 8 87.13 0 0 0 4089 4090
f1h_132 f0_119 f0_181 1.04 -1.04 93.91 0 0 0 4101 4091
f1h_133 f0_103 f0_192 0.25 -0.25 101.33 0 0 0 4094 4097
f1h_134 f0_81 f0_85 -1.58 1.58 94.51 0 0 0 4095 4095
f1h_135 f0_100 f0_200 -5.02 5.02 90.71 0 0 0 4111 4104
f1h_136 f0_38 f0_73 -3.44 3.44 92.53 0 0 0 4112 4109
f1h_137 f0_171 f0_183 8.36 -8.36 87.68 0 0 0 4087 4092
f1h_138 f0_1 f0_141 -5.47 5.47 92.3 0 0 0 4107 4100
f1h_139 f0_11 f0_69 5.09 -5.09 91.51 0 0 0 4108 4098
f1h_140 f0_125 f0_172 -6.89 6.89 93.44 0 0 0 4102 4096
f1h_141 f0_18 f0_75 0.11 -0.11 97.14 0 0 0 4097 4103
f1h_142 f0_6 f0_47 -4.89 4.89 94.33 0 0 0 4098 4106
f1h_144 f0_29 f0_122 -2.5 2.5 90.93 0 0 0 4088 4066
f1h_145 f0_39 f0_184 1.72 -1.72 90.56 0 0 0 4112 4098
f1h_146 f0_34 f0_64 0.83 -0.83 90.94 0 0 0 4102 4106
f1h_147 f0_4 f0_163 -7.77 7.77 87.3 0 0 0 4099 4107
f1h_148 f0_24 f0_190 2.45 -2.45 86.92 0 0 0 4106 4107
f1h_149 f0_7 f0_89 1.98 -1.98 85.4 0 0 0 4096 4087
f1h_150 f0_28 f0_50 -5.05 5.05 92.3 0 0 0 4102 4104
f1h_151 f0_16 f0_133 -1.11 1.11 92.89 0 0 0 4104 4095
f1h_153 f0_48 f0_80 -3.68 3.68 95.35 0 0 0 4108 4105
f1h_156 f0_20 f0_48 8.73 -8.73 84.91 0 0 0 4093 4103
f1h_157 f0_39 f0_163 2.95 -2.95 93.62 0 0 0 4112 4104
f1h_158 f0_9 f0_121 4.17 -4.17 93.08 0 0 0 4104 4099
f1h_159 f0_64 f0_185 3.8 -3.8 95.01 0 0 0 4110 4107
f1h_161 f0_13 f0_72 2.57 -2.57 95.54 0 0 0 4085 4088
f1h_162 f0_24 f0_56 -1.05 1.05 95.01 0 0 0 4102 4111
f1h_165 f0_74 f0_85 -3.88 3.88 90.94 0 0 0 4098 4101
f1h_166 f0_69 f0_144 5.86 -5.86 92.04 0 0 0 4099 4101
f1h_167 f0_133 f0_136 -2.71 2.71 90.93 0 0 0 4086 4097
f1h_169 f0_59 f0_190 -4.66 4.66 94.78 0 0 0 4111 4104
f1h_170 f0_92 f0_199 -3.18 3.18 96.27 0 0 0 4096 4100
f1h_171 f0_13 f0_147 -1.47 1.47 92.49 0 0 0 4076 4080
f1h_172 f0_94 f0_113 8.8 -8.8 88.89 0 0 0 4101 4087
f1h_173 f0_81 f0_134 -4.81 4.81 94.27 0 0 0 4079 4086
f1h_174 f0_35 f0_107 -1.16 1.16 95.44 0 0 0 4101 4092
f1h_175 f0_15 f0_65 0.06 -0.06 94.92 0 0 0 4108 4103
f1h_176 f0_48 f0_167 5.18 -5.18 89.18 0 0 0 4092 4087
f1h_177 f0_57 f0_133 6.6 -6.6 92.13 0 0 0 4096 4083
f1h_178 f0_32 f0_147 -7.62 7.62 90.99 0 0 0 4107 4099
f1h_179 f0_85 f0_105 0.15 -0.15 96.09 0 0 0 4101 4104
f1h_180 f0_8 f0_25 0.71 -0.71 90.07 0 0 0 4101 4096
f1h_182 f0_43 f0_112 -1.91 1.91 91.71 0 0 0 4109 4100
f1h_183 f0_65 f0_100 0.52 -0.52 91.21 0 0 0 4099 4110
f1h_184 f0_31 f0_110 -3.96 3.96 88.08 0 0 0 4087 4090
f1h_186 f0_90 f0_154 -11.73 11.73 86.96 0 0 0 4106 4097
f1h_187 f0_114 f0_168 3.97 -3.97 93.12 0 0 0 4097 4102
f1h_189 f0_61 f0_62 -4.09 4.09 91.04 0 0 0 4106 4101
f1h_190 f0_82 f0_94 1.54 -1.54 89.83 0 0 0 4078 4099
f1h_191 f0_75 f0_200 -5.79 5.79 89.6 0 0 0 4112 4108
f1h_192 f0_97 f0_196 -1.68 1.68 93.51 0 0 0 4089 4088
f1h_193 f0_156 f0_164 4.9 -4.9 93.63 0 0 0 4099 4086
f1h_194 f0_110 f0_115 1.38 -1.38 91.37 0 0 0 4085 4084
f1h_195 f0_172 f0_177 2.88 -2.88 90 0 0 0 4097 4107
f1h_196 f0_49 f0_178 -10.56 10.56 87.26 0 0 0 4102 4086
f1h_198 f0_119 f0_126 1.64 -1.64 92.16 0 0 0 4105 4111
f1h_199 f0_43 f0_176 0.28 -0.28 96.59 0 0 0 4107 4101
f1h_200 f0_66 f0_99 -1.46 1.46 95.51 0 0 0 4106 4092
f1h_201 f0_151 f0_153 3 -3 92.46 0 0 0 4109 4100
f1h_202 f0_105 f0_178 -1.07 1.07 91.57 0 0 0 4105 4095
f1h_203 f0_105 f0_113 -0.96 0.96 92.75 0 0 0 4098 4087
f1h_205 f0_101 f0_119 -9.1 9.1 86.84 0 0 0 4110 4102
f1h_206 f0_37 f0_185 -4.65 4.65 87.34 0 0 0 4089 4103
f1h_208 f0_134 f0_191 -1.02 1.02 93.26 0 0 0 4106 4103
f1h_209 f0_62 f0_139 3.77 -3.77 86.63 0 0 0 4099 4102
f1h_211 f0_66 f0_143 0.6 -0.6 94.57 0 0 0 4107 4094
f1h_212 f0_25 f0_29 6.85 -6.85 91.6 0 0 0 4107 4115
f1h_213 f0_116 f0_152 -2.06 2.06 91.81 0 0 0 4100 4101
f1h_214 f0_7 f0_186 -3.15 3.15 92.31 0 0 0 4104 4103
f1h_215 f0_14 f0_124 -8.57 8.57 91.43 0 0 0 4105 4105
f1h_216 f0_55 f0_133 2.73 -2.73 86.57 0 0 0 4091 4083
f1h_217 f0_14 f0_142 -4.74 4.74 92.43 0 0 0 4098 4098
f1h_219 f0_25 f0_172 2.39 -2.39 90.08 0 0 0 4089 4083
f1h_220 f0_6 f0_183 2.3 -2.3 93.67 0 0 0 4100 4092
f1h_221 f0_131 f0_154 10.97 -10.97 89.54 0 0 0 4112 4103
f1h_222 f0_75 f0_156 -3.63 3.63 95.69 0 0 0 4101 4095
f1h_223 f0_89 f0_140 0.53 -0.53 93.2 0 0 0 4092 4096
f1h_224 f0_36 f0_200 8.92 -8.92 90.92 0 0 0 4093 4096
f1h_225 f0_50 f0_60 -1.73 1.73 94.31 0 0 0 4095 4105
f1h_226 f0_145 f0_191 3.4 -3.4 92.06 0 0 0 4126 4114
f1h_227 f0_19 f0_79 5.33 -5.33 90.87 0 0 0 4101 4098
f1h_228 f0_58 f0_181 0.81 -0.81 93.31 0 0 0 4085 4081
f1h_229 f0_59 f0_183 6.1 -6.1 95.4 0 0 0 4106 4091
f1h_230 f0_100 f0_138 3.32 -3.32 87.51 0 0 0 4106 4101
f1h_231 f0_3 f0_80 3.4 -3.4 92.09 0 0 0 4104 4102
f1h_232 f0_88 f0_96 -4.96 4.96 91.39 0 0 0 4099 4106
f1h_233 f0_36 f0_135 -0.8 0.8 94.79 0 0 0 4098 4106
f1h_234 f0_28 f0_85 -1.95 1.95 92.28 0 0 0 4101 4099
f1h_235 f0_29 f0_45 -0.82 0.82 92.72 0 0 0 4096 4100
f1h_236 f0_6 f0_59 5.82 -5.82 88.83 0 0 0 4090 4098
f1h_237 f0_75 f0_155 3.83 -3.83 91.78 0 0 0 4107 4094
f1h_239 f0_43 f0_82 -2.14 2.14 90.35 0 0 0 4114 4092
f1h_240 f0_10 f0_60 -1.93 1.93 95.31 0 0 0 4081 4102
f1h_241 f0_55 f0_137 5.45 -5.45 94.8 0 0 0 4087 4093
f1h_244 f0_39 f0_130 4.95 -4.95 86.27 0 0 0 4116 4103
f1h_246 f0_71 f0_158 -1.4 1.4 90.99 0 0 0 4101 4110
f1h_247 f0_115 f0_154 -6.09 6.09 92.46 0 0 0 4087 4090
f1h_248 f0_116 f0_122 0.47 -0.47 91.12 0 0 0 4092 4072
f1h_249 f0_140 f0_167 1.74 -1.74 89.59 0 0 0 4094 4092
f1h_250 f0_32 f0_184 -4.1 4.1 90.97 0 0 0 4121 4110
f1h_251 f0_53 f0_123 3.68 -3.68 89.5 0 0 0 4074 4078
f1h_252 f0_128 f0_150 3.64 -3.64 91.88 0 0 0 4083 4093
f1h_253 f0_80 f0_83 0.31 -0.31 93.99 0 0 0 4086 4093
f1h_254 f0_140 f0_145 -5.13 5.13 92.97 0 0 0 4110 4127
f1h_255 f0_44 f0_111 -3.76 3.76 93.08 0 0 0 4098 4107
f1h_256 f0_149 f0_171 8.02 -8.02 91.39 0 0 0 4101 4091
f1h_257 f0_59 f0_176 0.3 -0.3 92.21 0 0 0 4113 4109
f1h_258 f0_87 f0_91 -1.81 1.81 92.98 0 0 0 4102 4096
f1h_259 f0_110 f0_193 7.61 -7.61 85.84 0 0 0 4102 4099
f1h_260 f0_126 f0_138 -0.02 0.02 93.52 0 0 0 4099 4098
f1h_262 f0_110 f0_147 1.55 -1.55 91.55 0 0 0 4092 4103
f1h_263 f0_44 f0_64 0.88 -0.88 90.79 0 0 0 4104 4117
f1h_264 f0_151 f0_195 8.87 -8.87 87.38 0 0 0 4095 4098
f1h_265 f0_127 f0_157 1.92 -1.92 90.11 0 0 0 4101 4094
f1h_266 f0_36 f0_137 -2.2 2.2 92.96 0 0 0 4099 4103
f1h_268 f0_21 f0_92 -1.76 1.76 92.49 0 0 0 4100 4095
f1h_271 f0_53 f0_98 -0.63 0.63 97.24 0 0 0 4092 4103
f1h_272 f0_136 f0_140 -3.65 3.65 92.19 0 0 0 4094 4094
f1h_274 f0_88 f0_184 2.5 -2.5 95.03 0 0 0 4113 4112
f1h_275 f0_98 f0_121 1.48 -1.48 94.23 0 0 0 4096 4097
f1h_277 f0_167 f0_197 4.1 -4.1 91.61 0 0 0 4099 4108
f1h_279 f0_22 f0_157 -11.71 11.71 86.3 0 0 0 4095 4099
f1h_280 f0_21 f0_66 3.15 -3.15 88.12 0 0 0 4098 4102
f1h_281 f0_23 f0_69 -3.93 3.93 94.44 0 0 0 4104 4111
f1h_282 f0_40 f0_131 -0.39 0.39 91.3 0 0 0 4100 4101
f1h_283 f0_94 f0_172 -4.9 4.9 91.42 0 0 0 4109 4092
f1h_284 f0_24 f0_150 -11.23 11.23 86.85 0 0 0 4095 4101
f1h_285 f0_63 f0_150 -1.99 1.99 93.53 0 0 0 4093 4101
f1h_286 f0_3 f0_55 2.53 -2.53 92.88 0 0 0 4110 4102
f1h_289 f0_41 f0_150 5.29 -5.29 93.9 0 0 0 4105 4099
f1h_290 f0_132 f0_137 -3.82 3.82 95.15 0 0 0 4106 4102
f1h_291 f0_79 f0_127 -1 1 96.36 0 0 0 4094 4108
f1h_292 f0_54 f0_74 5.53 -5.53 91.81 0 0 0 4101 4097
f1h_293 f0_41 f0_186 6.99 -6.99 93.51 0 0 0 4121 4112
f1h_294 f0_126 f0_197 2.7 -2.7 91.52 0 0 0 4111 4109
f1h_295 f0_45 f0_95 -1.3 1.3 94.06 0 0 0 4097 4093
f1h_296 f0_110 f0_168 8.53 -8.53 87.94 0 0 0 4088 4100
f1h_298 f0_55 f0_104 -4.69 4.69 92.6 0 0 0 4102 4093
f1h_299 f0_23 f0_85 6.55 -6.55 96.76 0 0 0 4097 4103
f1h_300 f0_180 f0_188 4.01 -4.01 97.14 0 0 0 4107 4092
f1h_301 f0_124 f0_134 0.88 -0.88 94.28 0 0 0 4097 4104
f1h_302 f0_97 f0_136 -2.23 2.23 92.54 0 0 0 4106 4110
f1h_303 f0_35 f0_170 -0.41 0.41 92.47 0 0 0 4100 4095
f1h_304 f0_52 f0_157 -1.08 1.08 88.88 0 0 0 4109 4104
f1h_305 f0_7 f0_8 0.43 -0.43 95.57 0 0 0 4097 4096
f1h_306 f0_68 f0_116 2.09 -2.09 90.95 0 0 0 4109 4106
f1h_307 f0_130 f0_150 -5.19 5.19 91.78 0 0 0 4091 4097
f1h_308 f0_51 f0_171 4.9 -4.9 92.45 0 0 0 4110 4081
f1h_310 f0_110 f0_122 10.76 -10.76 88.27 0 0 0 4086 4076
f1h_311 f0_50 f0_193 2.38 -2.38 96.21 0 0 0 4100 4088
f1h_312 f0_75 f0_155 -2.77 2.77 91.09 0 0 0 4097 4081
f1h_313 f0_195 f0_196 -3.18 3.18 89.37 0 0 0 4110 4091
f1h_314 f0_89 f0_179 2.34 -2.34 93.74 0 0 0 4085 4097
f1h_316 f0_3 f0_63 -1.7 1.7 95.51 0 0 0 4105 4100
f1h_317 f0_138 f0_184 -0.52 0.52 92.57 0 0 0 4104 4098
f1h_318 f0_9 f0_142 -8.7 8.7 86.51 0 0 0 4098 4096
f1h_319 f0_23 f0_40 -4.64 4.64 94.76 0 0 0 4083 4096
f1h_320 f0_148 f0_182 3.65 -3.65 93.08 0 0 0 4092 4089
f1h_321 f0_69 f0_106 -0.77 0.77 94.62 0 0 0 4084 4087
f1h_322 f0_11 f0_62 6.6 -6.6 91.83 0 0 0 4111 4103
f1h_323 f0_55 f0_99 -6.85 6.85 88.55 0 0 0 4093 4090
f1h_324 f0_114 f0_144 3.87 -3.87 91.74 0 0 0 4100 4101
f1h_326 f0_114 f0_155 1.25 -1.25 93.99 0 0 0 4113 4105
f1h_327 f0_13 f0_47 -6.42 6.42 91.4 0 0 0 4107 4115
f1h_328 f0_56 f0_191 -4.19 4.19 89.81 0 0 0 4110 4105
f1h_330 f0_30 f0_89 -3.16 3.16 92.71 0 0 0 4105 4093
f1h_331 f0_111 f0_166 9.73 -9.73 89.37 0 0 0 4105 4108
f1h_333 f0_92 f0_188 -8.64 8.64 89.65 0 0 0 4091 4085
f1h_334 f0_14 f0_104 -2.3 2.3 96.28 0 0 0 4081 4066
f1h_335 f0_31 f0_188 -1.15 1.15 92.63 0 0 0 4104 4104
f1h_336 f0_66 f0_146 1.2 -1.2 97.87 0 0 0 4115 4118
f1h_337 f0_32 f0_97 -0.99 0.99 96.21 0 0 0 4109 4094
f1h_338 f0_119 f0_180 -0.88 0.88 95.44 0 0 0 4100 4103
f1h_339 f0_54 f0_192 16.64 -16.64 85.42 0 0 0 4100 4101
f1h_340 f0_33 f0_37 -7.62 7.62 91.32 0 0 0 4099 4096
f1h_341 f0_80 f0_138 2.64 -2.64 92 0 0 0 4095 4101
f1h_342 f0_92 f0_195 4.09 -4.09 94.4 0 0 0 4090 4107
f1h_343 f0_59 f0_132 1.21 -1.21 92.88 0 0 0 4107 4106
f1h_344 f0_101 f0_197 0.06 -0.06 94.28 0 0 0 4107 4102
f1h_346 f0_71 f0_200 -7.09 7.09 90.51 0 0 0 4096 4102
f1h_347 f0_20 f0_32 -3.63 3.63 92.76 0 0 0 4098 4116
f1h_349 f0_13 f0_30 5.96 -5.96 90.96 0 0 0 4105 4112
f1h_350 f0_134 f0_187 0.05 -0.05 90.88 0 0 0 4103 4091
f1h_351 f0_18 f0_167 -12.41 12.41 91.61 0 0 0 4101 4098
f1h_352 f0_45 f0_195 6.46 -6.46 98.14 0 0 0 4109 4113
f1h_354 f0_172 f0_194 -4.73 4.73 92.86 0 0 0 4091 4094
f1h_355 f0_50 f0_102 1.85 -1.85 94.04 0 0 0 4092 4093
f1h_356 f0_70 f0_195 8.52 -8.52 94.18 0 0 0 4096 4111
f1h_357 f0_36 f0_188 12.03 -12.03 86.48 0 0 0 4109 4101
f1h_358 f0_33 f0_119 -6.1 6.1 91.8 0 0 0 4094 4099
f1h_359 f0_16 f0_93 0.83 -0.83 90.15 0 0 0 4102 4109
f1h_360 f0_48 f0_84 0.02 -0.02 97.89 0 0 0 4086 4079
f1h_362 f0_93 f0_126 4.87 -4.87 95.19 0 0 0 4102 4104
f1h_363 f0_26 f0_161 7.59 -7.59 88.71 0 0 0 4098 4100
f1h_364 f0_22 f0_72 0.59 -0.59 91.82 0 0 0 4098 4104
f1h_365 f0_51 f0_81 1.36 -1.36 92.71 0 0 0 4120 4102
f1h_366 f0_26 f0_191 8.81 -8.81 86.45 0 0 0 4112 4110
f1h_367 f0_20 f0_94 -0.41 0.41 91.62 0 0 0 4079 4094
f1h_368 f0_81 f0_91 -8.12 8.12 87.47 0 0 0 4099 4091
f1h_369 f0_77 f0_191 -9.06 9.06 85.49 0 0 0 4098 4104
f1h_370 f0_30 f0_82 -0.97 0.97 94.05 0 0 0 4114 4096
f1h_373 f0_85 f0_194 -2.46 2.46 92.53 0 0 0 4093 4087
f1h_374 f0_119 f0_144 -5.41 5.41 91.32 0 0 0 4105 4105
f1h_376 f0_67 f0_97 1.81 -1.81 95.56 0 0 0 4096 4097
f1h_377 f0_41 f0_167 -3.84 3.84 94.8 0 0 0 4113 4096
f1h_378 f0_98 f0_155 3.17 -3.17 91.6 0 0 0 4104 4096
f1h_379 f0_109 f0_168 -6.7 6.7 89.87 0 0 0 4104 4110
f1h_380 f0_20 f0_47 3.78 -3.78 92.05 0 0 0 4078 4092
f1h_381 f0_106 f0_153 -1.67 1.67 94.49 0 0 0 4097 4092
f1h_382 f0_111 f0_199 2.93 -2.93 89.25 0 0 0 4112 4106
f1h_383 f0_87 f0_147 -9.14 9.14 90 0 0 0 4100 4107
f1h_384 f0_22 f0_146 11.18 -11.18 90.32 0 0 0 4094 4107
f1h_385 f0_13 f0_120 -0.03 0.03 91.17 0 0 0 4093 4099
f1h_388 f0_65 f0_120 2.62 -2.62 91.72 0 0 0 4102 4107
f1h_390 f0_127 f0_187 -7.12 7.12 87.45 0 0 0 4108 4094
f1h_391 f0_38 f0_83 -0.29 0.29 97.04 0 0 0 4098 4101
f1h_392 f0_79 f0_145 -10.31 10.31 87.18 0 0 0 4094 4116
f1h_393 f0_21 f0_157 -9 9 90.65 0 0 0 4105 4100
f1h_394 f0_69 f0_178 -0.23 0.23 90.09 0 0 0 4101 4093
f1h_396 f0_82 f0_150 -2.9 2.9 93.31 0 0 0 4082 4100
f1h_397 f0_67 f0_194 -2.49 2.49 87.17 0 0 0 4083 4084
f1h_399 f0_44 f0_88 -6.46 6.46 92.22 0 0 0 4103 4105
f1h_400 f0_123 f0_128 4.4 -4.4 90.96 0 0 0 4093 4095
f1h_401 f0_78 f0_83 2.94 -2.94 95.44 0 0 0 4110 4114
f1h_404 f0_14 f0_69 8.16 -8.16 93.57 0 0 0 4106 4103
f1h_405 f0_64 f0_87 3.38 -3.38 88.61 0 0 0 4097 4082
f1h_407 f0_35 f0_64 -0.84 0.84 95.37 0 0 0 4094 4103
f1h_408 f0_56 f0_148 -4.28 4.28 89.77 0 0 0 4117 4109
f1h_409 f0_25 f0_27 1.69 -1.69 92.56 0 0 0 4093 4109
f1h_410 f0_7 f0_129 8.78 -8.78 90.85 0 0 0 4099 4097
f1h_411 f0_7 f0_157 1.02 -1.02 90.07 0 0 0 4094 4089
f1h_412 f0_121 f0_141 3.82 -3.82 96.27 0 0 0 4104 4101
f1h_413 f0_9 f0_28 2.03 -2.03 94.16 0 0 0 4110 4105
f1h_414 f0_49 f0_116 -1.4 1.4 94.17 0 0 0 4112 4107
f1h_415 f0_98 f0_198 3.13 -3.13 90.93 0 0 0 4089 4083
f1h_416 f0_26 f0_175 0.57 -0.57 92.44 0 0 0 4106 4114
f1h_418 f0_3 f0_67 2.99 -2.99 92.09 0 0 0 4111 4101
f1h_419 f0_51 f0_162 4.06 -4.06 92.69 0 0 0 4127 4107
f1h_421 f0_66 f0_139 -1.97 1.97 93.55 0 0 0 4108 4109
f1h_422 f0_26 f0_199 2.85 -2.85 91.16 0 0 0 4108 4107
f1h_423 f0_56 f0_129 -2.95 2.95 93.9 0 0 0 4108 4100
f1h_424 f0_17 f0_45 -4.3 4.3 92.84 0 0 0 4095 4099
f1h_425 f0_149 f0_176 -3.56 3.56 91.68 0 0 0 4096 4103
f1h_426 f0_169 f0_178 4.73 -4.73 91.7 0 0 0 4098 4083
f1h_427 f0_101 f0_120 13.75 -13.75 88.73 0 0 0 4111 4106
f1h_428 f0_185 f0_186 1.19 -1.19 90.83 0 0 0 4115 4113
f1h_429 f0_46 f0_128 1.96 -1.96 91.48 0 0 0 4081 4087
f1h_430 f0_83 f0_85 -6.02 6.02 92.52 0 0 0 4109 4098
f1h_433 f0_102 f0_159 1.66 -1.66 90.27 0 0 0 4097 4090
f1h_434 f0_35 f0_130 4.12 -4.12 91.7 0 0 0 4109 4105
f1h_435 f0_85 f0_171 -5.59 5.59 88.97 0 0 0 4097 4085
f1h_436 f0_157 f0_181 6.14 -6.14 87.61 0 0 0 4089 4082
f1h_437 f0_47 f0_159 5.7 -5.7 93.4 0 0 0 4112 4103
f1h_438 f0_113 f0_197 -6.32 6.32 87.83 0 0 0 4091 4102
f1h_439 f0_1 f0_200 6.38 -6.38 86.9 0 0 0 4098 4098
f1h_440 f0_122 f0_196 2.37 -2.37 92.3 0 0 0 4076 4086
f1h_441 f0_14 f0_35 -13.49 13.49 88.71 0 0 0 4102 4100
f1h_444 f0_30 f0_160 -4.88 4.88 95.58 0 0 0 4111 4106
f1h_446 f0_30 f0_173 -3.81 3.81 95.31 0 0 0 4114 4106
f1h_448 f0_5 f0_61 2.78 -2.78 95.34 0 0 0 4102 4105
f1h_449 f0_158 f0_177 2.75 -2.75 95.17 0 0 0 4106 4099
f1h_450 f0_38 f0_103 2.19 -2.19 92.77 0 0 0 4104 4097
f1h_451 f0_24 f0_86 -2.6 2.6 89.36 0 0 0 4094 4088
f1h_452 f0_53 f0_118 3.4 -3.4 93 0 0 0 4087 4100
f1h_453 f0_34 f0_145 -3.85 3.85 92 0 0 0 4104 4112
f1h_454 f0_18 f0_44 -4.85 4.85 92.25 0 0 0 4095 4093
f1h_455 f0_130 f0_150 -6.82 6.82 91.98 0 0 0 4098 4104
f1h_456 f0_157 f0_185 10.14 -10.14 89.94 0 0 0 4100 4109
f1h_457 f0_124 f0_140 6.6 -6.6 91.03 0 0 0 4101 4098
f1h_458 f0_34 f0_74 -1.61 1.61 92.44 0 0 0 4101 4088
f1h_459 f0_123 f0_163 -0.71 0.71 89.34 0 0 0 4091 4103
f1h_460 f0_128 f0_182 -2.73 2.73 91.8 0 0 0 4091 4092
f1h_462 f0_182 f0_193 0.37 -0.37 90.31 0 0 0 4104 4096
f1h_463 f0_85 f0_189 -0.92 0.92 95.39 0 0 0 4096 4106
f1h_464 f0_78 f0_167 -3.44 3.44 92.43 0 0 0 4091 4082
f1h_465 f0_37 f0_65 -1.65 1.65 94.22 0 0 0 4100 4105
f1h_466 f0_178 f0_187 1.89 -1.89 88.27 0 0 0 4083 4086
f1h_467 f0_85 f0_132 2.58 -2.58 92.74 0 0 0 4079 4089
f1h_468 f0_35 f0_161 1.1 -1.1 88.94 0 0 0 4111 4113
f1h_469 f0_120 f0_133 3.82 -3.82 91.79 0 0 0 4111 4095
f1h_470 f0_86 f0_192 1.25 -1.25 97.31 0 0 0 4095 4103
f1h_472 f0_83 f0_152 -7.15 7.15 90.17 0 0 0 4102 4100
f1h_473 f0_26 f0_92 15.16 -15.16 81.05 0 0 0 4096 4091
f1h_474 f0_31 f0_59 -2.56 2.56 95.38 0 0 0 4100 4118
f1h_475 f0_42 f0_82 -5.01 5.01 92.14 0 0 0 4093 4083
f1h_476 f0_89 f0_158 -1.07 1.07 92.43 0 0 0 4102 4113
f1h_477 f0_33 f0_42 -0.2 0.2 97.76 0 0 0 4097 4098
f1h_478 f0_63 f0_157 -6.29 6.29 85.66 0 0 0 4107 4107
f1h_480 f0_76 f0_194 3.4 -3.4 93.62 0 0 0 4113 4098
f1h_481 f0_82 f0_150 1.98 -1.98 90.86 0 0 0 4073 4091
f1h_482 f0_89 f0_184 -1.78 1.78 88.94 0 0 0 4081 4089
f1h_483 f0_45 f0_66 0.68 -0.68 97.12 0 0 0 4102 4102
f1h_484 f0_76 f0_172 -3.27 3.27 93.29 0 0 0 4092 4074
f1h_485 f0_122 f0_150 2.49 -2.49 92.03 0 0 0 4079 4103
f1h_486 f0_138 f0_141 -6.26 6.26 91.84 0 0 0 4103 4095
f1h_487 f0_135 f0_170 6.88 -6.88 92.23 0 0 0 4100 4093
f1h_488 f0_21 f0_33 3.39 -3.39 95.62 0 0 0 4096 4088
f1h_489 f0_22 f0_52 5.37 -5.37 94.74 0 0 0 4102 4109
f1h_490 f0_13 f0_146 -1.17 1.17 94.08 0 0 0 4107 4118
f1h_492 f0_170 f0_197 3.64 -3.64 95.32 0 0 0 4106 4112
f1h_493 f0_72 f0_105 -2.78 2.78 92.85 0 0 0 4090 4091
f1h_494 f0_35 f0_48 3.61 -3.61 92.59 0 0 0 4106 4105
f1h_495 f0_34 f0_107 4.64 -4.64 87.68 0 0 0 4123 4110
f1h_496 f0_78 f0_148 -8.19 8.19 90.1 0 0 0 4099 4094
f1h_498 f0_148 f0_198 0.35 -0.35 91 0 0 0 4103 4100
f1h_499 f0_12 f0_14 5.47 -5.47 94.38 0 0 0 4084 4099
f1w_3 f0_700 f0_850 -2.77 2.77 88.66 0 0 0 4100 4085
f1w_8 f0_295 f0_823 -1.47 1.47 92.16 0 0 0 4106 4102
f1w_9 f0_806 f0_997 -7.42 7.42 89.93 0 0 0 4104 4087
f1w_10 f0_712 f0_966 -1.66 1.66 91.34 0 0 0 4098 4083
f1w_14 f0_525 f0_612 0.29 -0.29 93.46 0 0 0 4092 4101
f1w_16 f0_268 f0_726 -2.03 2.03 88.89 0 0 0 4104 4099
f1w_18 f0_252 f0_314 -5.31 5.31 94.16 0 0 0 4114 4095
f1w_21 f0_607 f0_612 -4.83 4.83 92.26 0 0 0 4101 4107
f1w_24 f0_480 f0_957 -2.38 2.38 89.46 0 0 0 4101 4080
f1w_26 f0_483 f0_624 -3.97 3.97 98.48 0 0 0 4105 4094
f1w_30 f0_354 f0_849 1.53 -1.53 92.6 0 0 0 4097 4099
f1w_32 f0_757 f0_911 -3.75 3.75 91.77 0 0 0 4111 4090
f1w_34 f0_293 f0_860 -4.25 4.25 94.36 0 0 0 4095 4099
f1w_35 f0_657 f0_766 -0.47 0.47 95.74 0 0 0 4084 4085
f1w_39 f0_225 f0_425 3.32 -3.32 92.28 0 0 0 4109 4110
f1w_41 f0_477 f0_988 -2.24 2.24 90.54 0 0 0 4089 4106
f1w_43 f0_308 f0_371 -3.76 3.76 91.68 0 0 0 4093 4088
f1w_45 f0_778 f0_994 4.45 -4.45 94.92 0 0 0 4091 4114
f1w_47 f0_484 f0_702 -0.94 0.94 90.33 0 0 0 4088 4076
f1w_48 f0_491 f0_831 3.79 -3.79 92.5 0 0 0 4096 4094
f1w_51 f0_542 f0_897 -2.41 2.41 93.68 0 0 0 4108 4090
f1w_55 f0_890 f0_941 3.86 -3.86 94.07 0 0 0 4085 4092
f1w_56 f0_224 f0_529 -3.61 3.61 84.7 0 0 0 4111 4111
f1w_59 f0_590 f0_591 2.48 -2.48 91.53 0 0 0 4074 4091
f1w_61 f0_281 f0_602 0.76 -0.76 97.2 0 0 0 4114 4097
f1w_64 f0_504 f0_929 1.26 -1.26 91.41 0 0 0 4091 4092
f1w_71 f0_459 f0_991 1.64 -1.64 93.42 0 0 0 4096 4100
f1w_72 f0_428 f0_776 0.21 -0.21 95.01 0 0 0 4091 4096
f1w_73 f0_219 f0_535 -6.52 6.52 94.27 0 0 0 4080 4093
f1w_74 f0_244 f0_756 -1.79 1.79 94.19 0 0 0 4109 4116
f1w_76 f0_773 f0_886 -2.12 2.12 92.82 0 0 0 4101 4110
f1w_77 f0_362 f0_780 1.6 -1.6 95.69 0 0 0 4096 4093
f1w_78 f0_611 f0_870 -6.65 6.65 91.26 0 0 0 4103 4105
f1w_79 f0_569 f0_830 -0.39 0.39 91.22 0 0 0 4097 4085
f1w_84 f0_583 f0_992 3 -3 92.08 0 0 0 4095 4100
f1w_85 f0_211 f0_992 1.17 -1.17 94.17 0 0 0 4083 4095
f1w_86 f0_831 f0_903 -4.69 4.69 91.97 0 0 0 4105 4117
f1w_87 f0_661 f0_898 -3.71 3.71 88.85 0 0 0 4102 4105
f1w_88 f0_293 f0_579 -6.04 6.04 92.17 0 0 0 4081 4091
f1w_89 f0_442 f0_631 0.11 -0.11 89.64 0 0 0 4097 4102
f1w_90 f0_491 f0_644 -0.57 0.57 98.53 0 0 0 4092 4093
f1w_91 f0_362 f0_391 -4.55 4.55 90.09 0 0 0 4089 4081
f1w_92 f0_347 f0_818 -3.79 3.79 86.34 0 0 0 4087 4092
f1w_97 f0_322 f0_329 -1.09 1.09 92.44 0 0 0 4105 4113
f1w_102 f0_432 f0_820 0.66 -0.66 92.2 0 0 0 4110 4110
f1w_103 f0_650 f0_832 -0.17 0.17 97.41 0 0 0 4097 4102
f1w_105 f0_558 f0_632 -2.67 2.67 90.75 0 0 0 4107 4104
f1w_106 f0_655 f0_714 3.3 -3.3 90.59 0 0 0 4095 4094
f1w_108 f0_413 f0_476 4.04 -4.04 95.34 0 0 0 4098 4097
f1w_112 f0_296 f0_970 -5.58 5.58 88.14 0 0 0 4089 4080
f1w_113 f0_622 f0_845 1.42 -1.42 95 0 0 0 4095 4091
f1w_117 f0_411 f0_795 7.88 -7.88 94.45 0 0 0 4092 4103
f1w_119 f0_935 f0_973 11.58 -11.58 87.15 0 0 0 4091 4098
f1w_121 f0_938 f0_999 -5.47 5.47 92.07 0 0 0 4112 4103
f1w_124 f0_213 f0_877 2.12 -2.12 93.14 0 0 0 4111 4116
f1w_127 f0_643 f0_666 2.93 -2.93 93.88 0 0 0 4107 4096
f1w_131 f0_224 f0_574 -1.36 1.36 92.83 0 0 0 4107 4095
f1w_135 f0_678 f0_999 -1.69 1.69 93.49 0 0 0 4097 4093
f1w_136 f0_247 f0_794 0.75 -0.75 90.36 0 0 0 4099 4108
f1w_139 f0_544 f0_907 8.18 -8.18 86.36 0 0 0 4102 4096
f1w_140 f0_352 f0_621 3.79 -3.79 92.39 0 0 0 4100 4106
f1w_141 f0_421 f0_683 0.11 -0.11 96.24 0 0 0 4091 4092
f1w_146 f0_376 f0_766 4.31 -4.31 92.16 0 0 0 4106 4097
f1w_147 f0_677 f0_705 -2.03 2.03 91.97 0 0 0 4101 4094
f1w_149 f0_631 f0_695 3.09 -3.09 92.18 0 0 0 4098 4097
f1w_150 f0_898 f0_924 4.98 -4.98 87.81 0 0 0 4094 4102
f1w_151 f0_264 f0_717 -1.38 1.38 91.59 0 0 0 4100 4112
f1w_152 f0_713 f0_947 4.04 -4.04 88.82 0 0 0 4108 4102
f1w_153 f0_804 f0_818 9.91 -9.91 92.97 0 0 0 4103 4103
f1w_155 f0_694 f0_953 0.74 -0.74 90.33 0 0 0 4096 4101
f1w_156 f0_293 f0_495 3.53 -3.53 92.34 0 0 0 4089 4095
f1w_157 f0_227 f0_725 1.27 -1.27 90.06 0 0 0 4113 4101
f1w_160 f0_442 f0_580 -1.69 1.69 95.56 0 0 0 4097 4087
f1w_164 f0_904 f0_997 -7.63 7.63 91.45 0 0 0 4111 4091
f1w_165 f0_312 f0_806 -8.62 8.62 92.9 0 0 0 4104 4106
f1w_166 f0_374 f0_770 0.43 -0.43 93.12 0 0 0 4092 4101
f1w_167 f0_334 f0_799 -6.02 6.02 90.25 0 0 0 4099 4104
f1w_168 f0_773 f0_897 5.53 -5.53 87.47 0 0 0 4096 4080
f1w_170 f0_515 f0_884 1.68 -1.68 91.5 0 0 0 4087 4084
f1w_174 f0_383 f0_556 0.64 -0.64 88.5 0 0 0 4096 4107
f1w_177 f0_445 f0_591 2.14 -2.14 94.63 0 0 0 4083 4084
f1w_180 f0_232 f0_748 3.38 -3.38 92 0 0 0 4097 4101
f1w_183 f0_490 f0_600 -6.7 6.7 88.1 0 0 0 4111 4101
f1w_186 f0_472 f0_928 5.41 -5.41 91.78 0 0 0 4097 4088
f1w_187 f0_283 f0_503 -7.73 7.73 93.96 0 0 0 4113 4103
f1w_190 f0_373 f0_622 7.37 -7.37 88.82 0 0 0 4082 4084
f1w_191 f0_231 f0_452 5.8 -5.8 90.45 0 0 0 4094 4093
f1w_193 f0_312 f0_964 -2.3 2.3 91.98 0 0 0 4099 4093
f1w_198 f0_471 f0_925 6.86 -6.86 92.5 0 0 0 4090 4100
f1w_199 f0_528 f0_740 -5.87 5.87 88.98 0 0 0 4098 4082
f1w_200 f0_477 f0_483 7 -7 88.78 0 0 0 4091 4102
f1w_201 f0_982 f0_986 3.12 -3.12 92.67 0 0 0 4099 4092
f1w_202 f0_715 f0_780 0.82 -0.82 90.96 0 0 0 4091 4103
f1w_206 f0_304 f0_453 -2.71 2.71 91.15 0 0 0 4093 4102
f1w_209 f0_686 f0_793 0.59 -0.59 91.07 0 0 0 4100 4095
f1w_211 f0_540 f0_983 -2.02 2.02 91.72 0 0 0 4099 4093
f1w_213 f0_476 f0_694 -6.54 6.54 92.26 0 0 0 4101 4101
f1w_217 f0_263 f0_851 -3.54 3.54 92.48 0 0 0 4094 4098
f1w_218 f0_256 f0_894 -0.86 0.86 97.78 0 0 0 4102 4077
f1w_220 f0_302 f0_640 1.71 -1.71 89.37 0 0 0 4105 4092
f1w_222 f0_237 f0_528 0.09 -0.09 92.87 0 0 0 4088 4095
f1w_223 f0_365 f0_506 3.15 -3.15 93.09 0 0 0 4084 4099
f1w_224 f0_741 f0_801 -8.49 8.49 87.31 0 0 0 4087 4098
f1w_225 f0_820 f0_845 -1.75 1.75 92.87 0 0 0 4098 4092
f1w_229 f0_605 f0_680 3.7 -3.7 90.38 0 0 0 4076 4085
f1w_230 f0_708 f0_737 -1.77 1.77 92.17 0 0 0 4093 4099
f1w_232 f0_246 f0_925 6.4 -6.4 100.32 0 0 0 4086 4102
f1w_233 f0_757 f0_822 4.34 -4.34 94.21 0 0 0 4117 4109
f1w_234 f0_467 f0_561 3.21 -3.21 87.37 0 0 0 4094 4092
f1w_241 f0_758 f0_856 -2.01 2.01 95.99 0 0 0 4103 4087
f1w_247 f0_678 f0_966 1.09 -1.09 96.58 0 0 0 4080 4076
f1w_248 f0_675 f0_994 -2.37 2.37 94.59 0 0 0 4097 4109
f1w_249 f0_471 f0_924 -2.62 2.62 91.66 0 0 0 4100 4106
f1w_251 f0_487 f0_799 10.64 -10.64 86.75 0 0 0 4102 4101
f1w_252 f0_537 f0_705 8.08 -8.08 87.19 0 0 0 4103 4100
f1w_257 f0_434 f0_915 -11.2 11.2 90.23 0 0 0 4104 4097
f1w_259 f0_206 f0_631 -0.19 0.19 91.37 0 0 0 4088 4095
f1w_260 f0_398 f0_925 0.04 -0.04 93.99 0 0 0 4104 4105
f1w_261 f0_585 f0_881 0.28 -0.28 93.61 0 0 0 4102 4100
f1w_262 f0_319 f0_473 5.74 -5.74 88.39 0 0 0 4107 4106
f1w_264 f0_454 f0_470 5.24 -5.24 95.43 0 0 0 4092 4099
f1w_265 f0_317 f0_966 5.14 -5.14 93.99 0 0 0 4104 4093
f1w_266 f0_241 f0_503 8.01 -8.01 89.89 0 0 0 4103 4094
f1w_270 f0_420 f0_883 -6.15 6.15 87.13 0 0 0 4101 4107
f1w_271 f0_606 f0_992 3.69 -3.69 91.13 0 0 0 4108 4106
f1w_272 f0_372 f0_435 3.62 -3.62 88.95 0 0 0 4117 4106
f1w_273 f0_790 f0_983 7.86 -7.86 94.49 0 0 0 4085 4093
f1w_275 f0_653 f0_709 -0.46 0.46 90.53 0 0 0 4093 4104
f1w_276 f0_556 f0_595 -2.15 2.15 89.07 0 0 0 4093 4095
f1w_277 f0_289 f0_700 0.42 -0.42 90.15 0 0 0 4105 4110
f1w_278 f0_243 f0_432 3.16 -3.16 89.85 0 0 0 4090 4093
f1w_281 f0_244 f0_394 1.77 -1.77 91.81 0 0 0 4106 4104
f1w_283 f0_201 f0_674 -4.79 4.79 92.62 0 0 0 4113 4117
f1w_284 f0_299 f0_976 0.17 -0.17 97.84 0 0 0 4107 4101
f1w_287 f0_412 f0_808 -0.66 0.66 95.52 0 0 0 4107 4093
f1w_288 f0_432 f0_978 5.07 -5.07 91.66 0 0 0 4091 4094
f1w_289 f0_294 f0_947 -0.32 0.32 95.04 0 0 0 4100 4094
f1w_290 f0_582 f0_813 -3.38 3.38 86.09 0 0 0 4097 4098
f1w_291 f0_649 f0_719 -5.49 5.49 89.86 0 0 0 4098 4102
f1w_293 f0_554 f0_912 3.28 -3.28 95.51 0 0 0 4087 4092
f1w_294 f0_536 f0_999 7.89 -7.89 87.09 0 0 0 4098 4100
f1w_296 f0_617 f0_682 -0.99 0.99 92 0 0 0 4090 4097
f1w_298 f0_238 f0_617 -7.94 7.94 92.05 0 0 0 4098 4098
f1w_300 f0_409 f0_614 -10.04 10.04 88.91 0 0 0 4101 4093
f1w_301 f0_509 f0_712 -2.1 2.1 93.9 0 0 0 4083 4102
f1w_302 f0_901 f0_910 11.44 -11.44 84.97 0 0 0 4084 4086
f1w_304 f0_683 f0_732 -3.8 3.8 88.38 0 0 0 4104 4094
f1w_306 f0_585 f0_897 2.25 -2.25 91.01 0 0 0 4101 4081
f1w_309 f0_329 f0_411 -1.51 1.51 97.55 0 0 0 4100 4093
f1w_311 f0_530 f0_978 -12.01 12.01 84.6 0 0 0 4101 4096
f1w_312 f0_383 f0_655 -1.11 1.11 93.73 0 0 0 4088 4089
f1w_313 f0_823 f0_957 -3.31 3.31 89.43 0 0 0 4086 4074
f1w_316 f0_433 f0_629 2.79 -2.79 92.13 0 0 0 4106 4099
f1w_319 f0_537 f0_793 0.87 -0.87 91.59 0 0 0 4097 4091
f1w_320 f0_594 f0_694 -4.09 4.09 89.29 0 0 0 4094 4102
f1w_321 f0_542 f0_945 2.89 -2.89 93.82 0 0 0 4104 4099
f1w_322 f0_414 f0_579 -7.25 7.25 90.29 0 0 0 4098 4106
f1w_323 f0_690 f0_976 8.15 -8.15 93.57 0 0 0 4097 4085
f1w_326 f0_419 f0_676 3.08 -3.08 87.77 0 0 0 4088 4105
f1w_329 f0_564 f0_694 -10.38 10.38 89.49 0 0 0 4090 4087
f1w_331 f0_669 f0_690 -10.01 10.01 88.47 0 0 0 4099 4102
f1w_333 f0_228 f0_319 0.64 -0.64 94.82 0 0 0 4109 4120
f1w_335 f0_627 f0_937 -1.98 1.98 90.99 0 0 0 4106 4100
f1w_343 f0_873 f0_968 -2.31 2.31 95.65 0 0 0 4122 4103
f1w_345 f0_543 f0_901 1.41 -1.41 93.04 0 0 0 4100 4103
f1w_348 f0_283 f0_998 8.07 -8.07 91.14 0 0 0 4109 4099
f1w_351 f0_234 f0_628 -0.73 0.73 88.49 0 0 0 4093 4094
f1w_353 f0_481 f0_802 9.22 -9.22 89.64 0 0 0 4109 4095
f1w_357 f0_353 f0_867 -0.01 0.01 90.62 0 0 0 4102 4112
f1w_360 f0_430 f0_522 4.52 -4.52 94.38 0 0 0 4098 4101
f1w_364 f0_410 f0_950 -2.21 2.21 94.66 0 0 0 4088 4100
f1w_369 f0_502 f0_560 10.72 -10.72 87.32 0 0 0 4094 4087
f1w_370 f0_910 f0_981 -6.58 6.58 87.89 0 0 0 4105 4108
f1w_371 f0_730 f0_838 -2.55 2.55 95.19 0 0 0 4104 4099
f1w_372 f0_237 f0_376 -3.27 3.27 92.74 0 0 0 4099 4104
f1w_373 f0_219 f0_879 2.66 -2.66 89.09 0 0 0 4082 4099
f1w_374 f0_258 f0_876 -4.95 4.95 90.09 0 0 0 4102 4107
f1w_375 f0_612 f0_769 -9.75 9.75 90.35 0 0 0 4101 4102
f1w_376 f0_502 f0_807 -10.75 10.75 88.5 0 0 0 4105 4108
f1w_377 f0_347 f0_360 -5.43 5.43 93.22 0 0 0 4085 4100
f1w_378 f0_397 f0_675 -2.98 2.98 92.04 0 0 0 4106 4097
f1w_379 f0_444 f0_977 4.21 -4.21 95.77 0 0 0 4119 4111
f1w_381 f0_239 f0_248 6.98 -6.98 90.79 0 0 0 4103 4092
f1w_386 f0_278 f0_876 -1.73 1.73 91.25 0 0 0 4099 4105
f1w_389 f0_664 f0_958 -8.33 8.33 91.49 0 0 0 4105 4109
f1w_390 f0_857 f0_895 -3.28 3.28 93.61 0 0 0 4092 4100
f1w_393 f0_274 f0_295 4.6 -4.6 86.32 0 0 0 4085 4093
f1w_399 f0_596 f0_879 -3.48 3.48 92.36 0 0 0 4095 4104
f1w_400 f0_429 f0_470 -6.82 6.82 89.29 0 0 0 4103 4115
f1w_401 f0_312 f0_507 -3.76 3.76 86.33 0 0 0 4100 4092
f1w_406 f0_334 f0_658 -4.48 4.48 90.56 0 0 0 4098 4095
f1w_407 f0_463 f0_865 5.41 -5.41 90.52 0 0 0 4108 4099
f1w_410 f0_543 f0_598 -6.3 6.3 89.84 0 0 0 4090 4089
f1w_411 f0_213 f0_395 -2.74 2.74 91.02 0 0 0 4096 4086
f1w_413 f0_807 f0_893 -2.66 2.66 95.27 0 0 0 4115 4118
f1w_414 f0_454 f0_620 1.82 -1.82 94.02 0 0 0 4098 4102
f1w_415 f0_562 f0_564 -0.72 0.72 92.56 0 0 0 4116 4104
f1w_416 f0_221 f0_488 0.18 -0.18 92.72 0 0 0 4091 4101
f1w_417 f0_360 f0_479 6.21 -6.21 88.85 0 0 0 4109 4100
f1w_420 f0_298 f0_745 7.5 -7.5 92.82 0 0 0 4102 4103
f1w_422 f0_378 f0_519 -1.75 1.75 90.99 0 0 0 4105 4104
f1w_423 f0_214 f0_413 5.46 -5.46 88.43 0 0 0 4086 4095
f1w_425 f0_686 f0_786 -5.86 5.86 90.09 0 0 0 4107 4104
f1w_426 f0_228 f0_802 -1.75 1.75 88.8 0 0 0 4103 4100
f1w_427 f0_409 f0_831 0.82 -0.82 94.56 0 0 0 4108 4102
f1w_433 f0_239 f0_556 -3.45 3.45 89.73 0 0 0 4095 4091
f1w_436 f0_674 f0_774 0.51 -0.51 92.73 0 0 0 4098 4093
f1w_438 f0_228 f0_822 9.5 -9.5 91.1 0 0 0 4107 4121
f1w_441 f0_240 f0_519 -12.07 12.07 88.99 0 0 0 4107 4108
f1w_442 f0_326 f0_705 6.84 -6.84 93.47 0 0 0 4096 4098
f1w_449 f0_680 f0_803 3.41 -3.41 95.91 0 0 0 4107 4107
f1w_450 f0_686 f0_898 -0.6 0.6 88.64 0 0 0 4102 4096
f1w_451 f0_504 f0_910 -4.4 4.4 93.5 0 0 0 4092 4103
f1w_452 f0_359 f0_398 -5.18 5.18 91.31 0 0 0 4099 4113
f1w_453 f0_254 f0_907 2.35 -2.35 94.61 0 0 0 4106 4095
f1w_457 f0_692 f0_822 7.38 -7.38 93.1 0 0 0 4090 4109
f1w_458 f0_222 f0_640 -11.92 11.92 86.15 0 0 0 4089 4082
f1w_459 f0_860 f0_953 -9.2 9.2 89.2 0 0 0 4108 4113
f1w_462 f0_627 f0_986 -6.87 6.87 91.6 0 0 0 4108 4095
f1w_463 f0_582 f0_669 7.58 -7.58 89.96 0 0 0 4104 4111
f1w_464 f0_322 f0_808 7.86 -7.86 87.54 0 0 0 4091 4079
f1w_465 f0_246 f0_628 -2.84 2.84 91.54 0 0 0 4091 4086
f1w_466 f0_893 f0_932 6.24 -6.24 91.22 0 0 0 4106 4102
f1w_467 f0_341 f0_684 -5.84 5.84 90.14 0 0 0 4095 4095
f1w_472 f0_285 f0_981 0.62 -0.62 96.3 0 0 0 4101 4107
f1w_473 f0_260 f0_464 9.27 -9.27 87.36 0 0 0 4111 4108
f1w_474 f0_582 f0_806 3.77 -3.77 93.52 0 0 0 4085 4102
f1w_476 f0_572 f0_829 -3.19 3.19 91.81 0 0 0 4105 4113
f1w_479 f0_218 f0_231 -4.82 4.82 88.35 0 0 0 4110 4106
f1w_483 f0_412 f0_476 7.61 -7.61 89.48 0 0 0 4107 4104
f1w_484 f0_409 f0_977 -1.62 1.62 93.88 0 0 0 4092 4099
f1w_485 f0_466 f0_538 -3.34 3.34 93.5 0 0 0 4109 4104
f1w_486 f0_533 f0_946 -4.52 4.52 89.42 0 0 0 4111 4103
f1w_489 f0_282 f0_707 -6.51 6.51 89.56 0 0 0 4079 4078
f1w_491 f0_433 f0_847 -1.94 1.94 95.13 0 0 0 4103 4105
f1w_493 f0_371 f0_790 7.27 -7.27 90.73 0 0 0 4091 4091
f1w_496 f0_571 f0_595 2.07 -2.07 94.97 0 0 0 4113 4109
f1w_499 f0_825 f0_947 8.04 -8.04 90.72 0 0 0 4097 4087
f2_2 f1h_83 f1w_18 4.84 -4.84 90.66 0 0 0 4096 4111
f2_4 f1h_189 f1h_275 -5.57 5.57 93.15 0 0 0 4105 4102
f2_7 f1h_360 f1w_451 -8.57 8.57 90.64 0 0 0 4090 4107
f2_9 f1h_330 f1w_404 0.08 -0.08 94.49 0 0 0 4094 4094
f2_11 f1w_278 f1w_462 -9.76 9.76 85.37 0 0 0 4092 4102
f2_14 f1h_189 f1w_1 8 -8 90.88 0 0 0 4101 4104
f2_15 f1h_232 f1h_237 -0.84 0.84 90.98 0 0 0 4101 4104
f2_16 f1h_254 f1w_465 1.16 -1.16 94.09 0 0 0 4112 4096
f2_19 f1w_155 f1w_489 -0.32 0.32 94.32 0 0 0 4103 4085
f2_20 f1w_411 f1w_482 1.19 -1.19 95.43 0 0 0 4101 4111
f2_21 f1h_157 f1h_225 -4.98 4.98 89.36 0 0 0 4106 4100
f2_22 f1h_258 f1w_398 -4.17 4.17 90.5 0 0 0 4094 4083
f2_23 f1h_303 f1w_271 2.16 -2.16 94.77 0 0 0 4102 4108
f2_26 f1h_161 f1w_332 1.2 -1.2 96.55 0 0 0 4085 4099
f2_28 f1h_115 f1w_355 12.01 -12.01 88.42 0 0 0 4092 4107
f2_29 f1h_409 f1w_190 4.26 -4.26 90.63 0 0 0 4097 4087
f2_31 f1h_157 f1h_338 -2.92 2.92 93.82 0 0 0 4097 4097
f2_33 f1w_45 f1w_441 6.46 -6.46 91.39 0 0 0 4095 4100
f2_38 f1w_332 f1w_492 -1.84 1.84 86.59 0 0 0 4092 4099
f2_43 f1h_330 f1w_21 0.89 -0.89 88.88 0 0 0 4099 4101
f2_45 f1h_201 f1w_157 3.73 -3.73 91.11 0 0 0 4094 4096
f2_48 f1h_142 f1w_87 -3.63 3.63 91.42 0 0 0 4116 4126
f2_51 f1h_263 f1h_303 2.35 -2.35 93.66 0 0 0 4103 4095
f2_55 f1h_148 f1w_353 3.95 -3.95 91.57 0 0 0 4110 4108
f2_57 f1w_23 f1w_448 3.52 -3.52 93.08 0 0 0 4099 4098
f2_58 f1h_215 f1w_500 -2.39 2.39 92.94 0 0 0 4103 4105
f2_60 f1w_128 f1w_438 2.75 -2.75 96.92 0 0 0 4110 4115
f2_67 f1h_446 f1w_73 -0.57 0.57 98.53 0 0 0 4108 4093
f2_71 f1h_169 f1h_205 -2.8 2.8 91.7 0 0 0 4107 4103
f2_72 f1h_232 f1h_350 -4.39 4.39 91.91 0 0 0 4103 4103
f2_75 f1w_128 f1w_364 -4.26 4.26 92.52 0 0 0 4108 4098
f2_76 f1h_328 f1w_342 -10.5 10.5 90.16 0 0 0 4100 4105
f2_78 f1w_60 f1w_283 7.51 -7.51 91 0 0 0 4092 4110
f2_79 f1h_327 f1w_493 2.23 -2.23 90.86 0 0 0 4121 4112
f2_80 f1h_338 f1w_102 -6.16 6.16 87.45 0 0 0 4111 4121
f2_87 f1w_94 f1w_439 -4.85 4.85 93.89 0 0 0 4095 4102
f2_88 f1h_200 f1h_444 4.88 -4.88 94.48 0 0 0 4109 4116
f2_90 f1h_19 f1w_178 8.61 -8.61 87.73 0 0 0 4097 4097
f2_92 f1w_324 f1w_392 0.05 -0.05 90.89 0 0 0 4095 4102
f2_93 f1h_228 f1h_352 11.87 -11.87 91.1 0 0 0 4080 4093
f2_95 f1h_63 f1h_115 2.17 -2.17 93.43 0 0 0 4094 4094
f2_99 f1h_127 f1w_399 6.62 -6.62 86.69 0 0 0 4099 4101
f2_101 f1h_178 f1w_357 -0.73 0.73 94.98 0 0 0 4099 4109
f2_102 f1h_121 f1h_268 0.61 -0.61 92.85 0 0 0 4106 4110
f2_103 f1h_294 f1w_355 -1.5 1.5 92.04 0 0 0 4102 4107
f2_106 f1h_165 f1w_293 7.26 -7.26 88.72 0 0 0 4113 4102
f2_107 f1h_127 f1h_158 13.77 -13.77 88.72 0 0 0 4098 4097
f2_109 f1h_227 f1w_51 -0.71 0.71 98.75 0 0 0 4108 4109
f2_112 f1h_476 f1w_156 -5.9 5.9 87.37 0 0 0 4115 4102
f2_113 f1h_357 f1w_345 -2.19 2.19 94.61 0 0 0 4108 4100
f2_115 f1h_487 f1w_183 -1.22 1.22 89.71 0 0 0 4080 4092
f2_116 f1h_426 f1w_275 -1.32 1.32 92.36 0 0 0 4101 4101
f2_117 f1h_323 f1w_211 -3.56 3.56 89.83 0 0 0 4098 4094
f2_118 f1h_422 f1h_434 -2.28 2.28 93.21 0 0 0 4102 4102
f2_119 f1h_198 f1w_208 6.18 -6.18 90.45 0 0 0 4112 4106
f2_121 f1h_3 f1h_95 -4.59 4.59 93.21 0 0 0 4103 4086
f2_122 f1h_109 f1h_448 0.67 -0.67 124.39 0 0 0 4101 4102
f2_123 f1h_452 f1w_259 2.47 -2.47 89.65 0 0 0 4099 4093
f2_128 f1h_365 f1w_272 -4.18 4.18 92.28 0 0 0 4107 4113
f2_132 f1h_73 f1h_351 0.74 -0.74 95.34 0 0 0 4102 4100
f2_134 f1h_321 f1w_61 13.93 -13.93 87.58 0 0 0 4080 4100
f2_137 f1w_162 f1w_271 0.34 -0.34 95.04 0 0 0 4097 4102
f2_139 f1w_183 f1w_265 4.66 -4.66 92.62 0 0 0 4105 4099
f2_140 f1w_10 f1w_377 -14.02 14.02 87.69 0 0 0 4086 4090
f2_143 f1h_176 f1h_466 -5.1 5.1 91.44 0 0 0 4086 4085
f2_145 f1h_221 f1w_211 6.35 -6.35 89.66 0 0 0 4110 4094
f2_147 f1h_342 f1w_63 -4.4 4.4 97.01 0 0 0 4097 4106
f2_149 f1h_294 f1w_357 12.32 -12.32 89.02 0 0 0 4094 4100
f2_150 f1h_250 f1h_384 6.41 -6.41 89.06 0 0 0 4118 4103
f2_152 f1w_251 f1w_298 -9.88 9.88 87.5 0 0 0 4100 4105
f2_153 f1h_268 f1h_306 -3.98 3.98 92.64 0 0 0 4096 4103
f2_154 f1h_462 f1w_492 2.21 -2.21 87.66 0 0 0 4087 4087
f2_155 f1w_35 f1w_304 -10.29 10.29 91.94 0 0 0 4090 4103
f2_156 f1h_122 f1w_187 -2.02 2.02 94.43 0 0 0 4106 4108
f2_157 f1h_180 f1h_310 7.1 -7.1 85.95 0 0 0 4087 4081
f2_160 f1h_46 f1h_83 0.46 -0.46 90.66 0 0 0 4097 4090
f2_161 f1w_206 f1w_399 4.4 -4.4 90.4 0 0 0 4082 4087
f2_162 f1h_237 f1w_438 -1.95 1.95 93.11 0 0 0 4104 4116
f2_165 f1h_56 f1w_110 10.45 -10.45 87.22 0 0 0 4098 4103
f2_166 f1h_338 f1h_450 -1.36 1.36 92.91 0 0 0 4108 4107
f2_168 f1h_146 f1h_436 5.4 -5.4 89.22 0 0 0 4105 4101
f2_169 f1h_10 f1w_312 -9.51 9.51 89.43 0 0 0 4118 4106
f2_173 f1h_381 f1w_372 1.01 -1.01 96.34 0 0 0 4095 4100
f2_174 f1h_29 f1h_338 -2.6 2.6 93.69 0 0 0 4087 4079
f2_176 f1h_340 f1h_485 -1.83 1.83 93.32 0 0 0 4101 4097
f2_177 f1h_352 f1h_383 -8.31 8.31 88.16 0 0 0 4098 4101
f2_179 f1w_102 f1w_399 4.39 -4.39 90.8 0 0 0 4111 4101
f2_180 f1h_16 f1h_331 -1.94 1.94 90.52 0 0 0 4078 4088
f2_182 f1w_109 f1w_264 1.72 -1.72 92.8 0 0 0 4098 4100
f2_183 f1h_344 f1h_469 5.97 -5.97 91.65 0 0 0 4097 4107
f2_186 f1h_213 f1h_244 -2.84 2.84 90.05 0 0 0 4101 4108
f2_188 f1h_16 f1h_78 -4.15 4.15 89.51 0 0 0 4083 4090
f2_190 f1w_111 f1w_425 0.87 -0.87 95.39 0 0 0 4106 4112
f2_192 f1w_82 f1w_404 0.52 -0.52 93.56 0 0 0 4092 4101
f2_194 f1h_303 f1h_429 -7.08 7.08 87.48 0 0 0 4095 4089
f2_195 f1h_81 f1h_232 -1.84 1.84 95.81 0 0 0 4107 4104
f2_196 f1h_126 f1w_41 -1.28 1.28 87.15 0 0 0 4085 4077
f2_197 f1h_319 f1h_435 -3.68 3.68 91.52 0 0 0 4103 4111
f2_199 f1h_132 f1w_226 -0.01 0.01 97.18 0 0 0 4104 4107
f2_202 f1h_106 f1h_472 -7.68 7.68 90.33 0 0 0 4110 4102
f2_205 f1h_450 f1w_394 6.24 -6.24 88.86 0 0 0 4099 4085
f2_206 f1w_231 f1w_257 5.48 -5.48 91.61 0 0 0 4105 4096
f2_207 f1h_172 f1h_225 -8.56 8.56 87.34 0 0 0 4092 4091
f2_208 f1h_279 f1w_74 2.39 -2.39 92.22 0 0 0 4097 4108
f2_209 f1w_105 f1w_106 4.53 -4.53 95.56 0 0 0 4104 4100
f2_211 f1w_149 f1w_263 5.63 -5.63 92.85 0 0 0 4111 4110
f2_212 f1w_321 f1w_398 -4 4 90.21 0 0 0 4090 4086
f2_213 f1h_256 f1w_470 -2.47 2.47 93.96 0 0 0 4109 4103
f2_215 f1h_124 f1h_138 -1.37 1.37 96.72 0 0 0 4089 4102
f2_216 f1h_258 f1w_108 -0.84 0.84 98.63 0 0 0 4103 4100
f2_219 f1w_153 f1w_415 -6.72 6.72 89.89 0 0 0 4111 4109
f2_220 f1h_157 f1h_322 2.57 -2.57 91.2 0 0 0 4097 4100
f2_221 f1h_240 f1w_238 0.81 -0.81 91.57 0 0 0 4101 4110
f2_222 f1h_83 f1h_148 -1.47 1.47 91.85 0 0 0 4091 4105
f2_223 f1h_339 f1w_477 -3.96 3.96 91.91 0 0 0 4096 4090
f2_225 f1h_300 f1w_372 -11.16 11.16 91.05 0 0 0 4114 4112
f2_226 f1h_41 f1w_448 -5.75 5.75 89.95 0 0 0 4106 4110
f2_227 f1h_321 f1h_397 -2.89 2.89 93.38 0 0 0 4079 4086
f2_228 f1h_253 f1h_369 -5.02 5.02 92.48 0 0 0 4084 4102
f2_229 f1h_43 f1h_254 -0.22 0.22 92.56 0 0 0 4095 4105
f2_230 f1h_496 f1w_433 -8.34 8.34 92.28 0 0 0 4107 4099
f2_232 f1h_217 f1w_411 -8.69 8.69 88.42 0 0 0 4096 4098
f2_233 f1h_84 f1w_343 -4.89 4.89 89.72 0 0 0 4091 4107
f2_234 f1h_26 f1w_368 8.26 -8.26 86.49 0 0 0 4101 4107
f2_235 f1w_277 f1w_376 -8.07 8.07 86.41 0 0 0 4100 4103
f2_236 f1h_54 f1w_1 -2.27 2.27 90.66 0 0 0 4104 4107
f2_243 f1h_125 f1w_291 1.51 -1.51 95.66 0 0 0 4095 4096
f2_246 f1w_206 f1w_471 -6.06 6.06 90.51 0 0 0 4104 4122
f2_248 f1h_252 f1h_394 -13.03 13.03 83.19 0 0 0 4090 4101
f2_249 f1h_464 f1w_365 -2.07 2.07 92.07 0 0 0 4085 4100
f2_250 f1w_191 f1w_327 -3.25 3.25 96.23 0 0 0 4102 4099
f2_254 f1w_233 f1w_347 2.64 -2.64 91.63 0 0 0 4104 4101
f2_256 f1h_344 f1w_289 -0.5 0.5 97.06 0 0 0 4092 4092
f2_257 f1h_250 f1h_320 4.7 -4.7 94.68 0 0 0 4111 4092
f2_259 f1h_321 f1w_416 -8.04 8.04 85.55 0 0 0 4088 4103
f2_260 f1h_127 f1h_196 -0.06 0.06 119.41 0 0 0 4106 4101
f2_262 f1w_306 f1w_464 7.48 -7.48 85.52 0 0 0 4104 4101
f2_263 f1h_47 f1w_294 -0.6 0.6 94.44 0 0 0 4093 4109
f2_265 f1h_95 f1w_394 -8.98 8.98 87.09 0 0 0 4077 4073
f2_266 f1w_119 f1w_299 1.62 -1.62 90.65 0 0 0 4096 4089
f2_268 f1h_33 f1h_306 -2.86 2.86 91.56 0 0 0 4103 4106
f2_269 f1h_339 f1w_208 -0.45 0.45 90.62 0 0 0 4108 4105
f2_271 f1h_307 f1h_404 5.16 -5.16 91.63 0 0 0 4080 4091
f2_272 f1h_5 f1w_205 5.89 -5.89 92.13 0 0 0 4103 4094
f2_273 f1h_230 f1w_36 6.2 -6.2 88.64 0 0 0 4083 4079
f2_275 f1h_394 f1w_369 1.24 -1.24 89.99 0 0 0 4106 4098
f2_276 f1h_133 f1w_259 3.38 -3.38 94.3 0 0 0 4100 4097
f2_278 f1w_10 f1w_167 2.91 -2.91 91.1 0 0 0 4089 4100
f2_288 f1h_107 f1w_51 2.56 -2.56 97.54 0 0 0 4102 4108
f2_289 f1h_84 f1h_390 -2.24 2.24 93.69 0 0 0 4097 4105
f2_291 f1h_81 f1w_34 -1.32 1.32 90.72 0 0 0 4107 4107
f2_295 f1h_132 f1w_149 0.99 -0.99 88.87 0 0 0 4103 4100
f2_296 f1h_285 f1w_397 3.04 -3.04 92.96 0 0 0 4091 4092
f2_298 f1h_162 f1w_423 1.76 -1.76 93.61 0 0 0 4101 4096
f2_299 f1w_128 f1w_143 -3.74 3.74 95.03 0 0 0 4107 4098
f2_301 f1h_146 f1w_427 4.5 -4.5 92.6 0 0 0 4091 4102
f2_302 f1w_88 f1w_146 -5.23 5.23 94.53 0 0 0 4094 4109
f2_305 f1h_342 f1w_488 3.45 -3.45 93.18 0 0 0 4095 4094
f2_308 f1h_457 f1w_449 -7.5 7.5 89.14 0 0 0 4099 4107
f2_309 f1h_436 f1w_269 -4.36 4.36 93.39 0 0 0 4094 4108
f2_310 f1h_311 f1w_72 -4.11 4.11 99.01 0 0 0 4099 4095
f2_312 f1h_176 f1w_313 -11.13 11.13 91.68 0 0 0 4091 4090
f2_313 f1h_416 f1w_498 -0.33 0.33 86.64 0 0 0 4104 4092
f2_315 f1h_262 f1w_477 -1.75 1.75 95.1 0 0 0 4105 4098
f2_316 f1h_312 f1w_301 -3.45 3.45 92.49 0 0 0 4090 4098
f2_322 f1w_187 f1w_296 -3.4 3.4 98.46 0 0 0 4113 4107
f2_325 f1h_317 f1h_455 6.86 -6.86 93.55 0 0 0 4095 4095
f2_327 f1h_302 f1w_64 2.76 -2.76 91.39 0 0 0 4104 4093
f2_332 f1w_248 f1w_286 -5.37 5.37 91.41 0 0 0 4104 4106
f2_335 f1h_451 f1w_83 -1.25 1.25 96.52 0 0 0 4107 4103
f2_336 f1h_203 f1w_231 -4.5 4.5 89.82 0 0 0 4105 4113
f2_344 f1h_254 f1h_429 0.54 -0.54 89.38 0 0 0 4129 4107
f2_347 f1h_413 f1w_263 -0.92 0.92 89.52 0 0 0 4110 4100
f2_348 f1w_38 f1w_394 4.89 -4.89 84.4 0 0 0 4086 4076
f2_351 f1h_165 f1h_401 1.99 -1.99 90.15 0 0 0 4092 4095
f2_353 f1h_365 f1w_43 -2.34 2.34 89.15 0 0 0 4108 4099
f2_355 f1h_331 f1h_377 1.68 -1.68 97.79 0 0 0 4107 4108
f2_357 f1h_438 f1w_31 4.59 -4.59 92.13 0 0 0 4093 4097
f2_360 f1w_191 f1w_290 -3.31 3.31 89.4 0 0 0 4087 4096
f2_362 f1h_179 f1h_219 0.23 -0.23 95.01 0 0 0 4104 4095
f2_367 f1h_293 f1h_335 -10.02 10.02 95.3 0 0 0 4100 4104
f2_368 f1h_474 f1w_434 1.54 -1.54 93.49 0 0 0 4106 4097
f2_369 f1h_294 f1w_18 4.01 -4.01 93.63 0 0 0 4107 4110
f2_372 f1h_480 f1h_484 9.29 -9.29 107.51 0 0 0 4100 4079
f2_373 f1w_413 f1w_445 5.15 -5.15 93.16 0 0 0 4111 4104
f2_375 f1h_294 f1w_127 -3.69 3.69 95.42 0 0 0 4105 4103
f2_379 f1h_98 f1h_449 4.25 -4.25 95.16 0 0 0 4099 4097
f2_380 f1h_262 f1h_304 0.6 -0.6 89.43 0 0 0 4096 4102
f2_381 f1w_122 f1w_214 0.63 -0.63 95.82 0 0 0 4107 4096
f2_382 f1h_394 f1w_388 -4.89 4.89 92.43 0 0 0 4102 4106
f2_383 f1h_216 f1w_30 -1.07 1.07 95.58 0 0 0 4094 4095
f2_388 f1h_446 f1h_454 0.59 -0.59 97.42 0 0 0 4110 4097
f2_392 f1h_308 f1h_401 2.07 -2.07 94.5 0 0 0 4097 4109
f2_393 f1w_351 f1w_459 7.41 -7.41 88.47 0 0 0 4099 4105
f2_394 f1h_340 f1w_27 1.16 -1.16 96.74 0 0 0 4116 4104
f2_395 f1h_158 f1h_271 -1.41 1.41 97.02 0 0 0 4102 4106
f2_396 f1h_73 f1w_484 -4.09 4.09 90.14 0 0 0 4109 4096
f2_397 f1h_458 f1w_126 11.49 -11.49 83.62 0 0 0 4097 4091
f2_400 f1h_106 f1h_113 -4.13 4.13 88.4 0 0 0 4102 4095
f2_402 f1h_35 f1h_138 -1.1 1.1 94.81 0 0 0 4094 4093
f2_405 f1h_322 f1w_252 -2.31 2.31 94.96 0 0 0 4103 4103
f2_406 f1w_302 f1w_379 -3.92 3.92 92.65 0 0 0 4085 4103
f2_407 f1w_278 f1w_388 -5.26 5.26 92.03 0 0 0 4089 4099
f2_408 f1h_293 f1w_9 1.76 -1.76 94.03 0 0 0 4106 4095
f2_409 f1h_95 f1w_340 8.99 -8.99 90.26 0 0 0 4082 4089
f2_411 f1h_2 f1w_404 -9.87 9.87 85.87 0 0 0 4085 4092
f2_415 f1h_161 f1h_478 0.26 -0.26 93.77 0 0 0 4082 4103
f2_416 f1h_227 f1h_408 2.95 -2.95 89.93 0 0 0 4113 4119
f2_420 f1w_53 f1w_211 -3.51 3.51 91.07 0 0 0 4104 4094
f2_421 f1h_435 f1w_277 1.72 -1.72 91.88 0 0 0 4093 4093
f2_424 f1h_192 f1w_214 3.36 -3.36 92.46 0 0 0 4104 4101
f2_425 f1h_16 f1w_18 -2.75 2.75 93.3 0 0 0 4096 4112
f2_428 f1h_489 f1w_85 7.25 -7.25 93.54 0 0 0 4112 4097
f2_430 f1h_473 f1w_468 8.03 -8.03 89.81 0 0 0 4089 4097
f2_431 f1h_284 f1h_430 -6.75 6.75 89.25 0 0 0 4097 4101
f2_432 f1h_161 f1w_57 9.23 -9.23 91.37 0 0 0 4086 4089
f2_436 f1h_378 f1h_464 -4.81 4.81 93.08 0 0 0 4109 4090
f2_437 f1h_175 f1h_374 -0.28 0.28 86.38 0 0 0 4112 4111
f2_438 f1h_344 f1w_174 7.16 -7.16 87.86 0 0 0 4099 4104
f2_439 f1w_13 f1w_102 -4.48 4.48 91.49 0 0 0 4102 4108
f2_441 f1w_297 f1w_441 0.8 -0.8 96.89 0 0 0 4106 4117
f2_443 f1w_58 f1w_475 -6.01 6.01 90.3 0 0 0 4096 4090
f2_444 f1h_22 f1w_308 -4.39 4.39 93.68 0 0 0 4098 4105
f2_446 f1h_480 f1w_332 -5.68 5.68 87.71 0 0 0 4112 4107
f2_447 f1h_285 f1w_365 -5.27 5.27 93.47 0 0 0 4099 4104
f2_454 f1w_79 f1w_375 -4.2 4.2 91.31 0 0 0 4086 4087
f2_455 f1w_54 f1w_491 -0.04 0.04 94.56 0 0 0 4092 4098
f2_456 f1h_234 f1w_442 4 -4 93.61 0 0 0 4110 4105
f2_458 f1h_452 f1w_272 2.15 -2.15 87.01 0 0 0 4096 4110
f2_459 f1h_10 f1w_39 -5.73 5.73 89.89 0 0 0 4099 4096
f2_462 f1h_153 f1h_412 4.51 -4.51 99.16 0 0 0 4113 4111
f2_463 f1w_403 f1w_414 -3.49 3.49 89.99 0 0 0 4085 4098
f2_466 f1h_87 f1w_408 1.12 -1.12 94.95 0 0 0 4106 4098
f2_467 f1h_382 f1h_460 -5.01 5.01 89.7 0 0 0 4104 4094
f2_472 f1h_405 f1h_409 9.44 -9.44 87.64 0 0 0 4091 4102
f2_473 f1h_20 f1h_427 7.02 -7.02 91.03 0 0 0 4104 4109
f2_475 f1h_256 f1w_122 2.17 -2.17 92.91 0 0 0 4102 4098
f2_476 f1w_190 f1w_267 -4.33 4.33 95.34 0 0 0 4084 4084
f2_477 f1h_56 f1w_141 6.39 -6.39 85.1 0 0 0 4094 4092
f2_479 f1w_124 f1w_292 3.34 -3.34 91.75 0 0 0 4107 4095
f2_480 f1h_286 f1w_286 -6.02 6.02 90.35 0 0 0 4106 4102
f2_482 f1h_25 f1h_324 -10.4 10.4 88.15 0 0 0 4102 4112
f2_484 f1h_346 f1w_272 2.08 -2.08 95.24 0 0 0 4104 4115
f2_485 f1w_140 f1w_323 6.57 -6.57 95.92 0 0 0 4103 4093
f2_486 f1h_342 f1w_498 -6.74 6.74 90.92 0 0 0 4087 4086
f2_487 f1h_391 f1w_122 0.05 -0.05 94.97 0 0 0 4095 4103
f2_488 f1w_463 f1w_486 -5.63 5.63 89.16 0 0 0 4117 4109
f2_489 f1w_218 f1w_338 -3.18 3.18 94.05 0 0 0 4095 4108
f2_490 f1h_131 f1h_175 1.94 -1.94 87.73 0 0 0 4093 4107
f2_491 f1h_365 f1w_191 -9.06 9.06 91.4 0 0 0 4104 4095
f2_492 f1w_275 f1w_468 -3.3 3.3 89.87 0 0 0 4096 4109
f2_493 f1w_28 f1w_320 4.55 -4.55 93.51 0 0 0 4081 4097
f2_494 f1w_74 f1w_336 -7.78 7.78 86 0 0 0 4099 4095
f2_496 f1h_356 f1w_71 -3.49 3.49 91.41 0 0 0 4104 4101
f2_497 f1w_85 f1w_164 -1.55 1.55 92.47 0 0 0 4097 4105
f2_500 f1w_319 f1w_371 8.84 -8.84 90.39 0 0 0 4104 4115
f2_502 f1h_202 f1w_333 6.54 -6.54 88.44 0 0 0 4106 4115
f2_503 f1w_288 f1w_453 1.67 -1.67 89.99 0 0 0 4089 4098
f2_505 f1h_490 f1w_388 -9.89 9.89 84.06 0 0 0 4103 4099
f2_507 f1h_355 f1w_74 2.96 -2.96 91.61 0 0 0 4101 4122
f2_508 f1h_436 f1w_243 -6.43 6.43 91.08 0 0 0 4098 4098
f2_509 f1h_73 f1w_413 -5 5 93.83 0 0 0 4109 4114
f2_510 f1h_147 f1h_231 5.22 -5.22 90.22 0 0 0 4115 4113
f2_513 f1h_139 f1w_266 7.13 -7.13 92.1 0 0 0 4094 4092
f2_514 f1h_391 f1h_392 -2.14 2.14 94.95 0 0 0 4087 4095
f2_515 f1h_258 f1w_119 1.06 -1.06 90.98 0 0 0 4099 4091
f2_524 f1h_59 f1w_163 4.38 -4.38 95.68 0 0 0 4116 4113
f2_525 f1h_277 f1w_52 6.11 -6.11 91.72 0 0 0 4110 4113
f2_529 f1h_264 f1w_75 3.6 -3.6 93.91 0 0 0 4086 4101
f2_530 f1w_151 f1w_159 -6.3 6.3 88.25 0 0 0 4094 4091
f2_531 f1h_7 f1h_444 3.09 -3.09 94.27 0 0 0 4082 4099
f2_532 f1h_222 f1h_333 -4.19 4.19 86.77 0 0 0 4097 4095
f2_533 f1h_254 f1w_109 -6.18 6.18 87.85 0 0 0 4106 4090
f2_534 f1w_27 f1w_55 -0.1 0.1 96.05 0 0 0 4099 4098
f2_538 f1w_14 f1w_365 2.83 -2.83 90.75 0 0 0 4095 4099
f2_542 f1w_395 f1w_475 7.62 -7.62 93.59 0 0 0 4109 4093
f2_544 f1h_199 f1w_224 -2.44 2.44 92.26 0 0 0 4103 4098
f2_549 f1h_102 f1h_455 -8.7 8.7 116.31 0 0 0 4114 4103
f2_554 f1h_401 f1h_455 -0.78 0.78 94.5 0 0 0 4110 4104
f2_556 f1h_258 f1w_373 6.58 -6.58 97.15 0 0 0 4109 4100
f2_561 f1h_93 f1w_452 -4.76 4.76 83.7 0 0 0 4095 4104
f2_562 f1h_239 f1h_339 4.45 -4.45 90.32 0 0 0 4099 4094
f2_564 f1w_281 f1w_403 -3.66 3.66 89.31 0 0 0 4099 4082
f2_566 f1h_30 f1w_154 -1.85 1.85 87.74 0 0 0 4104 4098
f2_567 f1w_129 f1w_414 -3.19 3.19 97.53 0 0 0 4109 4101
f2_568 f1h_339 f1h_416 0.78 -0.78 89.16 0 0 0 4092 4097
f2_569 f1h_82 f1h_405 1.89 -1.89 89.54 0 0 0 4107 4089
f2_570 f1w_311 f1w_360 3.88 -3.88 92.67 0 0 0 4100 4105
f2_573 f1w_202 f1w_411 1.53 -1.53 95.24 0 0 0 4104 4095
f2_575 f1w_262 f1w_427 2.95 -2.95 88.24 0 0 0 4110 4116
f2_576 f1h_192 f1h_240 2.22 -2.22 90.77 0 0 0 4096 4092
f2_583 f1h_328 f1w_427 -2.89 2.89 91.49 0 0 0 4092 4096
f2_584 f1h_80 f1h_284 6.54 -6.54 92.65 0 0 0 4092 4096
f2_588 f1w_246 f1w_248 -1.01 1.01 97.72 0 0 0 4094 4102
f2_589 f1h_265 f1h_459 0.45 -0.45 90.94 0 0 0 4075 4079
f2_593 f1h_1 f1w_298 1.9 -1.9 89.3 0 0 0 4097 4097
f2_594 f1h_302 f1w_473 -4.99 4.99 91.7 0 0 0 4116 4113
f2_597 f1h_127 f1w_342 -4.93 4.93 91.55 0 0 0 4097 4106
f2_599 f1w_152 f1w_493 -5.23 5.23 94.55 0 0 0 4103 4095
f2_600 f1h_71 f1h_88 -4.25 4.25 98.53 0 0 0 4111 4102
f2_601 f1h_208 f1w_76 -2.32 2.32 94.19 0 0 0 4093 4090
f2_602 f1h_39 f1w_297 3.12 -3.12 92.28 0 0 0 4114 4099
f2_605 f1h_156 f1h_410 1.89 -1.89 91.36 0 0 0 4104 4097
f2_606 f1w_111 f1w_351 -3.1 3.1 89.84 0 0 0 4106 4113
f2_608 f1h_370 f1h_426 6.87 -6.87 87.01 0 0 0 4123 4106
f2_609 f1h_106 f1h_352 -0.19 0.19 97.86 0 0 0 4098 4102
f2_612 f1h_214 f1w_467 -1.56 1.56 92 0 0 0 4103 4103
f2_613 f1h_390 f1w_43 -11.06 11.06 86.01 0 0 0 4093 4088
f2_617 f1h_145 f1w_390 9.38 -9.38 86.74 0 0 0 4095 4088
f2_619 f1h_198 f1w_58 -4.64 4.64 93.28 0 0 0 4107 4100
f2_620 f1h_162 f1h_248 -2.27 2.27 92.25 0 0 0 4104 4089
f2_623 f1h_476 f1w_441 8.48 -8.48 91.1 0 0 0 4104 4106
f2_631 f1h_333 f1w_390 -0.38 0.38 94.44 0 0 0 4094 4093
f2_632 f1h_427 f1w_72 10.23 -10.23 88.75 0 0 0 4092 4084
f2_634 f1w_223 f1w_379 9.13 -9.13 90.15 0 0 0 4097 4105
f2_640 f1h_157 f1w_349 -2.58 2.58 92.36 0 0 0 4090 4094
f2_642 f1h_341 f1h_346 -1.81 1.81 94.04 0 0 0 4089 4095
f2_643 f1h_92 f1w_263 5.97 -5.97 89.49 0 0 0 4106 4099
f2_644 f1h_126 f1w_262 -3.2 3.2 94.81 0 0 0 4092 4096
f2_645 f1w_72 f1w_450 -4.7 4.7 92.5 0 0 0 4101 4106
f2_651 f1h_436 f1w_458 9.72 -9.72 89.06 0 0 0 4087 4087
f2_655 f1h_480 f1w_203 -3.56 3.56 95.45 0 0 0 4107 4096
f2_656 f1h_279 f1w_30 2.73 -2.73 91.81 0 0 0 4102 4097
f2_658 f1h_209 f1h_465 5.83 -5.83 89.12 0 0 0 4101 4111
f2_659 f1w_109 f1w_424 3.34 -3.34 95.36 0 0 0 4097 4107
f2_662 f1h_41 f1h_140 -2.84 2.84 92.32 0 0 0 4101 4111
f2_663 f1h_47 f1h_476 2.35 -2.35 90.53 0 0 0 4097 4113
f2_664 f1h_418 f1w_381 -6.81 6.81 92.96 0 0 0 4096 4081
f2_665 f1h_118 f1w_54 -0.14 0.14 92.62 0 0 0 4106 4099
f2_666 f1w_151 f1w_450 2.52 -2.52 94.39 0 0 0 4103 4104
f2_667 f1h_98 f1h_368 1.55 -1.55 92.85 0 0 0 4110 4108
f2_668 f1w_420 f1w_441 -2.55 2.55 91.95 0 0 0 4093 4100
f2_669 f1h_258 f1w_221 3.07 -3.07 94.77 0 0 0 4095 4100
f2_675 f1h_147 f1w_434 -3.45 3.45 91.62 0 0 0 4094 4094
f2_678 f1h_308 f1h_410 -4.56 4.56 90.1 0 0 0 4089 4093
f2_679 f1h_127 f1h_355 0.69 -0.69 92.43 0 0 0 4110 4100
f2_680 f1h_179 f1h_380 -6.47 6.47 93.7 0 0 0 4100 4084
f2_681 f1h_404 f1w_422 4.49 -4.49 86.95 0 0 0 4111 4114
f2_685 f1h_400 f1h_405 4.08 -4.08 89.74 0 0 0 4103 4090
f2_686 f1h_107 f1w_347 5.64 -5.64 92.17 0 0 0 4096 4094
f2_687 f1h_19 f1w_296 2.7 -2.7 90.55 0 0 0 4109 4105
f2_689 f1h_190 f1w_284 0.04 -0.04 95.31 0 0 0 4096 4111
f2_691 f1h_251 f1h_419 -0.35 0.35 93.02 0 0 0 4081 4106
f2_694 f1h_93 f1w_279 6.56 -6.56 87.54 0 0 0 4100 4096
f2_695 f1h_167 f1w_213 3.57 -3.57 93.95 0 0 0 4103 4107
f2_697 f1h_190 f1w_319 5.47 -5.47 88.37 0 0 0 4085 4088
f2_699 f1w_39 f1w_368 14.93 -14.93 88.56 0 0 0 4109 4112
f2_707 f1h_451 f1w_24 3.37 -3.37 89.27 0 0 0 4090 4091
f2_709 f1h_205 f1w_133 -2.31 2.31 87.09 0 0 0 4102 4111
f2_711 f1h_496 f1w_368 1.47 -1.47 95.38 0 0 0 4103 4111
f2_712 f1h_373 f1w_199 5.39 -5.39 90.23 0 0 0 4097 4094
f2_715 f1h_171 f1h_460 -0.43 0.43 90.75 0 0 0 4070 4086
f2_719 f1h_262 f1h_450 -1.52 1.52 93.95 0 0 0 4093 4092
f2_720 f1h_178 f1w_252 -4.02 4.02 88.05 0 0 0 4102 4104
f2_721 f1h_141 f1h_230 2.86 -2.86 88.59 0 0 0 4101 4098
f2_724 f1h_360 f1w_174 -5.52 5.52 91.01 0 0 0 4093 4111
f2_726 f1h_414 f1w_222 -3.72 3.72 92.28 0 0 0 4096 4080
f2_727 f1h_159 f1w_90 6.73 -6.73 91.01 0 0 0 4104 4098
f2_729 f1h_425 f1w_75 4.89 -4.89 90.46 0 0 0 4104 4105
f2_730 f1h_145 f1h_230 2.82 -2.82 86.92 0 0 0 4091 4087
f2_732 f1w_65 f1w_449 -3.67 3.67 95.09 0 0 0 4102 4112
f2_733 f1w_267 f1w_440 0.55 -0.55 93.46 0 0 0 4083 4105
f2_735 f1h_455 f1w_465 1.68 -1.68 94.21 0 0 0 4101 4100
f2_736 f1h_489 f1w_89 -5.96 5.96 91.65 0 0 0 4108 4101
f2_737 f1h_46 f1w_349 -6.43 6.43 91.53 0 0 0 4106 4111
f2_739 f1h_217 f1w_160 -0.72 0.72 96.52 0 0 0 4084 4090
f2_744 f1h_256 f1w_263 1.07 -1.07 89.87 0 0 0 4104 4095
f2_745 f1h_166 f1w_55 2.28 -2.28 92.42 0 0 0 4105 4097
f2_748 f1h_257 f1w_54 5.4 -5.4 89.71 0 0 0 4110 4098
f2_754 f1w_365 f1w_424 8.1 -8.1 89.47 0 0 0 4102 4105
f2_757 f1h_60 f1h_170 5.27 -5.27 89.63 0 0 0 4087 4090
f2_758 f1h_230 f1h_339 -0.81 0.81 93.79 0 0 0 4091 4096
f2_759 f1w_296 f1w_371 -0.69 0.69 96.66 0 0 0 4097 4102
f2_760 f1h_228 f1h_473 1.64 -1.64 94.39 0 0 0 4101 4106
f2_762 f1w_70 f1w_230 4.53 -4.53 96.52 0 0 0 4099 4099
f2_764 f1w_41 f1w_224 -0.12 0.12 94.81 0 0 0 4084 4088
f2_766 f1h_414 f1w_92 -4.52 4.52 90.58 0 0 0 4096 4089
f2_767 f1h_321 f1w_356 -5.74 5.74 88.84 0 0 0 4084 4086
f2_769 f1h_35 f1h_234 -9.25 9.25 90.52 0 0 0 4105 4101
f2_770 f1h_51 f1w_297 -4.6 4.6 91.89 0 0 0 4115 4109
f2_771 f1h_240 f1w_399 2.91 -2.91 89.21 0 0 0 4090 4097
f2_772 f1h_388 f1w_111 0.73 -0.73 89.21 0 0 0 4108 4104
f2_773 f1w_202 f1w_261 7.13 -7.13 89.24 0 0 0 4106 4098
f2_774 f1h_80 f1h_482 6.11 -6.11 87.3 0 0 0 4091 4086
f2_778 f1h_104 f1w_283 -0.17 0.17 93.57 0 0 0 4123 4123
f2_781 f1h_475 f1w_105 -3.49 3.49 90.42 0 0 0 4084 4089
f2_782 f1w_199 f1w_428 4.13 -4.13 94.08 0 0 0 4093 4095
f2_784 f1w_424 f1w_444 0.23 -0.23 98.46 0 0 0 4115 4110
f2_785 f1h_90 f1h_323 11.12 -11.12 85.74 0 0 0 4085 4086
f2_786 f1h_187 f1w_393 -7.2 7.2 93.41 0 0 0 4095 4091
f2_787 f1h_291 f1w_101 3.45 -3.45 94.4 0 0 0 4110 4109
f2_789 f1h_308 f1h_451 -3.48 3.48 92.13 0 0 0 4101 4102
f2_791 f1h_60 f1h_401 -10.67 10.67 88.43 0 0 0 4109 4118
f2_797 f1w_72 f1w_232 6.35 -6.35 95.49 0 0 0 4085 4084
f2_798 f1w_160 f1w_353 1.77 -1.77 91.68 0 0 0 4097 4101
f2_799 f1h_124 f1h_399 2.16 -2.16 93.01 0 0 0 4108 4122
f2_800 f1w_74 f1w_456 4.72 -4.72 90.69 0 0 0 4114 4114
f2_803 f1h_141 f1h_158 4 -4 94.69 0 0 0 4094 4096
f2_804 f1h_450 f1w_252 4.08 -4.08 89.03 0 0 0 4102 4102
f2_806 f1h_146 f1h_354 2.42 -2.42 91.85 0 0 0 4094 4102
f2_808 f1w_26 f1w_112 -9.19 9.19 91.81 0 0 0 4097 4089
f2_809 f1h_306 f1w_21 0.13 -0.13 93.75 0 0 0 4107 4105
f2_810 f1h_365 f1w_343 8.9 -8.9 87.33 0 0 0 4104 4107
f2_811 f1h_328 f1h_451 8.25 -8.25 93.83 0 0 0 4099 4091
f2_812 f1h_362 f1w_53 -1.48 1.48 96.77 0 0 0 4097 4102
f2_816 f1h_136 f1h_460 -0.01 0.01 97.95 0 0 0 4106 4093
f2_817 f1h_290 f1w_218 -0.5 0.5 95.12 0 0 0 4097 4090
f2_820 f1h_298 f1h_305 1.01 -1.01 89.38 0 0 0 4106 4095
f2_821 f1h_381 f1w_218 -1.49 1.49 95.58 0 0 0 4088 4086
f2_823 f1w_229 f1w_381 2.7 -2.7 88.41 0 0 0 4092 4099
f2_824 f1h_136 f1w_159 -1.01 1.01 93.37 0 0 0 4111 4098
f2_826 f1h_208 f1w_369 3.52 -3.52 92.32 0 0 0 4105 4096
f2_831 f1h_464 f1w_72 1.44 -1.44 97.27 0 0 0 4091 4100
f2_833 f1h_20 f1h_102 2.65 -2.65 97.81 0 0 0 4103 4115
f2_835 f1h_4 f1w_299 -4.32 4.32 95.83 0 0 0 4088 4085
f2_837 f1h_167 f1w_126 4.64 -4.64 94.25 0 0 0 4110 4101
f2_840 f1h_11 f1h_206 1.66 -1.66 92.88 0 0 0 4104 4100
f2_842 f1w_41 f1w_491 -1.64 1.64 92.25 0 0 0 4090 4101
f2_843 f1h_157 f1h_260 -0.79 0.79 90.37 0 0 0 4090 4081
f2_848 f1w_134 f1w_475 11.95 -11.95 88.87 0 0 0 4098 4092
f2_849 f1w_8 f1w_468 6.92 -6.92 88.87 0 0 0 4101 4099
f2_853 f1h_369 f1w_27 11.69 -11.69 90.48 0 0 0 4096 4087
f2_854 f1h_378 f1w_89 -7.73 7.73 89.42 0 0 0 4110 4106
f2_855 f1h_405 f1w_1 8.84 -8.84 90.33 0 0 0 4089 4103
f2_857 f1h_126 f1w_226 3.49 -3.49 94.12 0 0 0 4095 4100
f2_859 f1h_328 f1w_353 -6.45 6.45 87.94 0 0 0 4103 4103
f2_861 f1h_41 f1h_316 -0.89 0.89 93.45 0 0 0 4086 4092
f2_864 f1h_296 f1h_407 -5.84 5.84 89.64 0 0 0 4101 4098
f2_867 f1h_133 f1h_136 -1.44 1.44 90.94 0 0 0 4091 4101
f2_870 f1h_17 f1h_145 3.46 -3.46 90.7 0 0 0 4103 4098
f2_872 f1h_318 f1w_127 8.54 -8.54 87.16 0 0 0 4089 4098
f2_874 f1h_1 f1w_162 5.71 -5.71 88.68 0 0 0 4110 4102
f2_876 f1h_148 f1w_114 5.26 -5.26 92.54 0 0 0 4103 4093
f2_877 f1h_285 f1w_302 -6.93 6.93 90.63 0 0 0 4102 4091
f2_880 f1h_344 f1w_151 -5.25 5.25 90.46 0 0 0 4091 4091
f2_885 f1w_304 f1w_311 -2.96 2.96 92.7 0 0 0 4111 4098
f2_888 f1h_50 f1w_284 -1.12 1.12 93.69 0 0 0 4102 4109
f2_889 f1h_312 f1w_415 8.77 -8.77 93.14 0 0 0 4090 4105
f2_890 f1w_312 f1w_420 -2.45 2.45 90.91 0 0 0 4100 4111
f2_894 f1h_102 f1h_149 2.25 -2.25 94.8 0 0 0 4098 4082
f2_897 f1w_35 f1w_193 0.77 -0.77 93.83 0 0 0 4081 4079
f2_900 f1h_183 f1w_106 0.41 -0.41 90.09 0 0 0 4101 4100
f2_901 f1w_488 f1w_491 -5.12 5.12 89.73 0 0 0 4099 4105
f2_902 f1h_24 f1h_244 -7.56 7.56 94.59 0 0 0 4097 4108
f2_905 f1h_60 f1w_358 4.24 -4.24 93.91 0 0 0 4101 4091
f2_908 f1h_217 f1w_164 -0.66 0.66 92.58 0 0 0 4091 4097
f2_910 f1h_114 f1w_19 0.42 -0.42 91.58 0 0 0 4087 4082
f2_912 f1h_3 f1h_101 3.17 -3.17 90.12 0 0 0 4104 4103
f2_914 f1h_18 f1h_108 0.64 -0.64 94.38 0 0 0 4107 4098
f2_919 f1h_83 f1w_146 -5.73 5.73 87.92 0 0 0 4086 4096
f2_920 f1h_419 f1h_435 -3.06 3.06 92.76 0 0 0 4110 4097
f2_921 f1h_171 f1h_196 -0.31 0.31 91.12 0 0 0 4073 4090
f2_923 f1h_141 f1w_27 -3.63 3.63 89.79 0 0 0 4090 4089
f2_925 f1h_303 f1w_427 -2.7 2.7 92.6 0 0 0 4095 4105
f2_927 f1h_284 f1w_336 -4.81 4.81 89.02 0 0 0 4098 4109
f2_928 f1h_92 f1w_364 5.49 -5.49 90.87 0 0 0 4096 4088
f2_929 f1h_214 f1h_285 0.97 -0.97 92.8 0 0 0 4104 4098
f2_932 f1h_29 f1w_333 -5.11 5.11 94.25 0 0 0 4104 4111
f2_935 f1h_439 f1w_488 3.97 -3.97 96.58 0 0 0 4104 4101
f2_936 f1h_322 f1h_462 0.23 -0.23 89.93 0 0 0 4093 4099
f2_937 f1h_230 f1h_475 4.16 -4.16 91.44 0 0 0 4101 4104
f2_938 f1h_17 f1h_232 1.2 -1.2 94.83 0 0 0 4102 4097
f2_940 f1h_235 f1w_213 -6.47 6.47 93.17 0 0 0 4090 4102
f2_946 f1h_221 f1w_363 -11.28 11.28 89.18 0 0 0 4110 4093
f2_947 f1h_429 f1w_457 7.21 -7.21 91.98 0 0 0 4082 4090
f2_948 f1h_41 f1h_113 -0.01 0.01 93.08 0 0 0 4101 4098
f2_950 f1h_213 f1w_418 3.16 -3.16 93.86 0 0 0 4087 4084
f2_952 f1h_186 f1w_492 -9.11 9.11 86.6 0 0 0 4108 4112
f2_953 f1h_485 f1w_265 0.99 -0.99 94.45 0 0 0 4094 4097
f2_954 f1h_365 f1w_162 2.08 -2.08 94.14 0 0 0 4104 4099
f2_956 f1h_262 f1w_247 -9 9 85.61 0 0 0 4101 4086
f2_957 f1h_460 f1w_9 -2.66 2.66 91.47 0 0 0 4097 4098
f2_963 f1h_473 f1w_247 7.08 -7.08 91.51 0 0 0 4099 4089
f2_964 f1h_341 f1w_398 -3.81 3.81 93.19 0 0 0 4097 4098
f2_967 f1h_141 f1w_3 -2.18 2.18 96.97 0 0 0 4090 4082
f2_972 f1w_41 f1w_360 6.61 -6.61 93.06 0 0 0 4087 4099
f2_975 f1w_60 f1w_321 6.25 -6.25 87.82 0 0 0 4097 4106
f2_978 f1w_4 f1w_63 -1.51 1.51 92.84 0 0 0 4085 4093
f2_979 f1h_189 f1w_310 -6.17 6.17 92.61 0 0 0 4092 4091
f2_980 f1h_412 f1w_135 1.99 -1.99 93.64 0 0 0 4103 4101
f2_982 f1h_404 f1w_360 -1.42 1.42 96.7 0 0 0 4109 4106
f2_983 f1h_350 f1w_151 -3.74 3.74 92.46 0 0 0 4096 4098
f2_985 f1w_463 f1w_488 8.62 -8.62 96.19 0 0 0 4113 4096
f2_988 f1w_94 f1w_355 0.8 -0.8 96.83 0 0 0 4102 4112
f2_990 f1h_368 f1h_415 4.51 -4.51 91.97 0 0 0 4092 4078
f2_994 f1w_124 f1w_302 -8.97 8.97 89.46 0 0 0 4114 4087
f2_997 f1h_106 f1h_220 -3.69 3.69 88.37 0 0 0 4095 4097
f2_999 f1w_214 f1w_452 10.51 -10.51 90.08 0 0 0 4086 4100
