id parent1 parent2 LLRparent1 LLRparent2 LLRpair OHparent1 OHparent2 MEpair SNPd.id.parent1 SNPd.id.parent2
f1h_1 f0_104 f0_111 -6.47 6.47 145.11 0 0 0 6615 6653
f1h_2 f0_7 f0_143 5.8 -5.8 145.81 0 0 0 6739 6685
f1h_6 f0_8 f0_161 5.11 -5.11 140.98 0 0 0 6688 6692
f1h_9 f0_108 f0_198 -1.68 1.68 146.18 0 0 0 6638 6639
f1h_10 f0_110 f0_172 9.2 -9.2 140.81 0 0 0 6733 6695
f1h_16 f0_13 f0_87 0.89 -0.89 151.74 0 0 0 6677 6673
f1h_19 f0_4 f0_119 -7.06 7.06 147.5 0 0 0 6593 6669
f1h_21 f0_2 f0_184 -6.89 6.89 144.54 0 0 0 6694 6719
f1h_23 f0_87 f0_133 1.25 -1.25 150.49 0 0 0 6728 6710
f1h_24 f0_149 f0_156 -10.07 10.07 145.45 0 0 0 6697 6718
f1h_27 f0_188 f0_194 -10.04 10.04 144.76 0 0 0 6632 6664
f1h_29 f0_22 f0_142 -3.15 3.15 143.37 0 0 0 6665 6652
f1h_33 f0_110 f0_165 -1.73 1.73 146.96 0 0 0 6710 6674
f1h_35 f0_25 f0_47 0.61 -0.61 143.87 0 0 0 6636 6636
f1h_37 f0_37 f0_55 2.31 -2.31 145.09 0 0 0 6710 6723
f1h_38 f0_2 f0_182 -2.39 2.39 146.33 0 0 0 6661 6622
f1h_39 f0_75 f0_142 -4.69 4.69 146.07 0 0 0 6745 6686
f1h_41 f0_39 f0_168 5.4 -5.4 147.26 0 0 0 6710 6679
f1h_43 f0_48 f0_65 3.13 -3.13 144.87 0 0 0 6656 6640
f1h_44 f0_89 f0_160 -12.89 12.89 136.52 0 0 0 6633 6694
f1h_46 f0_88 f0_159 -4.3 4.3 146.2 0 0 0 6629 6675
f1h_48 f0_122 f0_127 -5.51 5.51 146.71 0 0 0 6641 6698
f1h_52 f0_99 f0_135 7.27 -7.27 142.78 0 0 0 6720 6756
f1h_56 f0_97 f0_174 12.63 -12.63 139.7 0 0 0 6657 6655
f1h_57 f0_95 f0_124 6.03 -6.03 146.5 0 0 0 6689 6742
f1h_60 f0_120 f0_175 10.97 -10.97 144.18 0 0 0 6747 6742
f1h_67 f0_59 f0_79 -3.83 3.83 146.76 0 0 0 6651 6678
f1h_68 f0_74 f0_118 -0.71 0.71 148.42 0 0 0 6709 6639
f1h_69 f0_42 f0_63 2.22 -2.22 150.96 0 0 0 6747 6717
f1h_71 f0_41 f0_75 7.18 -7.18 151.15 0 0 0 6663 6705
f1h_79 f0_24 f0_67 1.6 -1.6 153.37 0 0 0 6747 6707
f1h_81 f0_60 f0_102 -2.04 2.04 144.33 0 0 0 6671 6662
f1h_86 f0_24 f0_121 -0.61 0.61 150.44 0 0 0 6744 6687
f1h_88 f0_58 f0_84 9.91 -9.91 145.99 0 0 0 6697 6660
f1h_89 f0_43 f0_132 -9.38 9.38 148.44 0 0 0 6700 6714
f1h_92 f0_8 f0_86 -2.12 2.12 152.49 0 0 0 6648 6661
f1h_94 f0_44 f0_170 -10.1 10.1 136.94 0 0 0 6630 6635
f1h_101 f0_30 f0_120 -0.01 0.01 153.39 0 0 0 6722 6771
f1h_109 f0_135 f0_190 -4.25 4.25 148.95 0 0 0 6721 6672
f1h_111 f0_114 f0_167 -0.82 0.82 146.59 0 0 0 6621 6652
f1h_112 f0_124 f0_134 -0.89 0.89 149.68 0 0 0 6708 6683
f1h_114 f0_96 f0_102 2.34 -2.34 151.7 0 0 0 6690 6695
f1h_115 f0_38 f0_156 -2.26 2.26 150.93 0 0 0 6730 6696
f1h_117 f0_12 f0_56 9.17 -9.17 147.88 0 0 0 6728 6764
f1h_118 f0_73 f0_74 11.36 -11.36 146.82 0 0 0 6670 6710
f1h_121 f0_57 f0_89 6.21 -6.21 142.37 0 0 0 6682 6671
f1h_123 f0_73 f0_88 3.87 -3.87 143.24 0 0 0 6655 6656
f1h_124 f0_32 f0_58 2.69 -2.69 147.08 0 0 0 6737 6751
f1h_126 f0_145 f0_154 1.11 -1.11 149.96 0 0 0 6712 6708
f1h_128 f0_28 f0_127 8.86 -8.86 143.12 0 0 0 6666 6718
f1h_134 f0_193 f0_195 10.17 -10.17 142.73 0 0 0 6710 6701
f1h_140 f0_31 f0_94 10.87 -10.87 148.42 0 0 0 6648 6715
f1h_141 f0_13 f0_162 -4.34 4.34 148.12 0 0 0 6680 6647
f1h_144 f0_101 f0_114 -6.67 6.67 149 0 0 0 6667 6678
f1h_146 f0_118 f0_146 -12.98 12.98 139.72 0 0 0 6665 6695
f1h_149 f0_78 f0_200 -1.3 1.3 148.83 0 0 0 6677 6679
f1h_150 f0_7 f0_195 -6.97 6.97 144.02 0 0 0 6712 6680
f1h_151 f0_169 f0_172 2.59 -2.59 149.59 0 0 0 6693 6700
f1h_152 f0_76 f0_194 -1.9 1.9 147.25 0 0 0 6741 6739
f1h_155 f0_1 f0_91 -1.27 1.27 143.91 0 0 0 6698 6647
f1h_156 f0_76 f0_182 5.55 -5.55 147.13 0 0 0 6711 6661
f1h_157 f0_46 f0_47 14.3 -14.3 141.87 0 0 0 6692 6670
f1h_158 f0_147 f0_158 -5.65 5.65 150 0 0 0 6689 6682
f1h_161 f0_121 f0_179 2.68 -2.68 147.55 0 0 0 6713 6705
f1h_166 f0_95 f0_97 2.82 -2.82 149.16 0 0 0 6726 6725
f1h_171 f0_170 f0_182 4.13 -4.13 146.09 0 0 0 6703 6621
f1h_172 f0_9 f0_33 7.38 -7.38 151.66 0 0 0 6666 6669
f1h_173 f0_20 f0_137 4.78 -4.78 148.65 0 0 0 6711 6697
f1h_174 f0_52 f0_111 -8.96 8.96 144.58 0 0 0 6659 6661
f1h_176 f0_19 f0_120 6.29 -6.29 140.83 0 0 0 6687 6744
f1h_179 f0_61 f0_173 -2.39 2.39 144.72 0 0 0 6669 6682
f1h_180 f0_42 f0_67 -8.09 8.09 143.43 0 0 0 6711 6688
f1h_181 f0_76 f0_163 3.91 -3.91 147.3 0 0 0 6679 6675
f1h_185 f0_23 f0_115 -0.32 0.32 150.67 0 0 0 6667 6660
f1h_188 f0_154 f0_176 8.23 -8.23 138.16 0 0 0 6685 6686
f1h_189 f0_4 f0_41 4.46 -4.46 147.45 0 0 0 6632 6664
f1h_192 f0_60 f0_175 1.94 -1.94 143.59 0 0 0 6675 6678
f1h_204 f0_29 f0_115 -7.53 7.53 146.43 0 0 0 6715 6685
f1h_205 f0_8 f0_125 8.04 -8.04 142.17 0 0 0 6668 6692
f1h_208 f0_14 f0_198 2.11 -2.11 151.52 0 0 0 6671 6694
f1h_211 f0_23 f0_131 8.93 -8.93 140.13 0 0 0 6678 6689
f1h_214 f0_95 f0_135 -2.26 2.26 152.88 0 0 0 6652 6710
f1h_215 f0_185 f0_190 8.18 -8.18 141.01 0 0 0 6749 6751
f1h_218 f0_20 f0_52 8.94 -8.94 141.6 0 0 0 6706 6680
f1h_220 f0_72 f0_166 0.01 -0.01 145.41 0 0 0 6657 6676
f1h_222 f0_175 f0_196 1.44 -1.44 148.69 0 0 0 6717 6695
f1h_223 f0_1 f0_36 -6.19 6.19 149.16 0 0 0 6715 6666
f1h_227 f0_32 f0_74 0.84 -0.84 142.79 0 0 0 6666 6695
f1h_231 f0_5 f0_197 5.1 -5.1 145.42 0 0 0 6697 6698
f1h_233 f0_159 f0_195 8.05 -8.05 140.73 0 0 0 6722 6721
f1h_235 f0_67 f0_131 0.21 -0.21 147.73 0 0 0 6696 6690
f1h_236 f0_18 f0_193 -3.56 3.56 146.88 0 0 0 6739 6741
f1h_240 f0_134 f0_178 -5.43 5.43 145.95 0 0 0 6702 6710
f1h_246 f0_132 f0_133 7.09 -7.09 147.63 0 0 0 6681 6683
f1h_250 f0_67 f0_189 6.29 -6.29 145.74 0 0 0 6676 6634
f1h_253 f0_10 f0_151 -5.52 5.52 150.7 0 0 0 6756 6692
f1h_255 f0_22 f0_133 2.58 -2.58 149.81 0 0 0 6681 6672
f1h_260 f0_110 f0_133 -8.54 8.54 145.87 0 0 0 6673 6661
f1h_262 f0_62 f0_150 -11.42 11.42 150.87 0 0 0 6738 6653
f1h_264 f0_25 f0_93 4.14 -4.14 148.61 0 0 0 6683 6743
f1h_265 f0_22 f0_42 0.79 -0.79 150.17 0 0 0 6675 6700
f1h_266 f0_17 f0_142 6.74 -6.74 144.84 0 0 0 6762 6699
f1h_275 f0_50 f0_157 1.31 -1.31 144.18 0 0 0 6656 6622
f1h_276 f0_62 f0_197 -3.33 3.33 153.52 0 0 0 6750 6693
f1h_282 f0_60 f0_186 10.31 -10.31 141.52 0 0 0 6672 6627
f1h_283 f0_98 f0_158 2.83 -2.83 145.98 0 0 0 6695 6687
f1h_284 f0_38 f0_158 -2.66 2.66 146.75 0 0 0 6763 6718
f1h_286 f0_39 f0_136 -5.93 5.93 145.64 0 0 0 6720 6703
f1h_287 f0_44 f0_96 -4.91 4.91 150.18 0 0 0 6755 6697
f1h_288 f0_177 f0_194 2.47 -2.47 149.34 0 0 0 6719 6706
f1h_289 f0_75 f0_128 -9.1 9.1 148.39 0 0 0 6716 6672
f1h_290 f0_97 f0_136 -8.76 8.76 140.75 0 0 0 6620 6610
f1h_292 f0_96 f0_194 -4.06 4.06 142.52 0 0 0 6662 6701
f1h_294 f0_35 f0_190 8.61 -8.61 143.58 0 0 0 6666 6691
f1h_295 f0_48 f0_62 1.01 -1.01 154.15 0 0 0 6702 6750
f1h_296 f0_40 f0_184 0.92 -0.92 150.69 0 0 0 6654 6700
f1h_298 f0_68 f0_173 -3.08 3.08 142.78 0 0 0 6620 6662
f1h_303 f0_26 f0_193 18.32 -18.32 137.32 0 0 0 6711 6711
f1h_305 f0_103 f0_129 -4.08 4.08 146.49 0 0 0 6680 6708
f1h_307 f0_66 f0_118 -6.98 6.98 143.93 0 0 0 6730 6680
f1h_308 f0_76 f0_157 2.83 -2.83 142.97 0 0 0 6677 6615
f1h_309 f0_143 f0_161 0.24 -0.24 147.96 0 0 0 6667 6687
f1h_311 f0_78 f0_127 3.67 -3.67 146.25 0 0 0 6684 6687
f1h_312 f0_92 f0_95 -2.89 2.89 144.34 0 0 0 6697 6647
f1h_315 f0_6 f0_161 -5.09 5.09 141.01 0 0 0 6617 6682
f1h_316 f0_132 f0_165 10.58 -10.58 140.84 0 0 0 6695 6647
f1h_319 f0_12 f0_146 1.61 -1.61 150.86 0 0 0 6684 6680
f1h_331 f0_106 f0_153 7.5 -7.5 145.95 0 0 0 6629 6668
f1h_332 f0_61 f0_170 -6.28 6.28 148.71 0 0 0 6698 6712
f1h_334 f0_85 f0_163 1.15 -1.15 153.53 0 0 0 6733 6690
f1h_335 f0_13 f0_53 -8.32 8.32 145.67 0 0 0 6717 6722
f1h_336 f0_23 f0_94 -4.92 4.92 145.72 0 0 0 6688 6677
f1h_342 f0_44 f0_115 5.54 -5.54 145.93 0 0 0 6710 6701
f1h_343 f0_133 f0_155 -0.61 0.61 150.72 0 0 0 6695 6683
f1h_344 f0_35 f0_76 8.97 -8.97 145.58 0 0 0 6693 6710
f1h_345 f0_128 f0_150 4.05 -4.05 151.15 0 0 0 6698 6673
f1h_347 f0_105 f0_113 8.39 -8.39 145.94 0 0 0 6708 6717
f1h_350 f0_55 f0_98 4.11 -4.11 150.46 0 0 0 6712 6661
f1h_352 f0_79 f0_142 -1.74 1.74 143.05 0 0 0 6680 6674
f1h_365 f0_51 f0_165 2.93 -2.93 150.65 0 0 0 6664 6658
f1h_369 f0_108 f0_189 -9.87 9.87 145.33 0 0 0 6677 6643
f1h_370 f0_30 f0_162 1.58 -1.58 144.94 0 0 0 6656 6636
f1h_372 f0_36 f0_156 -0.4 0.4 151.95 0 0 0 6700 6728
f1h_377 f0_124 f0_194 -5.68 5.68 150.58 0 0 0 6770 6732
f1h_379 f0_19 f0_71 3.57 -3.57 148.51 0 0 0 6636 6697
f1h_380 f0_105 f0_110 7.61 -7.61 139.84 0 0 0 6713 6695
f1h_381 f0_54 f0_66 -0.08 0.08 150.07 0 0 0 6663 6668
f1h_382 f0_132 f0_182 -8.59 8.59 144.56 0 0 0 6734 6693
f1h_388 f0_79 f0_128 3.36 -3.36 147.38 0 0 0 6695 6721
f1h_389 f0_25 f0_51 8.13 -8.13 148.52 0 0 0 6690 6688
f1h_390 f0_43 f0_47 5.6 -5.6 150.18 0 0 0 6659 6648
f1h_391 f0_62 f0_95 -9.22 9.22 149.56 0 0 0 6762 6698
f1h_392 f0_1 f0_19 -3.58 3.58 136.6 0 0 0 6665 6637
f1h_393 f0_112 f0_190 -0.85 0.85 147.6 0 0 0 6765 6724
f1h_395 f0_69 f0_83 11.7 -11.7 141.87 0 0 0 6649 6663
f1h_396 f0_106 f0_177 7.32 -7.32 146.78 0 0 0 6624 6662
f1h_399 f0_66 f0_150 8.52 -8.52 148.67 0 0 0 6699 6649
f1h_403 f0_45 f0_170 2.58 -2.58 146.05 0 0 0 6702 6705
f1h_406 f0_84 f0_101 4.43 -4.43 148.61 0 0 0 6686 6655
f1h_408 f0_78 f0_109 -10.49 10.49 146.7 0 0 0 6712 6706
f1h_410 f0_1 f0_101 1.19 -1.19 141.71 0 0 0 6728 6656
f1h_414 f0_129 f0_189 -8.14 8.14 144.45 0 0 0 6790 6721
f1h_416 f0_122 f0_153 2.27 -2.27 145.17 0 0 0 6635 6701
f1h_417 f0_69 f0_175 -3.88 3.88 145.82 0 0 0 6680 6703
f1h_424 f0_62 f0_77 -5.73 5.73 148.02 0 0 0 6767 6732
f1h_425 f0_166 f0_186 -3.54 3.54 150.9 0 0 0 6693 6671
f1h_427 f0_18 f0_52 7.29 -7.29 141.34 0 0 0 6745 6730
f1h_428 f0_12 f0_140 1.56 -1.56 145.24 0 0 0 6694 6722
f1h_429 f0_51 f0_161 -15.89 15.89 141.72 0 0 0 6666 6664
f1h_433 f0_99 f0_175 1.3 -1.3 146.66 0 0 0 6685 6682
f1h_434 f0_93 f0_165 -7.27 7.27 147.28 0 0 0 6683 6633
f1h_437 f0_44 f0_91 0.51 -0.51 146.81 0 0 0 6696 6641
f1h_438 f0_46 f0_163 -2.66 2.66 145.04 0 0 0 6720 6715
f1h_439 f0_11 f0_28 5.19 -5.19 138.17 0 0 0 6725 6670
f1h_444 f0_43 f0_132 0.4 -0.4 149.28 0 0 0 6716 6723
f1h_445 f0_29 f0_39 -6.47 6.47 144.94 0 0 0 6750 6702
f1h_447 f0_175 f0_181 1.27 -1.27 150.05 0 0 0 6745 6739
f1h_450 f0_5 f0_169 1.71 -1.71 152.68 0 0 0 6706 6658
f1h_451 f0_88 f0_142 -6.94 6.94 158.3 0 0 0 6639 6635
f1h_453 f0_18 f0_167 2.79 -2.79 143.95 0 0 0 6727 6699
f1h_454 f0_17 f0_125 8.05 -8.05 145.88 0 0 0 6726 6709
f1h_456 f0_24 f0_45 0.5 -0.5 150.86 0 0 0 6785 6756
f1h_458 f0_25 f0_46 -20.14 20.14 138.84 0 0 0 6687 6690
f1h_459 f0_38 f0_113 1.5 -1.5 156.16 0 0 0 6747 6752
f1h_460 f0_145 f0_146 8.01 -8.01 150.5 0 0 0 6731 6697
f1h_461 f0_27 f0_32 -3.28 3.28 147.42 0 0 0 6677 6682
f1h_462 f0_94 f0_155 5.84 -5.84 149.3 0 0 0 6700 6701
f1h_463 f0_58 f0_72 -11.13 11.13 142.86 0 0 0 6738 6697
f1h_464 f0_43 f0_101 -11.18 11.18 141.94 0 0 0 6640 6612
f1h_465 f0_28 f0_142 0.52 -0.52 150.49 0 0 0 6646 6656
f1h_468 f0_76 f0_163 -0.97 0.97 148.32 0 0 0 6648 6629
f1h_469 f0_63 f0_174 4.36 -4.36 149.18 0 0 0 6709 6676
f1h_471 f0_11 f0_113 13.26 -13.26 144.87 0 0 0 6786 6798
f1h_473 f0_107 f0_161 -2.72 2.72 148.65 0 0 0 6688 6675
f1h_474 f0_84 f0_165 -12.48 12.48 140.99 0 0 0 6646 6656
f1h_476 f0_39 f0_70 5.2 -5.2 139.48 0 0 0 6650 6646
f1h_481 f0_57 f0_67 -6.64 6.64 136.68 0 0 0 6661 6695
f1h_482 f0_131 f0_177 -8.19 8.19 145.43 0 0 0 6700 6729
f1h_484 f0_94 f0_126 0.51 -0.51 150.48 0 0 0 6651 6664
f1h_485 f0_46 f0_169 -6.7 6.7 143.92 0 0 0 6677 6658
f1h_488 f0_5 f0_157 -3.69 3.69 151.17 0 0 0 6706 6646
f1h_489 f0_12 f0_45 7.77 -7.77 142.68 0 0 0 6725 6748
f1h_493 f0_76 f0_96 4.76 -4.76 148.64 0 0 0 6686 6640
f1h_494 f0_131 f0_183 19.64 -19.64 143.99 0 0 0 6658 6632
f1h_498 f0_184 f0_187 -1.25 1.25 139.02 0 0 0 6710 6691
f1h_499 f0_36 f0_144 -4.51 4.51 144.11 0 0 0 6659 6624
f1w_27 f0_441 f0_945 13.16 -13.16 144.32 0 0 0 6708 6742
f1w_30 f0_379 f0_674 -1.53 1.53 143.94 0 0 0 6711 6666
f1w_32 f0_674 f0_917 14.34 -14.34 139.61 0 0 0 6596 6581
f1w_70 f0_297 f0_332 0.05 -0.05 140.19 0 0 0 6621 6660
f1w_71 f0_685 f0_753 2.84 -2.84 139.2 0 0 0 6710 6729
f1w_77 f0_290 f0_739 2.33 -2.33 153.25 0 0 0 6690 6696
f1w_96 f0_788 f0_800 5.96 -5.96 148.15 0 0 0 6646 6655
f1w_102 f0_451 f0_546 -5.59 5.59 139.48 0 0 0 6665 6683
f1w_103 f0_208 f0_305 1.7 -1.7 150.71 0 0 0 6656 6682
f1w_115 f0_508 f0_985 -1.27 1.27 151.5 0 0 0 6740 6668
f1w_133 f0_758 f0_970 1.28 -1.28 146.82 0 0 0 6684 6695
f1w_189 f0_514 f0_552 -9.74 9.74 145.73 0 0 0 6687 6728
f1w_219 f0_486 f0_610 -4.39 4.39 147.21 0 0 0 6630 6720
f1w_222 f0_685 f0_793 1.07 -1.07 143.87 0 0 0 6688 6652
f1w_232 f0_237 f0_291 3.7 -3.7 151.46 0 0 0 6681 6669
f1w_270 f0_525 f0_850 1 -1 153.47 0 0 0 6707 6698
f1w_301 f0_819 f0_852 -4.71 4.71 140.26 0 0 0 6685 6692
f1w_311 f0_275 f0_875 -9.83 9.83 145.12 0 0 0 6672 6646
f1w_328 f0_367 f0_739 6.3 -6.3 141.99 0 0 0 6707 6709
f1w_330 f0_696 f0_771 -11.91 11.91 145.21 0 0 0 6690 6683
f1w_331 f0_310 f0_416 -7.67 7.67 152.42 0 0 0 6754 6721
f1w_343 f0_471 f0_548 -3.76 3.76 146.92 0 0 0 6629 6679
f1w_390 f0_257 f0_836 1.2 -1.2 154.69 0 0 0 6676 6723
f1w_409 f0_530 f0_856 6.48 -6.48 148.25 0 0 0 6695 6667
f1w_410 f0_212 f0_852 0.55 -0.55 144.71 0 0 0 6649 6686
f1w_418 f0_604 f0_660 3.34 -3.34 147.67 0 0 0 6705 6651
f1w_437 f0_291 f0_836 5.9 -5.9 146.21 0 0 0 6686 6721
f1w_469 f0_618 f0_890 12.2 -12.2 138.55 0 0 0 6731 6737
f1w_470 f0_241 f0_753 -6.5 6.5 147.91 0 0 0 6705 6753
f1w_489 f0_655 f0_944 0.66 -0.66 146.11 0 0 0 6680 6630
f2_20 f1h_44 f1h_57 -2.97 2.97 151.6 0 0 0 6695 6713
f2_25 f1h_220 f1h_447 5.23 -5.23 140.87 0 0 0 6686 6744
f2_34 f1w_289 f1w_372 5.56 -5.56 141.03 0 0 0 6661 6695
f2_35 f1w_108 f1w_458 4.41 -4.41 144.65 0 0 0 6673 6702
f2_52 f1h_29 f1h_39 -6.41 6.41 196.4 0 0 0 6634 6704
f2_84 f1h_6 f1w_169 -5.4 5.4 150.32 0 0 0 6687 6709
f2_87 f1h_381 f1w_463 7.66 -7.66 147.75 0 0 0 6616 6699
f2_137 f1w_53 f1w_323 7.91 -7.91 149.83 0 0 0 6647 6648
f2_212 f1h_149 f1h_370 -15.4 15.4 137.71 0 0 0 6713 6688
f2_298 f1h_379 f1h_445 8.32 -8.32 146.89 0 0 0 6699 6740
f2_309 f1w_335 f1w_476 -4.68 4.68 144.67 0 0 0 6672 6670
f2_311 f1h_171 f1h_493 0.43 -0.43 146.46 0 0 0 6651 6681
f2_316 f1h_391 f1w_193 -2.32 2.32 144.98 0 0 0 6722 6681
f2_333 f1w_67 f1w_327 -3.61 3.61 147.98 0 0 0 6686 6696
f2_348 f1w_219 f1w_341 15.98 -15.98 142.79 0 0 0 6655 6713
f2_355 f1h_481 f1w_325 6.14 -6.14 147.82 0 0 0 6701 6645
f2_373 f1h_454 f1w_352 -0.45 0.45 146.61 0 0 0 6735 6712
f2_386 f1w_160 f1w_193 -1.25 1.25 142.35 0 0 0 6721 6686
f2_407 f1h_417 f1w_190 2.47 -2.47 154.93 0 0 0 6701 6683
f2_410 f1h_220 f1h_350 11.25 -11.25 140.92 0 0 0 6697 6700
f2_421 f1w_211 f1w_361 8.8 -8.8 148.51 0 0 0 6693 6764
f2_447 f1h_24 f1w_193 -13.96 13.96 141.34 0 0 0 6737 6732
f2_456 f1w_189 f1w_317 -8.98 8.98 142.92 0 0 0 6712 6697
f2_490 f1h_43 f1w_77 -3.6 3.6 145.43 0 0 0 6644 6675
f2_492 f1w_174 f1w_357 -2.96 2.96 141.31 0 0 0 6694 6686
f2_496 f1h_382 f1w_273 9.77 -9.77 144.77 0 0 0 6730 6669
f2_505 f1h_109 f1w_476 2.44 -2.44 156 0 0 0 6724 6706
f2_508 f1h_19 f1h_388 9.3 -9.3 142.15 0 0 0 6601 6678
f2_520 f1h_86 f1w_115 2.61 -2.61 144.89 0 0 0 6686 6670
f2_526 f1w_120 f1w_482 -6.07 6.07 150.11 0 0 0 6699 6748
f2_539 f1h_204 f1h_381 -14.79 14.79 143.45 0 0 0 6666 6627
f2_543 f1h_388 f1w_413 -8.11 8.11 144.63 0 0 0 6768 6723
f2_548 f1w_322 f1w_352 -5.15 5.15 150.15 0 0 0 6686 6672
f2_557 f1w_190 f1w_262 -5.05 5.05 137.03 0 0 0 6706 6719
f2_558 f1h_288 f1h_381 -5.31 5.31 150.05 0 0 0 6661 6625
f2_561 f1h_57 f1w_500 9.44 -9.44 147.1 0 0 0 6716 6693
f2_573 f1h_56 f1h_315 -6.32 6.32 145.92 0 0 0 6684 6705
f2_586 f1h_189 f1w_383 -3.64 3.64 144.26 0 0 0 6626 6647
f2_587 f1h_260 f1h_316 -10.08 10.08 145.27 0 0 0 6659 6676
f2_594 f1w_97 f1w_388 -0.15 0.15 144.64 0 0 0 6679 6618
f2_599 f1h_482 f1w_413 -2.7 2.7 153.09 0 0 0 6685 6633
f2_606 f1h_71 f1w_466 9.2 -9.2 143.6 0 0 0 6658 6641
f2_619 f1h_381 f1w_331 12.61 -12.61 142.19 0 0 0 6639 6738
f2_629 f1h_123 f1w_80 7.01 -7.01 149.02 0 0 0 6730 6688
f2_637 f1h_388 f1w_219 -5.13 5.13 145.18 0 0 0 6751 6694
f2_647 f1h_180 f1w_479 -7.23 7.23 141.07 0 0 0 6689 6683
f2_671 f1h_189 f1w_323 -1.66 1.66 144.7 0 0 0 6709 6663
f2_687 f1w_151 f1w_272 -3.25 3.25 144.36 0 0 0 6701 6709
f2_697 f1w_102 f1w_466 15.49 -15.49 134.52 0 0 0 6678 6621
f2_723 f1h_6 f1h_151 1.38 -1.38 155.54 0 0 0 6679 6703
f2_760 f1h_33 f1h_205 -6.06 6.06 140.35 0 0 0 6626 6607
f2_766 f1h_287 f1w_321 -1.4 1.4 149.07 0 0 0 6731 6653
f2_776 f1h_1 f1w_195 -4.58 4.58 145.75 0 0 0 6629 6669
f2_788 f1h_481 f1w_192 -7.05 7.05 145.05 0 0 0 6677 6695
f2_797 f1h_39 f1h_381 11.48 -11.48 143.45 0 0 0 6694 6623
f2_820 f1w_21 f1w_198 2.65 -2.65 148.09 0 0 0 6715 6686
f2_831 f1h_16 f1w_151 -11.54 11.54 148.83 0 0 0 6660 6702
f2_869 f1h_458 f1w_347 2.9 -2.9 148.14 0 0 0 6718 6759
f2_889 f1h_33 f1w_174 11.47 -11.47 140.64 0 0 0 6713 6727
f2_905 f1h_204 f1w_192 6.92 -6.92 147.21 0 0 0 6684 6696
f2_919 f1w_4 f1w_427 4.98 -4.98 151.26 0 0 0 6655 6684
f2_941 f1w_243 f1w_262 -5.86 5.86 142.13 0 0 0 6680 6684
f2_957 f1h_86 f1w_13 8.77 -8.77 142.94 0 0 0 6650 6683
