id parent1 parent2 LLRparent1 LLRparent2 LLRpair OHparent1 OHparent2 MEpair SNPd.id.parent1 SNPd.id.parent2
f1h_1 f0_104 f0_111 -7.87 7.87 97.9 0 0 0 4682 4713
f1h_2 f0_7 f0_143 6.71 -6.71 91.65 0 0 0 4658 4693
f1h_3 f0_11 f0_58 21.41 -21.41 82.96 0 0 0 4674 4741
f1h_4 f0_66 f0_136 -10.32 10.32 93.73 0 0 0 4743 4670
f1h_6 f0_8 f0_161 2.74 -2.74 91.46 0 0 0 4747 4743
f1h_8 f0_53 f0_168 5.06 -5.06 95.35 0 0 0 4793 4701
f1h_9 f0_108 f0_198 -1.55 1.55 94.9 0 0 0 4730 4703
f1h_10 f0_110 f0_172 2.67 -2.67 95.47 0 0 0 4672 4720
f1h_12 f0_143 f0_186 10.25 -10.25 86.02 0 0 0 4732 4667
f1h_13 f0_14 f0_51 -1.91 1.91 91.17 0 0 0 4686 4686
f1h_14 f0_2 f0_126 -6.47 6.47 96.47 0 0 0 4704 4668
f1h_16 f0_13 f0_87 2.19 -2.19 96.62 0 0 0 4709 4711
f1h_17 f0_76 f0_176 -9.04 9.04 89.88 0 0 0 4723 4683
f1h_18 f0_42 f0_72 -0.3 0.3 92.81 0 0 0 4735 4709
f1h_19 f0_4 f0_119 -2.16 2.16 99.71 0 0 0 4655 4703
f1h_20 f0_109 f0_143 -4.29 4.29 89.72 0 0 0 4657 4725
f1h_21 f0_2 f0_184 0.48 -0.48 99.2 0 0 0 4701 4651
f1h_22 f0_51 f0_128 0.19 -0.19 94.72 0 0 0 4687 4637
f1h_23 f0_87 f0_133 1.99 -1.99 99.91 0 0 0 4703 4717
f1h_24 f0_149 f0_156 -5.61 5.61 93.69 0 0 0 4707 4747
f1h_25 f0_61 f0_96 -7.61 7.61 89.15 0 0 0 4678 4739
f1h_26 f0_7 f0_77 1.73 -1.73 97.58 0 0 0 4733 4730
f1h_27 f0_188 f0_194 -3.68 3.68 91.75 0 0 0 4722 4771
f1h_29 f0_22 f0_142 5.55 -5.55 95.9 0 0 0 4766 4705
f1h_30 f0_14 f0_61 3.36 -3.36 93.55 0 0 0 4666 4655
f1h_31 f0_70 f0_81 0.27 -0.27 94.76 0 0 0 4697 4706
f1h_32 f0_16 f0_41 10.69 -10.69 91.24 0 0 0 4662 4718
f1h_33 f0_110 f0_165 -6.47 6.47 92.77 0 0 0 4640 4616
f1h_34 f0_153 f0_168 -4.47 4.47 89.24 0 0 0 4719 4702
f1h_35 f0_25 f0_47 -10.25 10.25 89.47 0 0 0 4677 4659
f1h_37 f0_37 f0_55 0.34 -0.34 95.98 0 0 0 4652 4746
f1h_38 f0_2 f0_182 -2.36 2.36 96.07 0 0 0 4790 4737
f1h_39 f0_75 f0_142 -0.91 0.91 96.98 0 0 0 4699 4637
f1h_41 f0_39 f0_168 5.32 -5.32 99.48 0 0 0 4708 4690
f1h_42 f0_7 f0_18 6.36 -6.36 94.8 0 0 0 4701 4711
f1h_43 f0_48 f0_65 7.88 -7.88 93.93 0 0 0 4667 4716
f1h_44 f0_89 f0_160 -2.92 2.92 96.92 0 0 0 4710 4747
f1h_46 f0_88 f0_159 -4 4 92.33 0 0 0 4688 4718
f1h_47 f0_72 f0_135 6.11 -6.11 98.26 0 0 0 4630 4708
f1h_48 f0_122 f0_127 -10.49 10.49 91.89 0 0 0 4650 4690
f1h_49 f0_54 f0_119 -0.18 0.18 94.35 0 0 0 4658 4717
f1h_51 f0_104 f0_107 10.48 -10.48 98.7 0 0 0 4717 4775
f1h_52 f0_99 f0_135 6.35 -6.35 91.81 0 0 0 4743 4779
f1h_54 f0_37 f0_173 -8.6 8.6 85.61 0 0 0 4666 4698
f1h_55 f0_114 f0_183 -3.39 3.39 98.07 0 0 0 4766 4643
f1h_56 f0_97 f0_174 3.77 -3.77 92.34 0 0 0 4686 4653
f1h_57 f0_95 f0_124 9.76 -9.76 91.62 0 0 0 4723 4674
f1h_59 f0_7 f0_182 -3.4 3.4 96.66 0 0 0 4691 4720
f1h_60 f0_120 f0_175 5.48 -5.48 90.72 0 0 0 4632 4752
f1h_61 f0_63 f0_72 1.76 -1.76 92.59 0 0 0 4681 4629
f1h_62 f0_181 f0_188 -3.7 3.7 96.12 0 0 0 4784 4643
f1h_65 f0_47 f0_87 11.45 -11.45 91.63 0 0 0 4644 4720
f1h_67 f0_59 f0_79 2.58 -2.58 91.2 0 0 0 4650 4728
f1h_68 f0_74 f0_118 2.26 -2.26 93.53 0 0 0 4723 4667
f1h_69 f0_42 f0_63 1.95 -1.95 95.53 0 0 0 4666 4763
f1h_71 f0_41 f0_75 6.29 -6.29 94.61 0 0 0 4656 4742
f1h_73 f0_42 f0_80 6.67 -6.67 86.72 0 0 0 4760 4756
f1h_74 f0_154 f0_199 0.78 -0.78 88.98 0 0 0 4583 4647
f1h_78 f0_67 f0_72 -1.72 1.72 95.92 0 0 0 4660 4616
f1h_79 f0_24 f0_67 2.66 -2.66 97.23 0 0 0 4737 4696
f1h_81 f0_60 f0_102 -6.72 6.72 88.37 0 0 0 4651 4657
f1h_82 f0_47 f0_171 -3.3 3.3 98.91 0 0 0 4623 4691
f1h_83 f0_93 f0_162 -2.42 2.42 95.82 0 0 0 4683 4662
f1h_86 f0_24 f0_121 2.17 -2.17 91.53 0 0 0 4671 4738
f1h_87 f0_57 f0_159 -7.52 7.52 91.25 0 0 0 4734 4755
f1h_88 f0_58 f0_84 4.28 -4.28 102.75 0 0 0 4823 4736
f1h_89 f0_43 f0_132 -0.52 0.52 99.53 0 0 0 4651 4780
f1h_91 f0_101 f0_159 -0.38 0.38 91.9 0 0 0 4660 4668
f1h_92 f0_8 f0_86 -6.91 6.91 97.97 0 0 0 4686 4648
f1h_94 f0_44 f0_170 -5.51 5.51 92.63 0 0 0 4740 4707
f1h_95 f0_115 f0_147 6.32 -6.32 92.36 0 0 0 4690 4720
f1h_97 f0_74 f0_168 -5.33 5.33 93.39 0 0 0 4758 4637
f1h_99 f0_156 f0_188 -5.59 5.59 93.62 0 0 0 4760 4625
f1h_101 f0_30 f0_120 -4.59 4.59 95.23 0 0 0 4675 4641
f1h_102 f0_70 f0_86 9.31 -9.31 92.76 0 0 0 4741 4705
f1h_103 f0_27 f0_31 4.06 -4.06 94.32 0 0 0 4651 4680
f1h_104 f0_30 f0_38 5.09 -5.09 96.06 0 0 0 4674 4698
f1h_105 f0_27 f0_138 -0.82 0.82 93.39 0 0 0 4664 4739
f1h_106 f0_6 f0_157 12.35 -12.35 93.97 0 0 0 4710 4623
f1h_107 f0_17 f0_32 9.4 -9.4 85.29 0 0 0 4696 4716
f1h_108 f0_45 f0_103 1.26 -1.26 97.69 0 0 0 4722 4646
f1h_109 f0_135 f0_190 -12.24 12.24 89.17 0 0 0 4660 4629
f1h_111 f0_114 f0_167 2.27 -2.27 91.95 0 0 0 4734 4744
f1h_112 f0_124 f0_134 -1.1 1.1 103.44 0 0 0 4737 4756
f1h_113 f0_84 f0_103 -4.3 4.3 97.4 0 0 0 4726 4719
f1h_114 f0_96 f0_102 1.38 -1.38 97.56 0 0 0 4686 4717
f1h_115 f0_38 f0_156 -0.76 0.76 100.25 0 0 0 4645 4738
f1h_117 f0_12 f0_56 8.18 -8.18 90.04 0 0 0 4675 4672
f1h_118 f0_73 f0_74 7.15 -7.15 94.03 0 0 0 4694 4731
f1h_121 f0_57 f0_89 2.66 -2.66 96.54 0 0 0 4729 4694
f1h_122 f0_43 f0_160 -4.73 4.73 93.43 0 0 0 4645 4702
f1h_123 f0_73 f0_88 1.51 -1.51 90.82 0 0 0 4655 4620
f1h_124 f0_32 f0_58 6.26 -6.26 91.53 0 0 0 4702 4749
f1h_125 f0_64 f0_75 2.43 -2.43 95.12 0 0 0 4677 4700
f1h_126 f0_145 f0_154 3.3 -3.3 96.99 0 0 0 4662 4659
f1h_127 f0_87 f0_145 -1.1 1.1 96.77 0 0 0 4701 4657
f1h_128 f0_28 f0_127 7.15 -7.15 92.46 0 0 0 4685 4602
f1h_129 f0_65 f0_100 2.2 -2.2 96.08 0 0 0 4739 4692
f1h_130 f0_44 f0_93 5.48 -5.48 94.87 0 0 0 4723 4703
f1h_131 f0_122 f0_149 0.67 -0.67 106.23 0 0 0 4692 4738
f1h_132 f0_44 f0_153 5.1 -5.1 96.09 0 0 0 4756 4714
f1h_134 f0_193 f0_195 4.98 -4.98 92.09 0 0 0 4654 4712
f1h_135 f0_11 f0_137 3.08 -3.08 98.99 0 0 0 4669 4671
f1h_137 f0_27 f0_74 1.06 -1.06 100.98 0 0 0 4653 4743
f1h_138 f0_27 f0_80 -11.82 11.82 85.23 0 0 0 4638 4681
f1h_140 f0_31 f0_94 7.58 -7.58 96.18 0 0 0 4654 4705
f1h_141 f0_13 f0_162 2.66 -2.66 95.14 0 0 0 4732 4713
f1h_143 f0_184 f0_199 -6.16 6.16 88.15 0 0 0 4658 4645
f1h_144 f0_101 f0_114 -8.11 8.11 96.06 0 0 0 4715 4702
f1h_145 f0_70 f0_134 -11.52 11.52 92.07 0 0 0 4711 4701
f1h_146 f0_118 f0_146 -13.06 13.06 86.18 0 0 0 4670 4706
f1h_147 f0_3 f0_182 -4.38 4.38 92.89 0 0 0 4655 4705
f1h_148 f0_172 f0_198 -7.68 7.68 89.5 0 0 0 4664 4664
f1h_149 f0_78 f0_200 -6.88 6.88 94 0 0 0 4615 4708
f1h_150 f0_7 f0_195 -2 2 102.47 0 0 0 4740 4767
f1h_151 f0_169 f0_172 3.33 -3.33 98.28 0 0 0 4602 4689
f1h_152 f0_76 f0_194 -1.71 1.71 97.3 0 0 0 4695 4771
f1h_155 f0_1 f0_91 1.66 -1.66 92.21 0 0 0 4723 4607
f1h_156 f0_76 f0_182 6.17 -6.17 95.83 0 0 0 4684 4704
f1h_157 f0_46 f0_47 5.86 -5.86 89.92 0 0 0 4610 4601
f1h_158 f0_147 f0_158 -1.79 1.79 98.11 0 0 0 4731 4699
f1h_159 f0_155 f0_186 -7.05 7.05 97.03 0 0 0 4681 4673
f1h_160 f0_104 f0_150 -8.55 8.55 92.28 0 0 0 4697 4682
f1h_161 f0_121 f0_179 -4.48 4.48 96.11 0 0 0 4734 4666
f1h_163 f0_13 f0_113 -0.7 0.7 97.49 0 0 0 4737 4730
f1h_164 f0_80 f0_180 -1.68 1.68 93.41 0 0 0 4682 4641
f1h_165 f0_45 f0_66 -4.87 4.87 96.71 0 0 0 4801 4764
f1h_166 f0_95 f0_97 -4.28 4.28 95.3 0 0 0 4738 4690
f1h_168 f0_48 f0_171 -8.12 8.12 91.21 0 0 0 4635 4670
f1h_169 f0_25 f0_177 -2.34 2.34 94.48 0 0 0 4718 4714
f1h_170 f0_7 f0_26 10.91 -10.91 94.45 0 0 0 4724 4788
f1h_171 f0_170 f0_182 -5.23 5.23 94.04 0 0 0 4684 4689
f1h_172 f0_9 f0_33 1.96 -1.96 97.18 0 0 0 4735 4629
f1h_173 f0_20 f0_137 3.15 -3.15 97.05 0 0 0 4687 4663
f1h_174 f0_52 f0_111 0.93 -0.93 98.23 0 0 0 4715 4690
f1h_176 f0_19 f0_120 -4.25 4.25 92.07 0 0 0 4654 4614
f1h_177 f0_51 f0_197 -2.37 2.37 89.93 0 0 0 4684 4706
f1h_179 f0_61 f0_173 -3.76 3.76 95.12 0 0 0 4648 4658
f1h_180 f0_42 f0_67 -10.18 10.18 86.53 0 0 0 4661 4713
f1h_181 f0_76 f0_163 -0.65 0.65 93.39 0 0 0 4710 4667
f1h_182 f0_23 f0_171 -1.59 1.59 103.41 0 0 0 4757 4697
f1h_183 f0_21 f0_194 -1.16 1.16 93.28 0 0 0 4725 4711
f1h_184 f0_39 f0_115 -0.77 0.77 98.6 0 0 0 4724 4650
f1h_185 f0_23 f0_115 -1.76 1.76 99.44 0 0 0 4754 4689
f1h_186 f0_85 f0_173 0.29 -0.29 94.39 0 0 0 4672 4680
f1h_187 f0_15 f0_149 -3.7 3.7 94.36 0 0 0 4723 4720
f1h_188 f0_154 f0_176 8.38 -8.38 83.15 0 0 0 4540 4606
f1h_189 f0_4 f0_41 8.53 -8.53 93.78 0 0 0 4624 4634
f1h_190 f0_14 f0_102 8 -8 91.76 0 0 0 4653 4712
f1h_192 f0_60 f0_175 6.79 -6.79 94.1 0 0 0 4691 4747
f1h_193 f0_40 f0_154 -7.7 7.7 92.51 0 0 0 4658 4653
f1h_195 f0_1 f0_79 4.87 -4.87 89 0 0 0 4723 4693
f1h_196 f0_20 f0_151 2.82 -2.82 96.96 0 0 0 4709 4666
f1h_197 f0_19 f0_110 -3.08 3.08 93.06 0 0 0 4727 4744
f1h_198 f0_9 f0_28 -2.85 2.85 97 0 0 0 4691 4681
f1h_199 f0_67 f0_132 -0.85 0.85 99.18 0 0 0 4662 4776
f1h_200 f0_177 f0_193 3.4 -3.4 95.34 0 0 0 4699 4712
f1h_201 f0_158 f0_179 4.68 -4.68 93.67 0 0 0 4692 4706
f1h_202 f0_23 f0_197 -4.81 4.81 96.3 0 0 0 4724 4714
f1h_203 f0_66 f0_107 7.87 -7.87 93.52 0 0 0 4704 4697
f1h_204 f0_29 f0_115 -5.46 5.46 93.58 0 0 0 4659 4625
f1h_205 f0_8 f0_125 2.28 -2.28 96.48 0 0 0 4734 4703
f1h_206 f0_11 f0_103 3.57 -3.57 92.37 0 0 0 4667 4707
f1h_207 f0_16 f0_123 -4.89 4.89 90.09 0 0 0 4656 4672
f1h_208 f0_14 f0_198 6.13 -6.13 90.86 0 0 0 4648 4658
f1h_210 f0_39 f0_142 -0.93 0.93 99.03 0 0 0 4795 4720
f1h_211 f0_23 f0_131 0.33 -0.33 96.76 0 0 0 4760 4679
f1h_212 f0_56 f0_107 -0.43 0.43 101.35 0 0 0 4712 4723
f1h_214 f0_95 f0_135 -4.76 4.76 91.28 0 0 0 4702 4666
f1h_215 f0_185 f0_190 3.72 -3.72 88.68 0 0 0 4691 4727
f1h_216 f0_43 f0_123 -8.35 8.35 93.14 0 0 0 4681 4657
f1h_217 f0_86 f0_146 -8.79 8.79 94.4 0 0 0 4694 4627
f1h_218 f0_20 f0_52 1.62 -1.62 90.84 0 0 0 4740 4694
f1h_220 f0_72 f0_166 0.61 -0.61 97.99 0 0 0 4688 4690
f1h_221 f0_135 f0_189 3.07 -3.07 97.74 0 0 0 4707 4655
f1h_222 f0_175 f0_196 1.52 -1.52 93.28 0 0 0 4719 4679
f1h_223 f0_1 f0_36 -3.31 3.31 97.83 0 0 0 4693 4721
f1h_224 f0_54 f0_169 -0.88 0.88 90.84 0 0 0 4669 4645
f1h_225 f0_12 f0_109 7.03 -7.03 97.66 0 0 0 4694 4623
f1h_227 f0_32 f0_74 1.4 -1.4 90.8 0 0 0 4682 4699
f1h_228 f0_136 f0_154 4.52 -4.52 91.46 0 0 0 4687 4644
f1h_231 f0_5 f0_197 -0.22 0.22 95.92 0 0 0 4695 4676
f1h_232 f0_142 f0_154 -7.1 7.1 92.73 0 0 0 4680 4673
f1h_233 f0_159 f0_195 -1.22 1.22 94.05 0 0 0 4714 4696
f1h_235 f0_67 f0_131 -4.9 4.9 97.55 0 0 0 4642 4670
f1h_236 f0_18 f0_193 -2.76 2.76 97.37 0 0 0 4725 4721
f1h_237 f0_11 f0_32 -5.68 5.68 94.51 0 0 0 4721 4762
f1h_239 f0_112 f0_118 6.71 -6.71 90.25 0 0 0 4720 4652
f1h_240 f0_134 f0_178 0.56 -0.56 93.69 0 0 0 4648 4651
f1h_241 f0_31 f0_40 -1.36 1.36 97.29 0 0 0 4669 4627
f1h_242 f0_21 f0_196 -7.8 7.8 98.12 0 0 0 4769 4724
f1h_243 f0_127 f0_138 5.29 -5.29 88.13 0 0 0 4642 4676
f1h_244 f0_56 f0_147 7.03 -7.03 91.51 0 0 0 4635 4704
f1h_246 f0_132 f0_133 0.5 -0.5 100.31 0 0 0 4882 4775
f1h_249 f0_80 f0_192 9.82 -9.82 91.06 0 0 0 4709 4690
f1h_250 f0_67 f0_189 8.61 -8.61 97.45 0 0 0 4701 4722
f1h_251 f0_11 f0_108 3.78 -3.78 90.44 0 0 0 4647 4736
f1h_252 f0_40 f0_82 1.94 -1.94 99.94 0 0 0 4693 4739
f1h_253 f0_10 f0_151 -0.18 0.18 97.55 0 0 0 4648 4674
f1h_255 f0_22 f0_133 5.45 -5.45 99.75 0 0 0 4728 4680
f1h_256 f0_71 f0_194 -1.62 1.62 99.56 0 0 0 4631 4705
f1h_257 f0_92 f0_151 -7.05 7.05 99.53 0 0 0 4676 4664
f1h_259 f0_45 f0_150 -12.31 12.31 94.98 0 0 0 4777 4720
f1h_260 f0_110 f0_133 -4.89 4.89 97.34 0 0 0 4675 4786
f1h_262 f0_62 f0_150 -5.7 5.7 98.35 0 0 0 4723 4648
f1h_263 f0_29 f0_114 -1.63 1.63 93.51 0 0 0 4768 4797
f1h_264 f0_25 f0_93 -4.11 4.11 95.87 0 0 0 4713 4742
f1h_265 f0_22 f0_42 0.01 -0.01 99.34 0 0 0 4720 4669
f1h_266 f0_17 f0_142 13.95 -13.95 87.27 0 0 0 4623 4636
f1h_267 f0_120 f0_197 -2.05 2.05 91.31 0 0 0 4620 4653
f1h_268 f0_10 f0_161 -4.07 4.07 97.6 0 0 0 4724 4716
f1h_272 f0_29 f0_141 -8.14 8.14 92.1 0 0 0 4721 4754
f1h_274 f0_88 f0_141 -7.49 7.49 94.7 0 0 0 4565 4632
f1h_275 f0_50 f0_157 4.28 -4.28 95.77 0 0 0 4696 4570
f1h_276 f0_62 f0_197 -0.3 0.3 100.15 0 0 0 4766 4638
f1h_277 f0_38 f0_59 -4.2 4.2 92.86 0 0 0 4649 4586
f1h_278 f0_29 f0_110 4.17 -4.17 93.19 0 0 0 4669 4637
f1h_280 f0_62 f0_165 0.14 -0.14 97.99 0 0 0 4726 4662
f1h_282 f0_60 f0_186 3.67 -3.67 92.96 0 0 0 4615 4667
f1h_283 f0_98 f0_158 5.61 -5.61 92.95 0 0 0 4723 4769
f1h_284 f0_38 f0_158 1.39 -1.39 92.95 0 0 0 4683 4709
f1h_286 f0_39 f0_136 -3.71 3.71 94.77 0 0 0 4701 4695
f1h_287 f0_44 f0_96 1.74 -1.74 93.38 0 0 0 4690 4725
f1h_288 f0_177 f0_194 1.6 -1.6 94.75 0 0 0 4660 4690
f1h_289 f0_75 f0_128 -4.51 4.51 93.49 0 0 0 4649 4568
f1h_290 f0_97 f0_136 -7.28 7.28 97.5 0 0 0 4730 4651
f1h_291 f0_80 f0_140 17.96 -17.96 87.13 0 0 0 4699 4659
f1h_292 f0_96 f0_194 -8.94 8.94 94.73 0 0 0 4754 4772
f1h_293 f0_170 f0_199 2.95 -2.95 99.78 0 0 0 4698 4648
f1h_294 f0_35 f0_190 6.17 -6.17 95.14 0 0 0 4737 4736
f1h_295 f0_48 f0_62 0.25 -0.25 101.58 0 0 0 4686 4759
f1h_296 f0_40 f0_184 1.01 -1.01 95.73 0 0 0 4621 4673
f1h_297 f0_39 f0_133 4.81 -4.81 96.54 0 0 0 4731 4681
f1h_298 f0_68 f0_173 4 -4 91.49 0 0 0 4631 4736
f1h_299 f0_76 f0_139 -10.03 10.03 93.68 0 0 0 4766 4734
f1h_300 f0_125 f0_197 7.89 -7.89 92.37 0 0 0 4699 4713
f1h_301 f0_24 f0_193 3.97 -3.97 95 0 0 0 4718 4680
f1h_303 f0_26 f0_193 10.64 -10.64 89.45 0 0 0 4729 4674
f1h_305 f0_103 f0_129 -0.92 0.92 92.72 0 0 0 4595 4587
f1h_307 f0_66 f0_118 -0.52 0.52 98.89 0 0 0 4767 4695
f1h_308 f0_76 f0_157 2.34 -2.34 91.67 0 0 0 4705 4580
f1h_309 f0_143 f0_161 -0.15 0.15 93.42 0 0 0 4711 4681
f1h_311 f0_78 f0_127 -3.69 3.69 95.17 0 0 0 4620 4671
f1h_312 f0_92 f0_95 -8.37 8.37 94.92 0 0 0 4693 4761
f1h_314 f0_10 f0_180 -8.37 8.37 95.45 0 0 0 4648 4673
f1h_315 f0_6 f0_161 1.48 -1.48 89.73 0 0 0 4709 4745
f1h_316 f0_132 f0_165 -5.38 5.38 96.65 0 0 0 4864 4748
f1h_318 f0_4 f0_186 -0.28 0.28 102.54 0 0 0 4611 4698
f1h_319 f0_12 f0_146 5.51 -5.51 93.44 0 0 0 4789 4734
f1h_321 f0_18 f0_111 -6.09 6.09 92.56 0 0 0 4674 4681
f1h_323 f0_67 f0_193 -1.5 1.5 96.74 0 0 0 4687 4739
f1h_324 f0_44 f0_61 -2.84 2.84 92.54 0 0 0 4662 4607
f1h_327 f0_144 f0_161 4.69 -4.69 94.05 0 0 0 4702 4639
f1h_329 f0_47 f0_147 -5.81 5.81 94.09 0 0 0 4660 4735
f1h_331 f0_106 f0_153 5.81 -5.81 98.91 0 0 0 4701 4731
f1h_332 f0_61 f0_170 -1.77 1.77 101.16 0 0 0 4667 4703
f1h_333 f0_55 f0_169 1.9 -1.9 92.65 0 0 0 4681 4634
f1h_334 f0_85 f0_163 2.16 -2.16 91.7 0 0 0 4700 4691
f1h_335 f0_13 f0_53 -10.37 10.37 90.16 0 0 0 4690 4808
f1h_336 f0_23 f0_94 -4.82 4.82 98.33 0 0 0 4715 4730
f1h_337 f0_26 f0_186 3.83 -3.83 99.96 0 0 0 4724 4662
f1h_338 f0_71 f0_138 -5.2 5.2 92.62 0 0 0 4670 4710
f1h_340 f0_60 f0_62 -0.05 0.05 97.11 0 0 0 4665 4789
f1h_341 f0_174 f0_194 6.44 -6.44 96.36 0 0 0 4631 4663
f1h_342 f0_44 f0_115 2.03 -2.03 92.57 0 0 0 4782 4699
f1h_343 f0_133 f0_155 -4.85 4.85 94.19 0 0 0 4732 4728
f1h_344 f0_35 f0_76 8.01 -8.01 95.07 0 0 0 4702 4711
f1h_345 f0_128 f0_150 6.92 -6.92 95.8 0 0 0 4620 4673
f1h_347 f0_105 f0_113 8.86 -8.86 92.89 0 0 0 4726 4756
f1h_348 f0_82 f0_149 6.93 -6.93 87.54 0 0 0 4713 4717
f1h_350 f0_55 f0_98 5.39 -5.39 94.71 0 0 0 4693 4651
f1h_352 f0_79 f0_142 -2.31 2.31 92.54 0 0 0 4751 4697
f1h_353 f0_98 f0_106 -1.15 1.15 94.59 0 0 0 4684 4723
f1h_354 f0_106 f0_169 -12.46 12.46 92.53 0 0 0 4685 4623
f1h_355 f0_13 f0_125 0.14 -0.14 96.38 0 0 0 4717 4655
f1h_356 f0_114 f0_126 -1.75 1.75 94.52 0 0 0 4662 4655
f1h_358 f0_70 f0_121 -5.59 5.59 94.17 0 0 0 4741 4739
f1h_360 f0_146 f0_166 1.01 -1.01 100.85 0 0 0 4646 4713
f1h_362 f0_10 f0_169 0.87 -0.87 99.31 0 0 0 4662 4667
f1h_363 f0_140 f0_158 -11.23 11.23 86.1 0 0 0 4648 4668
f1h_365 f0_51 f0_165 -1.47 1.47 94.43 0 0 0 4720 4727
f1h_366 f0_137 f0_185 -0.34 0.34 92.76 0 0 0 4661 4674
f1h_368 f0_13 f0_55 8.02 -8.02 94.19 0 0 0 4633 4676
f1h_369 f0_108 f0_189 -7.49 7.49 94.19 0 0 0 4768 4690
f1h_370 f0_30 f0_162 -9.79 9.79 93.2 0 0 0 4748 4737
f1h_371 f0_74 f0_121 5.85 -5.85 96.74 0 0 0 4711 4721
f1h_372 f0_36 f0_156 1.61 -1.61 97.1 0 0 0 4728 4802
f1h_373 f0_163 f0_192 0.23 -0.23 95.87 0 0 0 4730 4767
f1h_375 f0_44 f0_170 3.36 -3.36 99.8 0 0 0 4746 4744
f1h_377 f0_124 f0_194 -5.59 5.59 97.31 0 0 0 4739 4789
f1h_378 f0_46 f0_51 -1.31 1.31 98.1 0 0 0 4733 4714
f1h_379 f0_19 f0_71 4.14 -4.14 89.74 0 0 0 4645 4671
f1h_380 f0_105 f0_110 1.06 -1.06 92.01 0 0 0 4656 4619
f1h_381 f0_54 f0_66 1.96 -1.96 101.05 0 0 0 4679 4740
f1h_382 f0_132 f0_182 -7.97 7.97 99.36 0 0 0 4836 4783
f1h_385 f0_62 f0_155 10.89 -10.89 89.17 0 0 0 4758 4693
f1h_386 f0_114 f0_163 9.28 -9.28 90.24 0 0 0 4756 4711
f1h_387 f0_62 f0_178 1.68 -1.68 93.5 0 0 0 4772 4702
f1h_388 f0_79 f0_128 1.01 -1.01 92.55 0 0 0 4690 4717
f1h_389 f0_25 f0_51 4.25 -4.25 96.06 0 0 0 4777 4721
f1h_390 f0_43 f0_47 5.41 -5.41 98.98 0 0 0 4635 4623
f1h_391 f0_62 f0_95 -11.92 11.92 93.3 0 0 0 4754 4743
f1h_392 f0_1 f0_19 -12.3 12.3 82.1 0 0 0 4678 4645
f1h_393 f0_112 f0_190 4.02 -4.02 96.44 0 0 0 4742 4745
f1h_395 f0_69 f0_83 4.95 -4.95 95.22 0 0 0 4589 4705
f1h_396 f0_106 f0_177 2.39 -2.39 97.1 0 0 0 4649 4695
f1h_398 f0_55 f0_114 1.48 -1.48 103.92 0 0 0 4719 4770
f1h_399 f0_66 f0_150 2.22 -2.22 99.19 0 0 0 4702 4650
f1h_403 f0_45 f0_170 -6.96 6.96 91.76 0 0 0 4794 4730
f1h_405 f0_30 f0_101 8.67 -8.67 92.58 0 0 0 4701 4708
f1h_406 f0_84 f0_101 3.49 -3.49 93.71 0 0 0 4704 4684
f1h_407 f0_93 f0_97 2.34 -2.34 88.91 0 0 0 4691 4697
f1h_408 f0_78 f0_109 -4.16 4.16 94.91 0 0 0 4701 4742
f1h_410 f0_1 f0_101 1 -1 96.13 0 0 0 4763 4664
f1h_413 f0_152 f0_183 -6.41 6.41 99.81 0 0 0 4669 4651
f1h_414 f0_129 f0_189 9.69 -9.69 92.16 0 0 0 4662 4638
f1h_415 f0_87 f0_90 -5.2 5.2 102.33 0 0 0 4719 4698
f1h_416 f0_122 f0_153 6.15 -6.15 95.01 0 0 0 4737 4814
f1h_417 f0_69 f0_175 2.48 -2.48 92.63 0 0 0 4667 4790
f1h_418 f0_35 f0_97 6.28 -6.28 90.76 0 0 0 4717 4710
f1h_419 f0_149 f0_168 -3.46 3.46 91.37 0 0 0 4688 4650
f1h_420 f0_39 f0_181 0.02 -0.02 102.37 0 0 0 4726 4782
f1h_421 f0_130 f0_200 -1.4 1.4 103.27 0 0 0 4742 4795
f1h_423 f0_11 f0_135 9.74 -9.74 89.83 0 0 0 4685 4737
f1h_424 f0_62 f0_77 -4.54 4.54 97.54 0 0 0 4727 4666
f1h_425 f0_166 f0_186 -4.52 4.52 97.66 0 0 0 4706 4701
f1h_427 f0_18 f0_52 -0.6 0.6 98.62 0 0 0 4777 4759
f1h_428 f0_12 f0_140 5.42 -5.42 90.29 0 0 0 4714 4650
f1h_429 f0_51 f0_161 -9.2 9.2 93.39 0 0 0 4735 4775
f1h_430 f0_89 f0_172 3.47 -3.47 91.09 0 0 0 4711 4703
f1h_431 f0_6 f0_92 11.21 -11.21 93.37 0 0 0 4705 4711
f1h_432 f0_94 f0_145 -5.8 5.8 92.5 0 0 0 4714 4656
f1h_433 f0_99 f0_175 0.31 -0.31 94.8 0 0 0 4699 4742
f1h_434 f0_93 f0_165 -10.43 10.43 90.51 0 0 0 4801 4678
f1h_436 f0_20 f0_143 11.34 -11.34 90.03 0 0 0 4706 4755
f1h_437 f0_44 f0_91 -6.29 6.29 92.27 0 0 0 4715 4669
f1h_438 f0_46 f0_163 6.54 -6.54 90.11 0 0 0 4662 4684
f1h_439 f0_11 f0_28 10.63 -10.63 87.9 0 0 0 4664 4696
f1h_440 f0_18 f0_178 -9.47 9.47 94.6 0 0 0 4728 4738
f1h_441 f0_30 f0_176 -9.33 9.33 96.61 0 0 0 4737 4689
f1h_443 f0_67 f0_73 -5.18 5.18 88.1 0 0 0 4686 4695
f1h_444 f0_43 f0_132 5.71 -5.71 96.03 0 0 0 4662 4783
f1h_445 f0_29 f0_39 -7.87 7.87 94.27 0 0 0 4701 4761
f1h_447 f0_175 f0_181 2.82 -2.82 95.79 0 0 0 4806 4814
f1h_448 f0_103 f0_113 -3.8 3.8 95.2 0 0 0 4675 4724
f1h_449 f0_108 f0_177 5.47 -5.47 90.72 0 0 0 4672 4663
f1h_450 f0_5 f0_169 -0.23 0.23 95.74 0 0 0 4623 4607
f1h_451 f0_88 f0_142 -8.61 8.61 102.83 0 0 0 4738 4740
f1h_452 f0_32 f0_99 11.72 -11.72 87.67 0 0 0 4701 4692
f1h_453 f0_18 f0_167 4.73 -4.73 95.59 0 0 0 4686 4693
f1h_454 f0_17 f0_125 9.72 -9.72 88.37 0 0 0 4600 4672
f1h_455 f0_6 f0_135 -2.54 2.54 90.17 0 0 0 4687 4730
f1h_456 f0_24 f0_45 7.1 -7.1 95.05 0 0 0 4734 4740
f1h_457 f0_48 f0_79 -4.36 4.36 89.82 0 0 0 4598 4642
f1h_458 f0_25 f0_46 -17 17 87.96 0 0 0 4667 4665
f1h_459 f0_38 f0_113 4.58 -4.58 101.84 0 0 0 4739 4771
f1h_460 f0_145 f0_146 6.44 -6.44 92.8 0 0 0 4645 4669
f1h_461 f0_27 f0_32 4.78 -4.78 92.23 0 0 0 4666 4677
f1h_462 f0_94 f0_155 3.89 -3.89 98.15 0 0 0 4729 4722
f1h_463 f0_58 f0_72 -4.73 4.73 94.15 0 0 0 4725 4692
f1h_464 f0_43 f0_101 -13.9 13.9 90.68 0 0 0 4698 4655
f1h_465 f0_28 f0_142 1.01 -1.01 100.91 0 0 0 4703 4660
f1h_466 f0_67 f0_108 -3.72 3.72 92.07 0 0 0 4662 4709
f1h_467 f0_3 f0_16 1.62 -1.62 95.06 0 0 0 4681 4702
f1h_468 f0_76 f0_163 0.9 -0.9 91.84 0 0 0 4677 4665
f1h_469 f0_63 f0_174 8.49 -8.49 91.51 0 0 0 4733 4684
f1h_470 f0_19 f0_123 8.29 -8.29 88.95 0 0 0 4666 4659
f1h_471 f0_11 f0_113 12.98 -12.98 90.25 0 0 0 4679 4741
f1h_473 f0_107 f0_161 -1.63 1.63 94.17 0 0 0 4712 4651
f1h_474 f0_84 f0_165 -13.47 13.47 90.98 0 0 0 4711 4711
f1h_476 f0_39 f0_70 1.8 -1.8 97.46 0 0 0 4774 4717
f1h_477 f0_166 f0_175 -3.55 3.55 98.48 0 0 0 4745 4802
f1h_478 f0_97 f0_178 -7.21 7.21 94.21 0 0 0 4761 4733
f1h_479 f0_59 f0_137 6.56 -6.56 93.19 0 0 0 4615 4632
f1h_480 f0_36 f0_90 -1.63 1.63 98.63 0 0 0 4679 4701
f1h_481 f0_57 f0_67 -0.04 0.04 95.07 0 0 0 4641 4626
f1h_482 f0_131 f0_177 -11.94 11.94 87.9 0 0 0 4612 4641
f1h_484 f0_94 f0_126 -11.1 11.1 90.32 0 0 0 4725 4609
f1h_485 f0_46 f0_169 -2.48 2.48 90.31 0 0 0 4662 4623
f1h_487 f0_43 f0_49 -7 7 87.7 0 0 0 4668 4705
f1h_488 f0_5 f0_157 -2.49 2.49 97.42 0 0 0 4703 4637
f1h_489 f0_12 f0_45 -1.82 1.82 95.39 0 0 0 4657 4729
f1h_491 f0_117 f0_139 -12.35 12.35 86.9 0 0 0 4636 4721
f1h_493 f0_76 f0_96 10.59 -10.59 90.17 0 0 0 4711 4689
f1h_494 f0_131 f0_183 16.82 -16.82 88.67 0 0 0 4741 4669
f1h_495 f0_40 f0_56 3.37 -3.37 95.66 0 0 0 4616 4667
f1h_496 f0_16 f0_107 11.11 -11.11 89.54 0 0 0 4612 4727
f1h_497 f0_23 f0_118 2.57 -2.57 99.58 0 0 0 4678 4655
f1h_498 f0_184 f0_187 1.7 -1.7 93.19 0 0 0 4750 4748
f1h_499 f0_36 f0_144 4.66 -4.66 93.61 0 0 0 4720 4714
f1w_3 f0_299 f0_729 8.05 -8.05 90.94 0 0 0 4646 4681
f1w_5 f0_479 f0_564 -2.17 2.17 98.3 0 0 0 4717 4794
f1w_11 f0_594 f0_648 2.11 -2.11 95.51 0 0 0 4732 4788
f1w_12 f0_789 f0_944 -0.47 0.47 97.1 0 0 0 4670 4723
f1w_13 f0_640 f0_984 2.48 -2.48 89.75 0 0 0 4615 4726
f1w_16 f0_274 f0_369 -2.23 2.23 96.63 0 0 0 4648 4677
f1w_17 f0_205 f0_909 1.95 -1.95 96.05 0 0 0 4667 4677
f1w_19 f0_310 f0_313 -0.3 0.3 96.74 0 0 0 4668 4705
f1w_21 f0_619 f0_641 6.03 -6.03 91.4 0 0 0 4702 4701
f1w_22 f0_684 f0_971 1.07 -1.07 97.61 0 0 0 4642 4669
f1w_25 f0_408 f0_759 9.93 -9.93 97.49 0 0 0 4667 4718
f1w_27 f0_441 f0_945 -0.62 0.62 96.03 0 0 0 4736 4665
f1w_28 f0_688 f0_764 -5.43 5.43 92.83 0 0 0 4664 4643
f1w_29 f0_317 f0_412 -3.54 3.54 94.64 0 0 0 4719 4627
f1w_30 f0_379 f0_674 -1.69 1.69 90.71 0 0 0 4685 4665
f1w_31 f0_453 f0_955 -3.22 3.22 94.36 0 0 0 4688 4736
f1w_32 f0_674 f0_917 16.18 -16.18 84.97 0 0 0 4643 4740
f1w_33 f0_605 f0_1000 0.87 -0.87 94.02 0 0 0 4709 4639
f1w_34 f0_408 f0_885 7 -7 90.42 0 0 0 4698 4695
f1w_35 f0_336 f0_837 11.88 -11.88 91.26 0 0 0 4608 4660
f1w_38 f0_854 f0_920 -2.01 2.01 101.93 0 0 0 4742 4779
f1w_40 f0_578 f0_740 6.64 -6.64 97.17 0 0 0 4741 4797
f1w_42 f0_209 f0_715 9.85 -9.85 92.66 0 0 0 4701 4749
f1w_43 f0_292 f0_514 -9.74 9.74 87.13 0 0 0 4668 4709
f1w_45 f0_204 f0_668 -4.38 4.38 94.6 0 0 0 4684 4659
f1w_46 f0_254 f0_489 -2.02 2.02 87.42 0 0 0 4676 4633
f1w_47 f0_395 f0_514 -8.63 8.63 89.7 0 0 0 4626 4690
f1w_48 f0_612 f0_933 1.63 -1.63 96.85 0 0 0 4722 4719
f1w_54 f0_271 f0_836 7.16 -7.16 93.95 0 0 0 4651 4686
f1w_57 f0_311 f0_323 -2.13 2.13 95.06 0 0 0 4731 4702
f1w_59 f0_348 f0_450 -7.37 7.37 88.3 0 0 0 4729 4735
f1w_60 f0_309 f0_583 -0.39 0.39 95.65 0 0 0 4689 4649
f1w_61 f0_274 f0_603 -7.12 7.12 91.8 0 0 0 4614 4671
f1w_64 f0_424 f0_517 4.27 -4.27 95.57 0 0 0 4736 4651
f1w_65 f0_546 f0_917 3.06 -3.06 97.79 0 0 0 4679 4796
f1w_67 f0_229 f0_936 -6.62 6.62 86.99 0 0 0 4623 4624
f1w_69 f0_854 f0_880 -4.86 4.86 100.32 0 0 0 4704 4681
f1w_70 f0_297 f0_332 5.37 -5.37 91.25 0 0 0 4752 4737
f1w_71 f0_685 f0_753 2.62 -2.62 93.56 0 0 0 4781 4783
f1w_72 f0_628 f0_993 -0.71 0.71 98.17 0 0 0 4724 4702
f1w_74 f0_221 f0_618 18.11 -18.11 87.07 0 0 0 4662 4732
f1w_75 f0_344 f0_549 1.67 -1.67 100.51 0 0 0 4655 4672
f1w_76 f0_334 f0_768 2.11 -2.11 94.78 0 0 0 4738 4756
f1w_77 f0_290 f0_739 5.87 -5.87 93.29 0 0 0 4619 4677
f1w_78 f0_594 f0_1000 3.32 -3.32 98.8 0 0 0 4701 4669
f1w_80 f0_483 f0_514 -10.23 10.23 88.45 0 0 0 4687 4675
f1w_82 f0_463 f0_908 -8.78 8.78 95.38 0 0 0 4740 4595
f1w_84 f0_456 f0_791 -3.15 3.15 95.49 0 0 0 4721 4738
f1w_89 f0_400 f0_828 4.16 -4.16 97.59 0 0 0 4644 4643
f1w_92 f0_360 f0_449 -2.57 2.57 93.85 0 0 0 4686 4685
f1w_93 f0_336 f0_461 2.17 -2.17 94.13 0 0 0 4631 4619
f1w_95 f0_338 f0_543 -2.85 2.85 97.08 0 0 0 4715 4641
f1w_96 f0_788 f0_800 7.24 -7.24 97.3 0 0 0 4679 4700
f1w_97 f0_243 f0_594 4.5 -4.5 95.92 0 0 0 4666 4626
f1w_98 f0_683 f0_992 2.64 -2.64 100.45 0 0 0 4658 4743
f1w_100 f0_348 f0_420 -2.25 2.25 96.88 0 0 0 4719 4711
f1w_101 f0_220 f0_527 -14.69 14.69 89.23 0 0 0 4669 4687
f1w_102 f0_451 f0_546 -8.12 8.12 87.63 0 0 0 4712 4661
f1w_103 f0_208 f0_305 0.14 -0.14 95.32 0 0 0 4702 4690
f1w_104 f0_261 f0_758 0.58 -0.58 102.72 0 0 0 4695 4694
f1w_105 f0_387 f0_722 -2.76 2.76 91.16 0 0 0 4670 4641
f1w_106 f0_611 f0_899 -5.16 5.16 88.53 0 0 0 4655 4638
f1w_108 f0_316 f0_780 -11.68 11.68 88.16 0 0 0 4774 4675
f1w_111 f0_295 f0_829 3.58 -3.58 89.07 0 0 0 4669 4705
f1w_112 f0_360 f0_804 -7.71 7.71 94.06 0 0 0 4676 4664
f1w_114 f0_363 f0_519 6.29 -6.29 94.43 0 0 0 4659 4705
f1w_115 f0_508 f0_985 -1.67 1.67 93.43 0 0 0 4625 4670
f1w_116 f0_771 f0_798 1.66 -1.66 95.88 0 0 0 4705 4741
f1w_117 f0_650 f0_934 -0.87 0.87 98.38 0 0 0 4699 4718
f1w_118 f0_300 f0_357 -8.14 8.14 89.45 0 0 0 4693 4719
f1w_124 f0_838 f0_997 -6.88 6.88 92.36 0 0 0 4754 4709
f1w_125 f0_755 f0_758 -1.29 1.29 97.83 0 0 0 4661 4691
f1w_130 f0_357 f0_724 7.93 -7.93 94.39 0 0 0 4753 4684
f1w_132 f0_349 f0_989 2.35 -2.35 97.59 0 0 0 4795 4713
f1w_133 f0_758 f0_970 5.69 -5.69 91.55 0 0 0 4685 4707
f1w_135 f0_258 f0_692 2.03 -2.03 92.88 0 0 0 4700 4701
f1w_138 f0_478 f0_630 -8.29 8.29 93.69 0 0 0 4803 4785
f1w_139 f0_719 f0_909 -18.43 18.43 85.56 0 0 0 4732 4732
f1w_140 f0_300 f0_897 2.7 -2.7 89.79 0 0 0 4595 4601
f1w_142 f0_674 f0_899 -2.13 2.13 94.29 0 0 0 4634 4682
f1w_144 f0_292 f0_835 1.03 -1.03 90.7 0 0 0 4789 4669
f1w_147 f0_237 f0_839 3.26 -3.26 100.94 0 0 0 4612 4679
f1w_149 f0_636 f0_855 0.74 -0.74 93.67 0 0 0 4630 4627
f1w_150 f0_422 f0_634 2.95 -2.95 98.03 0 0 0 4593 4644
f1w_153 f0_295 f0_879 -0.47 0.47 94.49 0 0 0 4676 4693
f1w_155 f0_470 f0_738 7.29 -7.29 90.74 0 0 0 4698 4714
f1w_160 f0_563 f0_875 -0.39 0.39 90.13 0 0 0 4609 4624
f1w_162 f0_611 f0_778 -0.38 0.38 96.01 0 0 0 4699 4686
f1w_166 f0_861 f0_928 8.24 -8.24 92.85 0 0 0 4731 4720
f1w_168 f0_416 f0_872 -9.82 9.82 88.12 0 0 0 4727 4657
f1w_169 f0_753 f0_940 7.16 -7.16 94.07 0 0 0 4716 4723
f1w_171 f0_643 f0_962 -3.16 3.16 97.73 0 0 0 4725 4674
f1w_172 f0_483 f0_746 -5.57 5.57 94.27 0 0 0 4692 4659
f1w_174 f0_490 f0_862 2.57 -2.57 101.58 0 0 0 4741 4726
f1w_178 f0_241 f0_784 -6.5 6.5 95.22 0 0 0 4708 4655
f1w_179 f0_630 f0_764 1.23 -1.23 94.72 0 0 0 4723 4608
f1w_182 f0_574 f0_608 -7.81 7.81 87.17 0 0 0 4708 4704
f1w_184 f0_379 f0_951 0.69 -0.69 97.23 0 0 0 4674 4697
f1w_188 f0_416 f0_617 -3.3 3.3 95.4 0 0 0 4710 4706
f1w_189 f0_514 f0_552 2.94 -2.94 96.09 0 0 0 4712 4699
f1w_194 f0_337 f0_421 0.34 -0.34 101.64 0 0 0 4677 4778
f1w_197 f0_361 f0_402 -7.08 7.08 92.51 0 0 0 4701 4746
f1w_198 f0_902 f0_933 8.12 -8.12 97.04 0 0 0 4764 4752
f1w_201 f0_597 f0_639 -9.92 9.92 95.17 0 0 0 4737 4763
f1w_202 f0_485 f0_952 9.35 -9.35 95.42 0 0 0 4619 4734
f1w_204 f0_477 f0_806 -6.6 6.6 89.54 0 0 0 4708 4707
f1w_205 f0_312 f0_956 -2.48 2.48 93.49 0 0 0 4696 4745
f1w_207 f0_394 f0_828 0.32 -0.32 100.71 0 0 0 4736 4698
f1w_209 f0_324 f0_761 -8.32 8.32 89.45 0 0 0 4710 4695
f1w_213 f0_366 f0_436 -7.81 7.81 96.46 0 0 0 4723 4707
f1w_214 f0_332 f0_990 -3.23 3.23 95.18 0 0 0 4724 4625
f1w_216 f0_526 f0_896 -0.89 0.89 98.28 0 0 0 4698 4722
f1w_218 f0_248 f0_674 -0.38 0.38 93.03 0 0 0 4622 4635
f1w_219 f0_486 f0_610 -8.77 8.77 91.86 0 0 0 4682 4658
f1w_221 f0_485 f0_909 -3.44 3.44 93.34 0 0 0 4583 4647
f1w_222 f0_685 f0_793 8.76 -8.76 86 0 0 0 4610 4629
f1w_223 f0_292 f0_373 -7.52 7.52 93.56 0 0 0 4749 4740
f1w_224 f0_501 f0_814 5.03 -5.03 91.64 0 0 0 4641 4692
f1w_225 f0_440 f0_839 -3.2 3.2 98.04 0 0 0 4743 4738
f1w_226 f0_753 f0_952 -0.89 0.89 97.52 0 0 0 4757 4754
f1w_227 f0_538 f0_704 -7.57 7.57 92.05 0 0 0 4704 4750
f1w_228 f0_206 f0_313 9.42 -9.42 88.59 0 0 0 4693 4737
f1w_229 f0_224 f0_676 3.47 -3.47 95.44 0 0 0 4680 4718
f1w_232 f0_237 f0_291 -5.44 5.44 95.3 0 0 0 4599 4714
f1w_239 f0_303 f0_421 -1.78 1.78 97.59 0 0 0 4679 4723
f1w_240 f0_352 f0_792 -7.53 7.53 95.21 0 0 0 4686 4734
f1w_242 f0_524 f0_816 -0.13 0.13 90.8 0 0 0 4742 4713
f1w_243 f0_288 f0_915 6.63 -6.63 89.02 0 0 0 4675 4615
f1w_245 f0_690 f0_702 1.83 -1.83 96.1 0 0 0 4654 4702
f1w_246 f0_672 f0_823 10.71 -10.71 89.97 0 0 0 4682 4623
f1w_249 f0_292 f0_715 0.49 -0.49 97.24 0 0 0 4768 4719
f1w_251 f0_664 f0_924 -3.34 3.34 93.81 0 0 0 4685 4647
f1w_252 f0_369 f0_933 7.82 -7.82 98.24 0 0 0 4722 4738
f1w_254 f0_258 f0_952 -0.78 0.78 90.15 0 0 0 4644 4766
f1w_256 f0_672 f0_1000 -9.8 9.8 96.51 0 0 0 4785 4705
f1w_260 f0_476 f0_852 -1.23 1.23 95.33 0 0 0 4690 4705
f1w_262 f0_247 f0_700 -1.94 1.94 100.02 0 0 0 4738 4689
f1w_263 f0_579 f0_751 0.57 -0.57 92.8 0 0 0 4628 4585
f1w_265 f0_499 f0_936 3.12 -3.12 97.22 0 0 0 4668 4719
f1w_270 f0_525 f0_850 4.83 -4.83 96.6 0 0 0 4639 4717
f1w_272 f0_229 f0_399 -4.79 4.79 94.45 0 0 0 4706 4698
f1w_273 f0_270 f0_402 -10.33 10.33 87.69 0 0 0 4692 4759
f1w_274 f0_612 f0_678 -3.28 3.28 95.4 0 0 0 4708 4673
f1w_278 f0_326 f0_990 -6.12 6.12 90.9 0 0 0 4773 4701
f1w_279 f0_393 f0_711 3.75 -3.75 96.13 0 0 0 4652 4717
f1w_280 f0_639 f0_831 6.12 -6.12 97.43 0 0 0 4750 4755
f1w_281 f0_861 f0_913 8.85 -8.85 90.3 0 0 0 4726 4805
f1w_282 f0_238 f0_400 -7.45 7.45 92.87 0 0 0 4714 4669
f1w_283 f0_261 f0_995 2.58 -2.58 102.66 0 0 0 4665 4644
f1w_285 f0_235 f0_730 6.22 -6.22 99.19 0 0 0 4675 4679
f1w_286 f0_449 f0_518 3.23 -3.23 94.93 0 0 0 4733 4697
f1w_287 f0_420 f0_444 -6.5 6.5 94.65 0 0 0 4661 4811
f1w_289 f0_564 f0_955 3.9 -3.9 94.07 0 0 0 4738 4710
f1w_290 f0_785 f0_985 3.53 -3.53 91.67 0 0 0 4652 4693
f1w_293 f0_249 f0_825 0.82 -0.82 96.5 0 0 0 4724 4748
f1w_297 f0_596 f0_740 1.49 -1.49 89.55 0 0 0 4654 4734
f1w_299 f0_228 f0_613 -2.11 2.11 87.07 0 0 0 4618 4669
f1w_300 f0_628 f0_931 -3.93 3.93 89.49 0 0 0 4685 4633
f1w_301 f0_819 f0_852 1.7 -1.7 94.21 0 0 0 4686 4753
f1w_302 f0_535 f0_790 -10.16 10.16 98.16 0 0 0 4727 4725
f1w_305 f0_407 f0_640 -12.65 12.65 83.33 0 0 0 4703 4610
f1w_310 f0_634 f0_854 -11.28 11.28 96.11 0 0 0 4691 4696
f1w_311 f0_275 f0_875 -5.54 5.54 96.09 0 0 0 4660 4701
f1w_315 f0_267 f0_612 -0.01 0.01 97.56 0 0 0 4656 4692
f1w_316 f0_210 f0_524 -4.37 4.37 101.63 0 0 0 4755 4719
f1w_317 f0_377 f0_882 -3.95 3.95 95.47 0 0 0 4721 4707
f1w_318 f0_449 f0_732 -6.16 6.16 87.92 0 0 0 4639 4648
f1w_319 f0_401 f0_590 1.45 -1.45 92.25 0 0 0 4687 4669
f1w_320 f0_727 f0_869 -0.91 0.91 95.31 0 0 0 4696 4640
f1w_322 f0_871 f0_917 -6.93 6.93 92.17 0 0 0 4784 4794
f1w_323 f0_441 f0_589 6.09 -6.09 102.73 0 0 0 4815 4738
f1w_324 f0_820 f0_850 5.03 -5.03 99.55 0 0 0 4659 4751
f1w_325 f0_297 f0_842 8.33 -8.33 94.76 0 0 0 4776 4716
f1w_326 f0_740 f0_918 -5.71 5.71 94.59 0 0 0 4745 4791
f1w_327 f0_727 f0_883 -3.12 3.12 94.61 0 0 0 4750 4690
f1w_328 f0_367 f0_739 4.28 -4.28 97.37 0 0 0 4757 4775
f1w_330 f0_696 f0_771 -9.1 9.1 90.91 0 0 0 4738 4702
f1w_331 f0_310 f0_416 1.29 -1.29 102.5 0 0 0 4626 4675
f1w_333 f0_841 f0_867 -7.27 7.27 86.1 0 0 0 4666 4736
f1w_334 f0_476 f0_565 -2.94 2.94 89.41 0 0 0 4763 4753
f1w_335 f0_956 f0_995 -4.42 4.42 91.84 0 0 0 4743 4665
f1w_337 f0_208 f0_378 -0.45 0.45 97.24 0 0 0 4730 4722
f1w_340 f0_319 f0_530 -2.04 2.04 95.39 0 0 0 4718 4755
f1w_341 f0_542 f0_727 1.64 -1.64 98.58 0 0 0 4743 4780
f1w_342 f0_516 f0_768 -4.98 4.98 92.48 0 0 0 4685 4743
f1w_343 f0_471 f0_548 -9.82 9.82 97.45 0 0 0 4705 4717
f1w_346 f0_206 f0_708 -0.7 0.7 95.61 0 0 0 4667 4684
f1w_347 f0_869 f0_900 7.13 -7.13 93.83 0 0 0 4638 4639
f1w_348 f0_656 f0_929 5.43 -5.43 93.76 0 0 0 4768 4794
f1w_349 f0_212 f0_728 -5.38 5.38 89.71 0 0 0 4781 4741
f1w_351 f0_313 f0_618 13.39 -13.39 88.53 0 0 0 4688 4697
f1w_353 f0_343 f0_801 10.94 -10.94 92.11 0 0 0 4647 4630
f1w_356 f0_478 f0_780 -3.31 3.31 96.49 0 0 0 4719 4611
f1w_358 f0_783 f0_957 5.57 -5.57 97.92 0 0 0 4714 4746
f1w_361 f0_549 f0_566 4.15 -4.15 97.01 0 0 0 4632 4668
f1w_362 f0_508 f0_884 -9.56 9.56 87.05 0 0 0 4740 4694
f1w_364 f0_463 f0_582 3.12 -3.12 95.69 0 0 0 4749 4717
f1w_372 f0_477 f0_722 4.49 -4.49 93.73 0 0 0 4633 4696
f1w_375 f0_506 f0_801 9.6 -9.6 94.11 0 0 0 4774 4731
f1w_379 f0_269 f0_277 -7.97 7.97 91.01 0 0 0 4722 4753
f1w_382 f0_303 f0_610 2.02 -2.02 99.26 0 0 0 4620 4657
f1w_383 f0_425 f0_470 0.25 -0.25 94.77 0 0 0 4688 4687
f1w_387 f0_542 f0_777 0.46 -0.46 97.79 0 0 0 4671 4748
f1w_388 f0_299 f0_320 1.53 -1.53 97.38 0 0 0 4655 4714
f1w_390 f0_257 f0_836 10.69 -10.69 96.17 0 0 0 4686 4790
f1w_398 f0_774 f0_969 2.79 -2.79 94.4 0 0 0 4669 4645
f1w_400 f0_326 f0_768 1.89 -1.89 100.48 0 0 0 4763 4716
f1w_402 f0_436 f0_965 -1.66 1.66 96.51 0 0 0 4745 4696
f1w_403 f0_516 f0_860 3.83 -3.83 98.53 0 0 0 4702 4681
f1w_404 f0_331 f0_424 2.76 -2.76 93.63 0 0 0 4768 4770
f1w_405 f0_323 f0_973 7.81 -7.81 92.25 0 0 0 4686 4632
f1w_406 f0_214 f0_679 5.97 -5.97 95.7 0 0 0 4656 4621
f1w_408 f0_365 f0_856 1.64 -1.64 93.25 0 0 0 4723 4706
f1w_409 f0_530 f0_856 2.13 -2.13 100.54 0 0 0 4757 4781
f1w_410 f0_212 f0_852 2.47 -2.47 93.28 0 0 0 4715 4748
f1w_413 f0_270 f0_633 2.08 -2.08 101.54 0 0 0 4720 4755
f1w_414 f0_757 f0_814 -13.42 13.42 92.25 0 0 0 4665 4634
f1w_418 f0_604 f0_660 8.01 -8.01 94.31 0 0 0 4732 4709
f1w_419 f0_388 f0_842 -12.03 12.03 92.48 0 0 0 4672 4645
f1w_420 f0_416 f0_438 1.92 -1.92 97.18 0 0 0 4740 4752
f1w_421 f0_421 f0_898 -0.81 0.81 92.84 0 0 0 4786 4725
f1w_422 f0_379 f0_855 5.2 -5.2 84.77 0 0 0 4651 4627
f1w_423 f0_370 f0_421 -2.04 2.04 92.55 0 0 0 4651 4656
f1w_425 f0_328 f0_619 2.7 -2.7 91.48 0 0 0 4761 4639
f1w_427 f0_476 f0_1000 1.19 -1.19 96.66 0 0 0 4715 4638
f1w_428 f0_441 f0_762 7.06 -7.06 91.59 0 0 0 4843 4773
f1w_430 f0_226 f0_515 -1.5 1.5 98.46 0 0 0 4666 4687
f1w_433 f0_290 f0_761 -0.13 0.13 90.15 0 0 0 4663 4718
f1w_436 f0_573 f0_582 -13.11 13.11 91.33 0 0 0 4750 4713
f1w_437 f0_291 f0_836 7.98 -7.98 92.97 0 0 0 4710 4747
f1w_439 f0_494 f0_994 -2.94 2.94 100.54 0 0 0 4666 4727
f1w_441 f0_495 f0_691 -4.05 4.05 87.86 0 0 0 4643 4652
f1w_443 f0_340 f0_586 -14.06 14.06 94.41 0 0 0 4705 4649
f1w_447 f0_706 f0_946 0.3 -0.3 92.11 0 0 0 4629 4635
f1w_449 f0_251 f0_352 3.91 -3.91 99.73 0 0 0 4747 4663
f1w_451 f0_387 f0_867 4.96 -4.96 92.84 0 0 0 4670 4687
f1w_453 f0_307 f0_850 -5.79 5.79 98.14 0 0 0 4653 4720
f1w_455 f0_245 f0_410 -2.17 2.17 96.44 0 0 0 4735 4678
f1w_456 f0_295 f0_684 6.24 -6.24 96.8 0 0 0 4658 4629
f1w_458 f0_737 f0_994 -8.44 8.44 95.29 0 0 0 4733 4742
f1w_459 f0_285 f0_449 -2.06 2.06 94.95 0 0 0 4702 4651
f1w_460 f0_316 f0_790 -4.07 4.07 95.23 0 0 0 4750 4706
f1w_461 f0_225 f0_363 1.95 -1.95 99.45 0 0 0 4786 4682
f1w_462 f0_359 f0_965 -2.27 2.27 95.09 0 0 0 4752 4767
f1w_463 f0_405 f0_913 3.68 -3.68 100.97 0 0 0 4686 4804
f1w_466 f0_366 f0_686 3.95 -3.95 93.31 0 0 0 4686 4674
f1w_467 f0_315 f0_865 -6.92 6.92 90.67 0 0 0 4698 4640
f1w_468 f0_634 f0_951 -17.87 17.87 89.36 0 0 0 4706 4739
f1w_469 f0_618 f0_890 2.68 -2.68 93.99 0 0 0 4723 4665
f1w_470 f0_241 f0_753 -11.51 11.51 90.11 0 0 0 4680 4710
f1w_471 f0_373 f0_977 -3.89 3.89 96.63 0 0 0 4720 4690
f1w_474 f0_361 f0_696 -11.04 11.04 86.85 0 0 0 4695 4715
f1w_476 f0_252 f0_456 -1.7 1.7 88.81 0 0 0 4615 4709
f1w_478 f0_546 f0_934 4.85 -4.85 96.05 0 0 0 4641 4692
f1w_479 f0_563 f0_847 4.01 -4.01 95.12 0 0 0 4639 4730
f1w_482 f0_264 f0_552 -7.48 7.48 92.42 0 0 0 4707 4712
f1w_483 f0_487 f0_757 0.61 -0.61 97.43 0 0 0 4739 4726
f1w_485 f0_229 f0_829 7.9 -7.9 91.71 0 0 0 4621 4676
f1w_487 f0_294 f0_701 7.82 -7.82 96.6 0 0 0 4765 4601
f1w_489 f0_655 f0_944 5.64 -5.64 93.04 0 0 0 4734 4739
f1w_491 f0_438 f0_959 1.51 -1.51 90.04 0 0 0 4691 4651
f1w_494 f0_523 f0_663 0.8 -0.8 93.99 0 0 0 4650 4636
f1w_495 f0_860 f0_890 8.92 -8.92 92.34 0 0 0 4671 4668
f1w_498 f0_616 f0_934 0.31 -0.31 99.66 0 0 0 4745 4737
f1w_500 f0_217 f0_366 6.64 -6.64 97.5 0 0 0 4749 4720
f2_4 f1h_280 f1w_327 8.18 -8.18 90.89 0 0 0 4686 4700
f2_7 f1h_477 f1w_410 2.42 -2.42 95.08 0 0 0 4744 4691
f2_10 f1w_393 f1w_473 10.77 -10.77 94.54 0 0 0 4719 4688
f2_12 f1w_194 f1w_239 3.89 -3.89 125.76 0 0 0 4731 4724
f2_13 f1w_32 f1w_475 -2.85 2.85 90.58 0 0 0 4688 4655
f2_16 f1h_430 f1w_476 -7.22 7.22 92.71 0 0 0 4722 4709
f2_18 f1h_403 f1w_310 -4.56 4.56 98.68 0 0 0 4765 4740
f2_20 f1h_44 f1h_57 1.04 -1.04 97.6 0 0 0 4697 4728
f2_21 f1h_299 f1w_486 7.78 -7.78 88.61 0 0 0 4738 4733
f2_23 f1h_452 f1w_76 7.26 -7.26 91.28 0 0 0 4649 4711
f2_25 f1h_220 f1h_447 0.19 -0.19 91.56 0 0 0 4691 4739
f2_28 f1h_283 f1h_284 6.53 -6.53 129.11 0 0 0 4805 4718
f2_29 f1w_400 f1w_421 7.49 -7.49 87.1 0 0 0 4666 4704
f2_30 f1h_250 f1h_419 -5.39 5.39 95.88 0 0 0 4754 4715
f2_31 f1w_98 f1w_279 -2.11 2.11 97.12 0 0 0 4727 4715
f2_34 f1w_289 f1w_372 0.4 -0.4 91.98 0 0 0 4705 4730
f2_35 f1w_108 f1w_458 -0.46 0.46 95.21 0 0 0 4679 4698
f2_36 f1h_448 f1w_232 2.44 -2.44 98.44 0 0 0 4740 4768
f2_37 f1h_242 f1w_331 9.08 -9.08 98.11 0 0 0 4734 4654
f2_39 f1h_382 f1w_43 -1.91 1.91 89.55 0 0 0 4745 4649
f2_42 f1h_97 f1w_217 -1.24 1.24 96.66 0 0 0 4645 4641
f2_43 f1h_353 f1w_141 -1 1 97.93 0 0 0 4757 4745
f2_47 f1h_160 f1h_166 0.23 -0.23 93.72 0 0 0 4661 4670
f2_48 f1w_171 f1w_340 6.38 -6.38 95.28 0 0 0 4714 4777
f2_50 f1h_56 f1w_442 2.39 -2.39 94.23 0 0 0 4689 4667
f2_51 f1w_329 f1w_369 5.54 -5.54 95.05 0 0 0 4664 4676
f2_52 f1h_29 f1h_39 -12.44 12.44 125.2 0 0 0 4723 4649
f2_54 f1h_121 f1w_224 -0.51 0.51 98.62 0 0 0 4715 4686
f2_57 f1h_217 f1w_417 1.64 -1.64 94.71 0 0 0 4643 4721
f2_58 f1h_138 f1w_84 -7.59 7.59 94.46 0 0 0 4647 4671
f2_60 f1w_117 f1w_213 4.25 -4.25 94.4 0 0 0 4675 4666
f2_62 f1w_245 f1w_331 -10.17 10.17 91.03 0 0 0 4658 4686
f2_63 f1h_55 f1w_15 -12.83 12.83 92.68 0 0 0 4745 4702
f2_67 f1h_393 f1h_494 3.31 -3.31 96.92 0 0 0 4744 4751
f2_68 f1h_42 f1w_460 9.01 -9.01 91.67 0 0 0 4783 4709
f2_69 f1h_369 f1w_148 -0.84 0.84 98.88 0 0 0 4731 4737
f2_70 f1h_379 f1w_394 2.16 -2.16 95.17 0 0 0 4667 4723
f2_72 f1h_14 f1h_345 2.94 -2.94 98.65 0 0 0 4682 4699
f2_73 f1h_405 f1w_178 3.71 -3.71 93.97 0 0 0 4645 4668
f2_75 f1h_46 f1h_115 17.08 -17.08 94.33 0 0 0 4673 4621
f2_78 f1h_375 f1w_278 1.41 -1.41 100.64 0 0 0 4718 4751
f2_82 f1h_252 f1h_332 -14.02 14.02 92.57 0 0 0 4660 4651
f2_84 f1h_6 f1w_169 -4.56 4.56 96.45 0 0 0 4709 4784
f2_87 f1h_381 f1w_463 5.55 -5.55 101.04 0 0 0 4760 4784
f2_93 f1h_482 f1w_210 0.85 -0.85 92.34 0 0 0 4651 4705
f2_95 f1h_39 f1h_443 -11.48 11.48 88.61 0 0 0 4684 4734
f2_96 f1w_319 f1w_370 11.58 -11.58 86.44 0 0 0 4648 4677
f2_97 f1h_56 f1h_432 1.11 -1.11 98.59 0 0 0 4740 4724
f2_98 f1h_6 f1h_343 -1.28 1.28 96.29 0 0 0 4714 4735
f2_99 f1w_46 f1w_177 4.07 -4.07 91.13 0 0 0 4677 4699
f2_102 f1h_478 f1w_393 -1.11 1.11 101.31 0 0 0 4687 4680
f2_105 f1w_422 f1w_439 1.76 -1.76 90.72 0 0 0 4680 4688
f2_108 f1w_65 f1w_410 1.69 -1.69 97.76 0 0 0 4684 4697
f2_109 f1w_197 f1w_491 3.14 -3.14 96.31 0 0 0 4718 4656
f2_110 f1h_148 f1w_191 2.09 -2.09 94.12 0 0 0 4625 4637
f2_111 f1h_83 f1h_354 -2.74 2.74 92.83 0 0 0 4608 4659
f2_112 f1w_240 f1w_290 11.49 -11.49 89.98 0 0 0 4763 4773
f2_113 f1h_29 f1h_224 -3.32 3.32 92.18 0 0 0 4729 4738
f2_115 f1h_453 f1w_428 -4.73 4.73 90.29 0 0 0 4628 4724
f2_116 f1h_192 f1w_182 -1.07 1.07 95.85 0 0 0 4739 4708
f2_117 f1h_360 f1h_465 7.86 -7.86 89.19 0 0 0 4689 4698
f2_121 f1h_54 f1w_107 -2.11 2.11 99.84 0 0 0 4712 4703
f2_123 f1h_141 f1w_97 6.53 -6.53 95.41 0 0 0 4718 4690
f2_125 f1h_343 f1w_321 4.53 -4.53 92.63 0 0 0 4658 4659
f2_126 f1h_338 f1w_130 4.34 -4.34 88.39 0 0 0 4665 4705
f2_127 f1w_220 f1w_279 0.58 -0.58 97.35 0 0 0 4655 4709
f2_128 f1h_59 f1h_126 -1.8 1.8 92.11 0 0 0 4668 4656
f2_130 f1w_223 f1w_386 -3.73 3.73 88.82 0 0 0 4775 4703
f2_133 f1w_221 f1w_441 -3.12 3.12 91.03 0 0 0 4662 4612
f2_136 f1h_481 f1w_433 -1.64 1.64 93.03 0 0 0 4607 4655
f2_137 f1w_53 f1w_323 -2.21 2.21 102.84 0 0 0 4722 4781
f2_139 f1w_299 f1w_391 -2.89 2.89 94.02 0 0 0 4677 4739
f2_140 f1w_11 f1w_228 -2.12 2.12 96.6 0 0 0 4825 4758
f2_144 f1h_49 f1h_458 -0.87 0.87 94.54 0 0 0 4772 4714
f2_149 f1w_64 f1w_210 9.56 -9.56 87.46 0 0 0 4680 4725
f2_150 f1h_57 f1w_47 2.09 -2.09 100.5 0 0 0 4744 4696
f2_151 f1h_41 f1w_101 6.2 -6.2 89.99 0 0 0 4689 4650
f2_153 f1w_56 f1w_64 -7.69 7.69 89.91 0 0 0 4660 4684
f2_154 f1h_17 f1h_221 -4.78 4.78 92.17 0 0 0 4803 4747
f2_155 f1w_108 f1w_241 -1.88 1.88 91.13 0 0 0 4691 4696
f2_157 f1h_337 f1w_213 4.43 -4.43 95.89 0 0 0 4709 4731
f2_160 f1h_152 f1h_200 -1.32 1.32 102 0 0 0 4681 4700
f2_161 f1w_296 f1w_327 -5.72 5.72 96.71 0 0 0 4782 4730
f2_162 f1h_476 f1w_158 8.99 -8.99 86.15 0 0 0 4702 4754
f2_164 f1h_74 f1w_406 7.4 -7.4 93.71 0 0 0 4657 4627
f2_167 f1h_126 f1h_299 8.3 -8.3 90.5 0 0 0 4671 4688
f2_169 f1w_70 f1w_474 -4.2 4.2 93.58 0 0 0 4692 4744
f2_170 f1h_264 f1w_274 2.64 -2.64 86.52 0 0 0 4682 4642
f2_173 f1h_493 f1w_248 2.9 -2.9 101.19 0 0 0 4793 4817
f2_176 f1h_131 f1h_485 4.9 -4.9 95.62 0 0 0 4765 4664
f2_177 f1w_158 f1w_434 -1.9 1.9 92.81 0 0 0 4787 4708
f2_178 f1h_469 f1w_274 7.57 -7.57 91.92 0 0 0 4752 4703
f2_179 f1h_255 f1h_358 -7.37 7.37 90.71 0 0 0 4660 4664
f2_181 f1h_123 f1w_135 7.37 -7.37 93.39 0 0 0 4650 4735
f2_182 f1w_13 f1w_315 1.64 -1.64 94.41 0 0 0 4711 4632
f2_184 f1h_180 f1w_398 3.19 -3.19 91.92 0 0 0 4690 4636
f2_186 f1w_61 f1w_340 -3.08 3.08 92.46 0 0 0 4657 4738
f2_194 f1w_45 f1w_301 2.78 -2.78 94.03 0 0 0 4686 4707
f2_195 f1w_197 f1w_471 -4.59 4.59 95.04 0 0 0 4748 4759
f2_197 f1w_134 f1w_256 5.11 -5.11 96.88 0 0 0 4661 4760
f2_199 f1h_208 f1w_11 6.69 -6.69 91.02 0 0 0 4594 4709
f2_201 f1w_232 f1w_405 -5.55 5.55 92.19 0 0 0 4686 4662
f2_202 f1h_30 f1w_57 4.14 -4.14 92.29 0 0 0 4687 4693
f2_203 f1h_200 f1w_135 -1.33 1.33 96.59 0 0 0 4680 4754
f2_205 f1h_324 f1w_144 2.32 -2.32 97.48 0 0 0 4655 4716
f2_207 f1h_410 f1w_375 11.79 -11.79 91.89 0 0 0 4638 4702
f2_208 f1h_221 f1w_190 11.24 -11.24 93.09 0 0 0 4678 4674
f2_209 f1h_378 f1w_227 -3.93 3.93 91.04 0 0 0 4733 4705
f2_210 f1w_215 f1w_246 3.47 -3.47 98.21 0 0 0 4710 4659
f2_211 f1h_146 f1h_289 6.86 -6.86 92.56 0 0 0 4689 4619
f2_212 f1h_149 f1h_370 -2.39 2.39 90.04 0 0 0 4656 4720
f2_213 f1h_197 f1h_432 10.94 -10.94 89.18 0 0 0 4742 4665
f2_216 f1h_109 f1w_447 -1.41 1.41 94.38 0 0 0 4629 4617
f2_221 f1h_335 f1h_375 4.91 -4.91 89.12 0 0 0 4647 4683
f2_226 f1h_12 f1h_134 -1.75 1.75 94.14 0 0 0 4625 4672
f2_227 f1h_206 f1w_241 -0.74 0.74 98.1 0 0 0 4702 4714
f2_232 f1h_222 f1h_449 -2.89 2.89 94.21 0 0 0 4716 4663
f2_238 f1h_172 f1w_93 0.53 -0.53 96.58 0 0 0 4696 4649
f2_239 f1h_148 f1h_233 2.4 -2.4 96.66 0 0 0 4659 4707
f2_241 f1w_34 f1w_121 8.87 -8.87 96.9 0 0 0 4715 4695
f2_242 f1h_181 f1h_239 -8.77 8.77 95.29 0 0 0 4691 4720
f2_244 f1h_390 f1w_74 -4.47 4.47 94.01 0 0 0 4693 4667
f2_246 f1h_340 f1w_301 -3.32 3.32 97.44 0 0 0 4809 4773
f2_247 f1h_468 f1w_386 -7.58 7.58 87.55 0 0 0 4682 4724
f2_248 f1h_439 f1w_243 -2.83 2.83 93.7 0 0 0 4718 4714
f2_249 f1h_49 f1h_222 -2.69 2.69 93.92 0 0 0 4792 4703
f2_252 f1h_428 f1w_101 7.13 -7.13 100.87 0 0 0 4681 4652
f2_253 f1h_255 f1w_379 -9.03 9.03 95.28 0 0 0 4716 4739
f2_254 f1w_69 f1w_247 4.93 -4.93 95.27 0 0 0 4699 4726
f2_255 f1h_2 f1w_223 10.42 -10.42 95.66 0 0 0 4681 4746
f2_256 f1h_456 f1h_477 1.86 -1.86 92.67 0 0 0 4780 4792
f2_257 f1h_215 f1w_236 3.13 -3.13 96.78 0 0 0 4752 4705
f2_259 f1h_117 f1w_43 -4.19 4.19 87.13 0 0 0 4668 4640
f2_260 f1w_478 f1w_481 7.04 -7.04 84.93 0 0 0 4644 4635
f2_263 f1h_170 f1h_461 -6.81 6.81 96.48 0 0 0 4771 4678
f2_267 f1h_255 f1h_300 -2.48 2.48 100.67 0 0 0 4706 4749
f2_268 f1h_46 f1w_433 4.9 -4.9 94.65 0 0 0 4676 4651
f2_269 f1h_130 f1h_479 0.54 -0.54 96.39 0 0 0 4648 4676
f2_272 f1h_286 f1w_279 2.14 -2.14 93.35 0 0 0 4611 4680
f2_275 f1w_313 f1w_405 -10.66 10.66 86.39 0 0 0 4636 4647
f2_282 f1h_148 f1w_29 6.21 -6.21 88.16 0 0 0 4599 4632
f2_283 f1h_104 f1w_107 3.56 -3.56 96.95 0 0 0 4714 4696
f2_284 f1h_88 f1w_40 -4.06 4.06 94.55 0 0 0 4736 4707
f2_285 f1h_347 f1w_98 0.56 -0.56 96.6 0 0 0 4677 4666
f2_286 f1h_199 f1h_427 3.53 -3.53 98.07 0 0 0 4671 4733
f2_287 f1h_127 f1h_494 13.6 -13.6 89.11 0 0 0 4659 4765
f2_288 f1h_456 f1w_393 1.32 -1.32 94.91 0 0 0 4722 4687
f2_290 f1h_332 f1w_429 -3.33 3.33 97.02 0 0 0 4728 4740
f2_296 f1h_408 f1w_369 -1.04 1.04 97.39 0 0 0 4791 4736
f2_298 f1h_379 f1h_445 8.73 -8.73 95.42 0 0 0 4655 4668
f2_300 f1h_176 f1w_278 -1.23 1.23 96.34 0 0 0 4685 4765
f2_302 f1h_423 f1w_382 -1.83 1.83 98.01 0 0 0 4721 4691
f2_304 f1h_240 f1w_430 4.38 -4.38 91.89 0 0 0 4673 4647
f2_305 f1h_3 f1h_392 0.83 -0.83 90.63 0 0 0 4686 4669
f2_308 f1h_251 f1w_70 3.78 -3.78 95.63 0 0 0 4693 4694
f2_309 f1w_335 f1w_476 -4.64 4.64 93.67 0 0 0 4723 4706
f2_310 f1h_289 f1w_398 -2.23 2.23 92.85 0 0 0 4624 4679
f2_311 f1h_171 f1h_493 -4.49 4.49 96.24 0 0 0 4668 4668
f2_314 f1w_197 f1w_233 -8.77 8.77 88.81 0 0 0 4755 4685
f2_316 f1h_391 f1w_193 -7.85 7.85 90.18 0 0 0 4688 4688
f2_317 f1h_418 f1w_327 -3.1 3.1 89.86 0 0 0 4727 4704
f2_318 f1w_64 f1w_185 6.86 -6.86 94.96 0 0 0 4714 4723
f2_320 f1h_251 f1w_450 1.67 -1.67 91.61 0 0 0 4647 4618
f2_322 f1w_157 f1w_316 4.25 -4.25 91.79 0 0 0 4647 4690
f2_324 f1h_19 f1h_418 -4.84 4.84 95.26 0 0 0 4655 4675
f2_325 f1h_200 f1w_425 -1.83 1.83 95.69 0 0 0 4656 4637
f2_331 f1h_225 f1w_162 -6.68 6.68 91.11 0 0 0 4645 4684
f2_332 f1h_105 f1w_314 -2.82 2.82 97.1 0 0 0 4694 4723
f2_333 f1w_67 f1w_327 -3.24 3.24 91.38 0 0 0 4642 4624
f2_336 f1h_2 f1w_492 -4.27 4.27 94.6 0 0 0 4652 4717
f2_337 f1h_437 f1w_406 11.46 -11.46 96.09 0 0 0 4767 4677
f2_340 f1h_22 f1h_451 -1.32 1.32 97.67 0 0 0 4739 4763
f2_342 f1w_398 f1w_458 0.15 -0.15 96.48 0 0 0 4648 4735
f2_343 f1h_166 f1h_252 -5.31 5.31 97.05 0 0 0 4728 4771
f2_345 f1w_102 f1w_316 -4.66 4.66 91.07 0 0 0 4704 4661
f2_346 f1h_280 f1h_299 4.88 -4.88 91.76 0 0 0 4646 4735
f2_348 f1w_219 f1w_341 13.51 -13.51 91.24 0 0 0 4672 4764
f2_349 f1h_181 f1w_158 -5.02 5.02 96.21 0 0 0 4730 4740
f2_350 f1h_195 f1w_169 0.06 -0.06 98.21 0 0 0 4784 4737
f2_353 f1h_47 f1h_498 -1.65 1.65 90.74 0 0 0 4642 4725
f2_354 f1h_215 f1w_102 -7.41 7.41 88.31 0 0 0 4678 4641
f2_355 f1h_481 f1w_325 10.98 -10.98 92.27 0 0 0 4647 4681
f2_358 f1w_453 f1w_468 3.87 -3.87 99.96 0 0 0 4694 4741
f2_361 f1h_181 f1w_134 4.27 -4.27 99.5 0 0 0 4708 4722
f2_362 f1h_360 f1w_76 -7.89 7.89 91.37 0 0 0 4701 4735
f2_364 f1w_127 f1w_249 -0.86 0.86 96.55 0 0 0 4744 4736
f2_373 f1h_454 f1w_352 -1.12 1.12 90.26 0 0 0 4602 4644
f2_374 f1h_32 f1h_81 -2.2 2.2 97.28 0 0 0 4769 4685
f2_375 f1h_48 f1w_153 0.67 -0.67 92.32 0 0 0 4657 4648
f2_377 f1h_206 f1h_277 7.49 -7.49 88.63 0 0 0 4630 4641
f2_378 f1h_418 f1w_468 3.38 -3.38 99.77 0 0 0 4728 4683
f2_379 f1h_22 f1w_156 -1.07 1.07 91.76 0 0 0 4668 4606
f2_384 f1h_280 f1w_358 7.11 -7.11 91.77 0 0 0 4692 4807
f2_386 f1w_160 f1w_193 2.27 -2.27 94.31 0 0 0 4699 4697
f2_387 f1w_33 f1w_156 -9.33 9.33 89.36 0 0 0 4758 4706
f2_388 f1w_60 f1w_210 1.44 -1.44 96.37 0 0 0 4644 4701
f2_389 f1h_4 f1w_135 -2.57 2.57 91.18 0 0 0 4731 4725
f2_391 f1h_20 f1h_172 -2.25 2.25 96.87 0 0 0 4726 4697
f2_395 f1w_63 f1w_272 3.67 -3.67 93.12 0 0 0 4620 4653
f2_396 f1h_82 f1h_205 7.99 -7.99 94.04 0 0 0 4707 4729
f2_397 f1h_264 f1h_432 1.17 -1.17 94.52 0 0 0 4636 4670
f2_399 f1w_216 f1w_316 5.37 -5.37 87.63 0 0 0 4688 4718
f2_400 f1h_278 f1w_175 1.49 -1.49 96.6 0 0 0 4626 4658
f2_406 f1h_143 f1h_193 -2.02 2.02 89.12 0 0 0 4704 4694
f2_407 f1h_417 f1w_190 1.18 -1.18 104.31 0 0 0 4745 4706
f2_410 f1h_220 f1h_350 4.61 -4.61 91.77 0 0 0 4639 4633
f2_412 f1h_462 f1w_285 4.29 -4.29 94.45 0 0 0 4666 4684
f2_414 f1w_25 f1w_317 5.67 -5.67 98.93 0 0 0 4695 4717
f2_415 f1h_253 f1h_255 9.08 -9.08 90.59 0 0 0 4640 4623
f2_416 f1h_217 f1h_410 0.79 -0.79 98.19 0 0 0 4658 4710
f2_420 f1w_174 f1w_363 -0.38 0.38 92.95 0 0 0 4650 4551
f2_421 f1w_211 f1w_361 -0.44 0.44 99.68 0 0 0 4716 4703
f2_422 f1h_31 f1w_348 6.63 -6.63 94.63 0 0 0 4659 4786
f2_423 f1h_262 f1w_404 0.38 -0.38 97.21 0 0 0 4651 4751
f2_427 f1h_470 f1w_76 5.08 -5.08 93.91 0 0 0 4649 4703
f2_431 f1h_450 f1w_65 -0.23 0.23 102.25 0 0 0 4572 4662
f2_437 f1h_338 f1w_365 -6.17 6.17 86.79 0 0 0 4704 4710
f2_440 f1h_134 f1h_202 2.8 -2.8 93.85 0 0 0 4666 4726
f2_444 f1h_491 f1w_319 1.03 -1.03 92.07 0 0 0 4703 4730
f2_445 f1h_48 f1w_344 -0.1 0.1 92.25 0 0 0 4676 4657
f2_447 f1h_24 f1w_193 -15.25 15.25 88.16 0 0 0 4689 4668
f2_448 f1w_257 f1w_305 -16.36 16.36 94.01 0 0 0 4706 4693
f2_450 f1w_30 f1w_351 7.25 -7.25 93.18 0 0 0 4759 4728
f2_451 f1h_338 f1w_326 3.22 -3.22 97.92 0 0 0 4743 4795
f2_453 f1w_121 f1w_463 -3.57 3.57 97.47 0 0 0 4733 4730
f2_456 f1w_189 f1w_317 -3.6 3.6 95.33 0 0 0 4689 4729
f2_460 f1h_164 f1w_419 -7.87 7.87 92.11 0 0 0 4713 4682
f2_461 f1w_182 f1w_352 1.72 -1.72 90.46 0 0 0 4788 4729
f2_464 f1h_246 f1h_425 2.03 -2.03 95.21 0 0 0 4750 4699
f2_467 f1h_143 f1w_283 6.62 -6.62 90.86 0 0 0 4712 4722
f2_468 f1w_141 f1w_156 -7.61 7.61 91.4 0 0 0 4728 4630
f2_472 f1h_474 f1w_103 6.23 -6.23 88.8 0 0 0 4686 4712
f2_474 f1h_291 f1h_439 -12.86 12.86 86.79 0 0 0 4697 4632
f2_476 f1h_202 f1w_195 -8.34 8.34 90.46 0 0 0 4685 4707
f2_478 f1h_265 f1w_327 -0.58 0.58 95.48 0 0 0 4632 4662
f2_479 f1h_387 f1h_455 6.17 -6.17 93.43 0 0 0 4656 4705
f2_484 f1w_382 f1w_393 -6.51 6.51 90.92 0 0 0 4667 4747
f2_487 f1h_332 f1w_386 -0.73 0.73 99.16 0 0 0 4659 4655
f2_489 f1h_43 f1w_247 -3.73 3.73 98 0 0 0 4691 4724
f2_490 f1h_43 f1w_77 -0.8 0.8 95.39 0 0 0 4704 4662
f2_491 f1w_220 f1w_424 0.57 -0.57 90.83 0 0 0 4553 4633
f2_492 f1w_174 f1w_357 -2.23 2.23 92.56 0 0 0 4726 4688
f2_495 f1h_199 f1w_75 -1.43 1.43 96.83 0 0 0 4672 4664
f2_496 f1h_382 f1w_273 6.21 -6.21 97.19 0 0 0 4692 4673
f2_497 f1h_470 f1w_157 2.06 -2.06 95.89 0 0 0 4654 4706
f2_500 f1w_142 f1w_204 -8.04 8.04 94.14 0 0 0 4681 4741
f2_501 f1h_419 f1w_140 1.77 -1.77 92.45 0 0 0 4674 4605
f2_505 f1h_109 f1w_476 4.2 -4.2 96.46 0 0 0 4620 4641
f2_507 f1h_39 f1w_220 -5.24 5.24 92.28 0 0 0 4635 4603
f2_508 f1h_19 f1h_388 9.18 -9.18 89.93 0 0 0 4648 4686
f2_509 f1h_427 f1w_370 -4.42 4.42 96.19 0 0 0 4809 4754
f2_510 f1w_337 f1w_348 3.93 -3.93 103.02 0 0 0 4721 4809
f2_512 f1w_293 f1w_449 -4.08 4.08 93.72 0 0 0 4745 4730
f2_517 f1w_199 f1w_227 -0.54 0.54 99.29 0 0 0 4724 4771
f2_520 f1h_86 f1w_115 -2.52 2.52 91.38 0 0 0 4666 4613
f2_522 f1h_83 f1w_178 -3.87 3.87 89.52 0 0 0 4627 4672
f2_523 f1w_406 f1w_420 -5.28 5.28 95.84 0 0 0 4684 4748
f2_524 f1h_487 f1w_93 -9.11 9.11 89.13 0 0 0 4719 4650
f2_526 f1w_120 f1w_482 -1.6 1.6 96.36 0 0 0 4759 4743
f2_529 f1w_8 f1w_98 -0.77 0.77 97.95 0 0 0 4693 4753
f2_534 f1w_135 f1w_282 1.9 -1.9 94.12 0 0 0 4708 4705
f2_535 f1h_333 f1w_421 10.4 -10.4 92.36 0 0 0 4690 4776
f2_537 f1h_125 f1w_369 2.97 -2.97 94.39 0 0 0 4701 4736
f2_539 f1h_204 f1h_381 -8.78 8.78 95.07 0 0 0 4682 4753
f2_541 f1h_276 f1w_41 14.82 -14.82 93.77 0 0 0 4677 4766
f2_543 f1h_388 f1w_413 1.85 -1.85 97.62 0 0 0 4672 4694
f2_546 f1h_25 f1w_302 0.04 -0.04 100.89 0 0 0 4725 4717
f2_548 f1w_322 f1w_352 2.66 -2.66 94.48 0 0 0 4751 4741
f2_549 f1h_176 f1h_193 -4.21 4.21 94.15 0 0 0 4650 4641
f2_553 f1h_49 f1h_369 6.39 -6.39 92.7 0 0 0 4655 4662
f2_556 f1h_55 f1w_28 -9.21 9.21 93.01 0 0 0 4734 4700
f2_557 f1w_190 f1w_262 -10.95 10.95 89.05 0 0 0 4650 4668
f2_558 f1h_288 f1h_381 6.75 -6.75 91.03 0 0 0 4638 4697
f2_560 f1w_52 f1w_453 3.26 -3.26 98.8 0 0 0 4679 4720
f2_561 f1h_57 f1w_500 7.66 -7.66 97.45 0 0 0 4670 4752
f2_565 f1h_227 f1w_473 2.8 -2.8 94.3 0 0 0 4667 4631
f2_566 f1w_34 f1w_474 0.5 -0.5 98.94 0 0 0 4665 4658
f2_569 f1h_277 f1w_481 -1.14 1.14 89.96 0 0 0 4666 4658
f2_573 f1h_56 f1h_315 -7.19 7.19 92.77 0 0 0 4670 4735
f2_576 f1h_52 f1h_298 -8.26 8.26 90.97 0 0 0 4750 4691
f2_578 f1h_99 f1h_487 -1.76 1.76 92.53 0 0 0 4637 4660
f2_581 f1h_206 f1h_336 -0.4 0.4 95.42 0 0 0 4667 4700
f2_582 f1w_149 f1w_460 -12.7 12.7 91.98 0 0 0 4667 4686
f2_583 f1h_59 f1w_112 -11.27 11.27 92.57 0 0 0 4730 4723
f2_584 f1h_461 f1w_171 1.14 -1.14 99.09 0 0 0 4679 4689
f2_585 f1h_461 f1w_114 -7.57 7.57 92.74 0 0 0 4686 4717
f2_586 f1h_189 f1w_383 -9.2 9.2 87.13 0 0 0 4627 4675
f2_587 f1h_260 f1h_316 -7.24 7.24 94.1 0 0 0 4732 4748
f2_589 f1h_42 f1h_268 8.18 -8.18 100.05 0 0 0 4726 4745
f2_591 f1w_106 f1w_236 -2.67 2.67 94.51 0 0 0 4686 4705
f2_592 f1w_34 f1w_449 -3.26 3.26 88.59 0 0 0 4701 4661
f2_594 f1w_97 f1w_388 -3.72 3.72 96.92 0 0 0 4725 4696
f2_595 f1h_497 f1w_433 11.26 -11.26 94.2 0 0 0 4712 4731
f2_596 f1w_180 f1w_330 1.47 -1.47 98 0 0 0 4757 4740
f2_599 f1h_482 f1w_413 -1.92 1.92 96.12 0 0 0 4633 4686
f2_600 f1w_29 f1w_449 -0.94 0.94 100 0 0 0 4710 4769
f2_602 f1h_169 f1w_175 1.07 -1.07 99.92 0 0 0 4720 4730
f2_603 f1h_263 f1w_311 -4.34 4.34 97.03 0 0 0 4742 4677
f2_604 f1w_127 f1w_473 2.54 -2.54 94.73 0 0 0 4744 4699
f2_606 f1h_71 f1w_466 5.46 -5.46 94.01 0 0 0 4729 4689
f2_608 f1h_263 f1w_71 -8.73 8.73 95.17 0 0 0 4813 4786
f2_610 f1h_420 f1w_387 -5.93 5.93 89.53 0 0 0 4692 4680
f2_612 f1w_159 f1w_498 -0.89 0.89 105.19 0 0 0 4763 4755
f2_613 f1h_448 f1w_425 4.83 -4.83 98.6 0 0 0 4668 4648
f2_617 f1h_432 f1h_473 -1.08 1.08 93.89 0 0 0 4712 4717
f2_618 f1h_208 f1h_316 -9.59 9.59 93.33 0 0 0 4686 4791
f2_619 f1h_381 f1w_331 6.84 -6.84 94.04 0 0 0 4727 4690
f2_622 f1h_294 f1w_329 -5.25 5.25 98.12 0 0 0 4735 4673
f2_623 f1h_429 f1w_184 -4.39 4.39 100.96 0 0 0 4796 4708
f2_628 f1h_168 f1h_436 0.48 -0.48 97.11 0 0 0 4717 4722
f2_629 f1h_123 f1w_80 11.67 -11.67 89.23 0 0 0 4658 4650
f2_630 f1w_30 f1w_194 5.79 -5.79 90.24 0 0 0 4769 4741
f2_635 f1h_439 f1w_413 7.52 -7.52 90.58 0 0 0 4721 4749
f2_637 f1h_388 f1w_219 -0.03 0.03 95.76 0 0 0 4678 4647
f2_638 f1h_380 f1w_88 -2.67 2.67 94.69 0 0 0 4629 4658
f2_643 f1h_312 f1h_460 -5.77 5.77 91.33 0 0 0 4649 4609
f2_645 f1h_10 f1h_381 4.74 -4.74 95.75 0 0 0 4722 4690
f2_647 f1h_180 f1w_479 -9.14 9.14 87.98 0 0 0 4688 4679
f2_651 f1h_126 f1w_175 -1.87 1.87 95.33 0 0 0 4679 4713
f2_653 f1h_141 f1h_355 3.52 -3.52 122.11 0 0 0 4702 4667
f2_656 f1h_237 f1w_252 1.21 -1.21 100.88 0 0 0 4740 4738
f2_658 f1h_416 f1w_375 4.25 -4.25 99.02 0 0 0 4723 4708
f2_659 f1h_52 f1h_440 0.36 -0.36 98.42 0 0 0 4803 4793
f2_660 f1h_105 f1w_82 5.62 -5.62 87.12 0 0 0 4691 4604
f2_663 f1h_335 f1w_442 3.86 -3.86 96.94 0 0 0 4690 4685
f2_664 f1h_356 f1h_485 -2.17 2.17 91.77 0 0 0 4613 4647
f2_665 f1w_329 f1w_338 3.63 -3.63 96.62 0 0 0 4797 4730
f2_669 f1h_69 f1w_370 -5.48 5.48 93.46 0 0 0 4686 4704
f2_670 f1w_187 f1w_216 -4.98 4.98 91.72 0 0 0 4621 4618
f2_671 f1h_189 f1w_323 12.11 -12.11 88.95 0 0 0 4658 4750
f2_673 f1w_240 f1w_326 -2.62 2.62 97.13 0 0 0 4738 4733
f2_674 f1h_386 f1w_130 3.43 -3.43 96.76 0 0 0 4675 4701
f2_676 f1h_398 f1w_489 3.52 -3.52 100.95 0 0 0 4700 4676
f2_677 f1h_18 f1h_462 -1.98 1.98 96.16 0 0 0 4664 4642
f2_678 f1h_124 f1w_494 -4.37 4.37 93.86 0 0 0 4721 4676
f2_679 f1h_267 f1w_298 -8.5 8.5 92.39 0 0 0 4684 4652
f2_680 f1h_156 f1w_72 6.77 -6.77 93.56 0 0 0 4676 4713
f2_682 f1w_315 f1w_469 5.04 -5.04 97.12 0 0 0 4628 4699
f2_686 f1h_496 f1w_16 1.47 -1.47 92.85 0 0 0 4654 4732
f2_687 f1w_151 f1w_272 2.51 -2.51 97.28 0 0 0 4685 4716
f2_688 f1h_55 f1w_179 -2.95 2.95 89.86 0 0 0 4755 4665
f2_690 f1w_344 f1w_452 -8.45 8.45 92.66 0 0 0 4580 4659
f2_692 f1w_297 f1w_363 7.42 -7.42 86.12 0 0 0 4668 4618
f2_694 f1h_354 f1w_271 -7.85 7.85 92.51 0 0 0 4582 4592
f2_697 f1w_102 f1w_466 6.04 -6.04 89.33 0 0 0 4700 4708
f2_698 f1h_242 f1w_252 1.47 -1.47 96 0 0 0 4693 4718
f2_701 f1h_145 f1w_81 8.98 -8.98 93.43 0 0 0 4726 4826
f2_702 f1h_232 f1h_278 -4.85 4.85 94.61 0 0 0 4701 4689
f2_703 f1h_282 f1w_413 -4.57 4.57 95.57 0 0 0 4702 4756
f2_708 f1w_2 f1w_14 10.89 -10.89 84.68 0 0 0 4693 4683
f2_712 f1h_47 f1h_362 8.83 -8.83 96.7 0 0 0 4611 4711
f2_715 f1h_83 f1w_99 7.77 -7.77 87.51 0 0 0 4656 4719
f2_716 f1h_309 f1w_38 4.65 -4.65 88.4 0 0 0 4685 4723
f2_717 f1h_277 f1h_430 4.71 -4.71 86.93 0 0 0 4680 4724
f2_718 f1h_283 f1w_148 4.43 -4.43 99.27 0 0 0 4771 4728
f2_719 f1h_434 f1w_437 -1.35 1.35 96.44 0 0 0 4718 4701
f2_720 f1w_69 f1w_461 -10.48 10.48 96.56 0 0 0 4660 4635
f2_722 f1w_16 f1w_466 -2.64 2.64 91.83 0 0 0 4653 4643
f2_723 f1h_6 f1h_151 -0.71 0.71 102.69 0 0 0 4703 4694
f2_725 f1h_105 f1h_242 -11.1 11.1 90.19 0 0 0 4665 4677
f2_726 f1w_223 f1w_299 -3.01 3.01 91.05 0 0 0 4727 4669
f2_727 f1h_433 f1w_106 -4.69 4.69 94.56 0 0 0 4744 4684
f2_729 f1w_89 f1w_326 9.43 -9.43 92.57 0 0 0 4659 4745
f2_731 f1h_111 f1w_124 -25.59 25.59 77.92 0 0 0 4708 4703
f2_734 f1h_18 f1h_249 8.09 -8.09 93.44 0 0 0 4790 4719
f2_735 f1h_429 f1w_364 -1.05 1.05 95.15 0 0 0 4751 4712
f2_737 f1h_291 f1w_377 -6.77 6.77 91.78 0 0 0 4738 4745
f2_738 f1w_14 f1w_274 -6.65 6.65 92.37 0 0 0 4697 4667
f2_739 f1w_358 f1w_426 2.12 -2.12 89.18 0 0 0 4739 4665
f2_743 f1h_173 f1h_465 -2.34 2.34 98.26 0 0 0 4726 4679
f2_744 f1h_307 f1h_418 -2.18 2.18 92.34 0 0 0 4748 4753
f2_746 f1h_171 f1h_324 -5.33 5.33 94.66 0 0 0 4669 4658
f2_747 f1w_43 f1w_76 3.98 -3.98 95.69 0 0 0 4602 4690
f2_748 f1h_356 f1w_121 -2.39 2.39 97.4 0 0 0 4647 4797
f2_749 f1h_176 f1w_349 0.6 -0.6 98.08 0 0 0 4681 4681
f2_751 f1w_105 f1w_174 -0.3 0.3 97.55 0 0 0 4600 4664
f2_753 f1w_220 f1w_403 1.07 -1.07 96.97 0 0 0 4655 4752
f2_754 f1h_59 f1w_217 -0.24 0.24 97.91 0 0 0 4663 4702
f2_759 f1h_449 f1w_61 -0.22 0.22 93.37 0 0 0 4683 4662
f2_760 f1h_33 f1h_205 -0.92 0.92 93.75 0 0 0 4684 4723
f2_761 f1h_272 f1w_104 1 -1 100.83 0 0 0 4765 4735
f2_764 f1h_335 f1w_241 -3.22 3.22 95.14 0 0 0 4731 4740
f2_765 f1w_69 f1w_211 6.83 -6.83 95.89 0 0 0 4707 4721
f2_766 f1h_287 f1w_321 0.58 -0.58 98.5 0 0 0 4675 4710
f2_768 f1h_212 f1w_19 -7.72 7.72 90.95 0 0 0 4592 4607
f2_769 f1h_56 f1w_56 0.28 -0.28 95.52 0 0 0 4651 4619
f2_771 f1w_236 f1w_494 -1.68 1.68 94.9 0 0 0 4680 4695
f2_772 f1w_32 f1w_286 3.5 -3.5 91.33 0 0 0 4685 4706
f2_775 f1h_267 f1w_252 2.25 -2.25 90.81 0 0 0 4625 4662
f2_776 f1h_1 f1w_195 -19.09 19.09 87.65 0 0 0 4714 4704
f2_777 f1h_362 f1w_262 -6.82 6.82 93.27 0 0 0 4718 4695
f2_778 f1h_4 f1h_360 4.67 -4.67 91.17 0 0 0 4666 4638
f2_779 f1w_153 f1w_306 7.17 -7.17 91.54 0 0 0 4681 4719
f2_780 f1h_174 f1w_12 7.72 -7.72 94.78 0 0 0 4745 4704
f2_781 f1h_78 f1h_216 5.5 -5.5 90.15 0 0 0 4621 4663
f2_782 f1w_278 f1w_301 1.07 -1.07 97.2 0 0 0 4694 4678
f2_784 f1h_355 f1w_48 5.16 -5.16 92.62 0 0 0 4679 4709
f2_785 f1h_265 f1w_17 -3.38 3.38 99.57 0 0 0 4614 4651
f2_787 f1w_86 f1w_336 -11.09 11.09 89.23 0 0 0 4703 4733
f2_788 f1h_481 f1w_192 -7.02 7.02 95.05 0 0 0 4689 4715
f2_794 f1h_242 f1w_406 3.29 -3.29 95.66 0 0 0 4713 4616
f2_797 f1h_39 f1h_381 6.35 -6.35 89.48 0 0 0 4683 4696
f2_799 f1h_47 f1h_157 5.2 -5.2 91.99 0 0 0 4622 4634
f2_801 f1h_216 f1w_65 -1.42 1.42 97.06 0 0 0 4598 4618
f2_803 f1w_27 f1w_481 0.04 -0.04 95.91 0 0 0 4649 4650
f2_804 f1h_443 f1w_325 -1.33 1.33 96.7 0 0 0 4747 4709
f2_805 f1w_139 f1w_324 -0.35 0.35 98.03 0 0 0 4783 4717
f2_808 f1h_92 f1h_127 -16.25 16.25 91.06 0 0 0 4648 4686
f2_809 f1h_408 f1w_112 -9.03 9.03 94.36 0 0 0 4712 4630
f2_811 f1h_288 f1w_76 11.24 -11.24 88.15 0 0 0 4651 4759
f2_812 f1w_88 f1w_193 -4.52 4.52 90.98 0 0 0 4688 4684
f2_813 f1w_220 f1w_223 2.09 -2.09 95.28 0 0 0 4677 4790
f2_814 f1h_337 f1h_423 -2.79 2.79 95.41 0 0 0 4661 4664
f2_815 f1h_314 f1w_343 0.71 -0.71 98.88 0 0 0 4648 4679
f2_819 f1h_343 f1h_386 7.53 -7.53 86.99 0 0 0 4642 4641
f2_820 f1w_21 f1w_198 6.73 -6.73 94 0 0 0 4722 4734
f2_822 f1h_92 f1w_241 7.06 -7.06 95.48 0 0 0 4673 4776
f2_826 f1h_228 f1w_287 7.26 -7.26 90.24 0 0 0 4688 4750
f2_827 f1h_495 f1w_101 -3.35 3.35 92.27 0 0 0 4607 4594
f2_831 f1h_16 f1w_151 -1.58 1.58 95.96 0 0 0 4752 4816
f2_833 f1h_389 f1w_183 -1.05 1.05 94.63 0 0 0 4629 4611
f2_835 f1h_385 f1w_224 5.18 -5.18 88.1 0 0 0 4643 4643
f2_836 f1h_180 f1h_318 6.64 -6.64 100.37 0 0 0 4720 4723
f2_838 f1h_205 f1h_443 -2.58 2.58 98.98 0 0 0 4730 4726
f2_840 f1h_344 f1w_2 -4.92 4.92 92.98 0 0 0 4677 4654
f2_842 f1h_308 f1h_482 -7.43 7.43 93.46 0 0 0 4667 4644
f2_843 f1w_242 f1w_383 0.4 -0.4 102.59 0 0 0 4757 4749
f2_850 f1h_164 f1w_187 1.82 -1.82 91.44 0 0 0 4683 4641
f2_852 f1h_26 f1w_256 -5.05 5.05 96.51 0 0 0 4761 4778
f2_853 f1h_430 f1w_364 -7.09 7.09 86.76 0 0 0 4754 4756
f2_854 f1h_220 f1w_314 -2.5 2.5 93.64 0 0 0 4656 4674
f2_855 f1w_134 f1w_281 -2.31 2.31 93.8 0 0 0 4649 4724
f2_857 f1h_331 f1h_470 0.12 -0.12 97.09 0 0 0 4745 4699
f2_858 f1h_275 f1h_280 15.95 -15.95 84.66 0 0 0 4623 4602
f2_862 f1h_200 f1w_412 -5.33 5.33 93.11 0 0 0 4723 4723
f2_864 f1h_233 f1w_61 -7.05 7.05 89.44 0 0 0 4751 4729
f2_866 f1h_334 f1h_489 -5.45 5.45 93.31 0 0 0 4638 4614
f2_867 f1h_333 f1w_455 3.16 -3.16 95.55 0 0 0 4646 4730
f2_869 f1h_458 f1w_347 5.5 -5.5 94.71 0 0 0 4689 4708
f2_870 f1h_408 f1w_494 5.39 -5.39 91.9 0 0 0 4775 4701
f2_871 f1h_18 f1w_92 -14.01 14.01 88.76 0 0 0 4742 4691
f2_872 f1h_131 f1w_229 -5.72 5.72 92.22 0 0 0 4687 4585
f2_875 f1h_362 f1h_445 4.28 -4.28 91.52 0 0 0 4695 4697
f2_876 f1h_49 f1h_447 0.56 -0.56 96.62 0 0 0 4770 4761
f2_878 f1w_32 f1w_226 11.08 -11.08 91.81 0 0 0 4719 4689
f2_879 f1w_88 f1w_347 0.4 -0.4 99.58 0 0 0 4739 4717
f2_880 f1h_378 f1w_404 -3.56 3.56 97.49 0 0 0 4738 4745
f2_883 f1h_293 f1w_54 -8.08 8.08 93.55 0 0 0 4688 4676
f2_884 f1h_494 f1w_43 5.99 -5.99 95.72 0 0 0 4743 4668
f2_885 f1w_444 f1w_453 -9.05 9.05 97.18 0 0 0 4747 4705
f2_886 f1h_398 f1w_383 -4.66 4.66 97.09 0 0 0 4712 4666
f2_887 f1h_443 f1w_263 1.87 -1.87 96.68 0 0 0 4686 4641
f2_888 f1h_16 f1h_358 1.28 -1.28 91.9 0 0 0 4672 4704
f2_889 f1h_33 f1w_174 10.51 -10.51 91.06 0 0 0 4651 4675
f2_890 f1w_153 f1w_187 2.05 -2.05 96.5 0 0 0 4734 4710
f2_891 f1h_228 f1w_22 1.03 -1.03 94.36 0 0 0 4722 4700
f2_892 f1h_105 f1h_211 -3.67 3.67 98.85 0 0 0 4675 4697
f2_893 f1h_264 f1w_322 7.54 -7.54 94.89 0 0 0 4782 4795
f2_895 f1w_81 f1w_376 -11.2 11.2 89.98 0 0 0 4723 4692
f2_898 f1h_216 f1w_333 4.45 -4.45 100.32 0 0 0 4628 4614
f2_902 f1h_74 f1h_223 8.39 -8.39 85.41 0 0 0 4659 4623
f2_905 f1h_204 f1w_192 0.12 -0.12 93.81 0 0 0 4701 4719
f2_906 f1w_124 f1w_249 9.57 -9.57 90.61 0 0 0 4714 4727
f2_909 f1h_173 f1w_21 -2.47 2.47 98.06 0 0 0 4674 4709
f2_913 f1h_103 f1w_331 6.12 -6.12 91.56 0 0 0 4652 4634
f2_914 f1h_440 f1w_242 -7.32 7.32 88.63 0 0 0 4744 4740
f2_916 f1h_197 f1w_15 0.53 -0.53 95.35 0 0 0 4819 4767
f2_918 f1w_92 f1w_232 6 -6 86.79 0 0 0 4657 4662
f2_919 f1w_4 f1w_427 -0.28 0.28 100.14 0 0 0 4739 4685
f2_921 f1h_255 f1h_427 -2.15 2.15 95.06 0 0 0 4719 4771
f2_922 f1h_251 f1w_146 -0.47 0.47 97.85 0 0 0 4625 4658
f2_923 f1w_107 f1w_447 2.04 -2.04 99.74 0 0 0 4706 4628
f2_924 f1w_168 f1w_469 0.02 -0.02 97.8 0 0 0 4681 4701
f2_927 f1h_169 f1w_110 3.24 -3.24 96.5 0 0 0 4712 4726
f2_928 f1h_363 f1w_198 5.09 -5.09 96.47 0 0 0 4756 4748
f2_929 f1h_49 f1w_487 4.8 -4.8 100.7 0 0 0 4758 4712
f2_933 f1h_86 f1w_211 4.62 -4.62 96.17 0 0 0 4703 4747
f2_935 f1h_445 f1w_478 -9.73 9.73 85.87 0 0 0 4650 4640
f2_939 f1h_459 f1w_93 16.15 -16.15 94.78 0 0 0 4782 4697
f2_941 f1w_243 f1w_262 -3.88 3.88 90.79 0 0 0 4700 4694
f2_943 f1h_232 f1w_188 -4.84 4.84 94.06 0 0 0 4721 4673
f2_944 f1h_155 f1w_459 -0.9 0.9 95.04 0 0 0 4657 4685
f2_945 f1h_158 f1h_324 -7.12 7.12 95.43 0 0 0 4743 4690
f2_946 f1h_371 f1w_193 -2.08 2.08 92.81 0 0 0 4672 4654
f2_951 f1h_487 f1w_375 0.04 -0.04 96.22 0 0 0 4648 4746
f2_952 f1h_268 f1h_276 -9.89 9.89 88.61 0 0 0 4749 4745
f2_954 f1h_1 f1w_133 4.89 -4.89 96.76 0 0 0 4743 4723
f2_955 f1w_409 f1w_425 -5.01 5.01 95.8 0 0 0 4692 4638
f2_957 f1h_86 f1w_13 4.9 -4.9 94.09 0 0 0 4648 4711
f2_960 f1h_122 f1h_197 2.28 -2.28 92.2 0 0 0 4661 4741
f2_962 f1w_380 f1w_494 2.74 -2.74 95.67 0 0 0 4672 4686
f2_963 f1w_220 f1w_487 3 -3 97.18 0 0 0 4647 4656
f2_969 f1w_60 f1w_361 0.73 -0.73 103.63 0 0 0 4706 4673
f2_972 f1w_334 f1w_386 -4.98 4.98 101.76 0 0 0 4748 4724
f2_973 f1w_31 f1w_468 12.04 -12.04 96.76 0 0 0 4804 4773
f2_974 f1w_319 f1w_421 8.56 -8.56 92.66 0 0 0 4723 4818
f2_976 f1w_229 f1w_279 -8.54 8.54 87.09 0 0 0 4643 4705
f2_981 f1h_221 f1w_340 0.72 -0.72 103.57 0 0 0 4673 4738
f2_984 f1h_318 f1w_463 -0.95 0.95 96.81 0 0 0 4730 4734
f2_985 f1h_333 f1w_463 -4.7 4.7 100.89 0 0 0 4713 4785
f2_986 f1h_54 f1w_31 -0.51 0.51 95.23 0 0 0 4687 4703
f2_987 f1h_332 f1w_148 4.07 -4.07 95.52 0 0 0 4700 4704
f2_988 f1h_372 f1h_495 -2.87 2.87 95.57 0 0 0 4708 4659
f2_990 f1h_284 f1h_462 -5.75 5.75 90.03 0 0 0 4588 4615
f2_992 f1h_126 f1h_195 -3.34 3.34 90.88 0 0 0 4725 4719
f2_994 f1h_252 f1h_382 -10.59 10.59 95.65 0 0 0 4740 4739
f2_997 f1h_33 f1w_48 1.42 -1.42 101.28 0 0 0 4675 4674
