id parent1 parent2 LLRparent1 LLRparent2 LLRpair OHparent1 OHparent2 MEpair SNPd.id.parent1 SNPd.id.parent2
f0_3 f1h_329 f1h_349 -0.23 0.23 1.69 0 0 0 71 66
f0_3 f1h_329 f2_907 -0.05 0.05 2.3 0 0 0 71 67
f0_3 f2_796 f2_907 -0.17 0.17 -0.11 0 0 1 73 67
f0_4 f0_144 f2_685 0.27 -0.27 0.86 0 0 0 74 72
f0_4 f0_213 f1h_369 -0.24 0.24 0.38 0 0 0 76 72
f0_4 f0_213 f1w_493 -0.42 0.42 0.43 0 0 0 76 74
f0_4 f0_213 f2_91 0.14 -0.14 0.72 0 0 0 76 76
f0_4 f0_213 f2_326 -0.23 0.23 0.75 0 0 0 76 75
f0_4 f0_524 f2_530 -0.2 0.2 0.63 0 0 0 71 71
f0_4 f0_524 f2_685 -0.14 0.14 0.8 0 0 0 71 72
f0_4 f1h_161 f2_685 -0.33 0.33 -0.23 0 0 0 75 72
f0_4 f1h_369 f2_326 0.21 -0.21 0.38 0 0 0 72 75
f0_4 f1h_387 f1w_184 -0.01 0.01 1.31 0 0 0 73 74
f0_4 f1h_387 f2_685 0.04 -0.04 0.87 0 0 0 73 72
f0_4 f1w_66 f2_326 0.3 -0.3 0.85 0 0 0 72 75
f0_4 f2_558 f2_685 0.25 -0.25 0.66 0 0 0 76 72
f0_4 f2_685 f2_873 -0.13 0.13 0.92 0 0 0 72 74
f0_5 f0_139 f1h_69 0.62 -0.62 -0.01 0 0 0 71 70
f0_5 f0_164 f1h_216 -0.08 0.08 0.68 0 0 0 68 74
f0_5 f0_164 f2_891 0.1 -0.1 0.09 0 0 0 68 71
f0_5 f0_233 f1h_69 0.69 -0.69 0.01 0 0 0 70 70
f0_5 f0_233 f2_891 -0.49 0.49 0.82 0 0 0 70 71
f0_5 f0_374 f1h_69 1.18 -1.18 0.45 0 0 0 72 70
f0_5 f0_582 f1h_69 0.91 -0.91 0.39 0 0 0 71 70
f0_5 f0_989 f1h_69 1.02 -1.02 0.4 0 0 0 74 70
f0_5 f1h_69 f1h_216 0.08 -0.08 0.42 0 0 0 70 74
f0_5 f1h_69 f1h_499 -0.4 -0.38 0.85 0 0 0 70 74
f0_5 f1h_69 f1w_9 -0.59 0.47 0.57 0 0 0 70 72
f0_5 f1h_69 f1w_135 -0.66 0.66 0.47 0 0 0 70 70
f0_5 f1h_69 f1w_463 -0.07 -0.5 0.83 0 0 0 70 68
f0_5 f1h_69 f2_534 -1.26 0.75 0.51 0 0 0 70 73
f0_5 f1h_69 f2_891 -0.41 0.41 0.67 0 0 0 70 71
f0_6 f0_77 f0_715 0.09 -0.09 0.73 0 0 0 73 69
f0_6 f0_77 f1w_228 0.42 -0.42 0.55 0 0 0 73 73
f0_6 f0_77 f1w_280 -0.29 0.29 0.59 0 0 0 73 73
f0_6 f0_77 f2_373 -0.04 0.04 1.01 0 0 0 73 75
f0_6 f0_77 f2_744 0.22 -0.22 0.51 0 0 0 73 75
f0_6 f0_77 f2_815 -0.17 0.17 0.63 0 0 0 73 73
f0_6 f0_77 f2_821 0.43 -0.43 0.68 0 0 0 73 71
f0_6 f0_77 f2_980 -0.23 0.23 0.51 0 0 0 73 70
f0_6 f0_78 f1w_280 -0.25 0.25 0.62 0 0 0 73 73
f0_6 f0_78 f2_373 0.01 -0.01 1.08 0 0 0 73 75
f0_6 f0_78 f2_500 -0.26 0.26 0.68 0 0 0 73 75
f0_6 f0_78 f2_744 0.08 -0.08 0.67 0 0 0 73 75
f0_6 f0_78 f2_980 -0.14 0.14 0.73 0 0 0 73 70
f0_6 f0_84 f1h_361 0.14 -0.14 0.82 0 0 0 74 75
f0_6 f0_84 f2_180 0.19 -0.19 1.09 0 0 0 74 74
f0_6 f0_147 f0_457 0.04 -0.04 0.91 0 0 0 76 73
f0_6 f0_147 f2_815 -0.17 0.17 0.67 0 0 0 76 73
f0_6 f0_147 f2_839 0.21 -0.21 0.84 0 0 0 76 76
f0_6 f0_157 f0_715 0.1 -0.1 1.02 0 0 0 76 69
f0_6 f0_157 f2_815 -0.13 0.13 1.12 0 0 0 76 73
f0_6 f0_200 f0_715 0.07 -0.07 1.13 0 0 0 73 69
f0_6 f0_200 f2_815 -0.28 0.28 1.04 0 0 0 73 73
f0_6 f0_244 f2_980 0.04 -0.04 0.65 0 0 0 71 70
f0_6 f0_457 f0_715 0.02 -0.02 0.86 0 0 0 73 69
f0_6 f0_457 f0_945 -0.17 0.17 0.63 0 0 0 73 73
f0_6 f0_457 f1h_361 0.34 -0.34 0.62 0 0 0 73 75
f0_6 f0_457 f1w_280 -0.39 0.39 0.45 0 0 0 73 73
f0_6 f0_457 f2_180 -0.01 0.01 0.76 0 0 0 73 74
f0_6 f0_457 f2_493 0.41 -0.41 0.75 0 0 0 73 75
f0_6 f0_457 f2_815 0.13 -0.13 0.46 0 0 0 73 73
f0_6 f0_457 f2_821 0.52 -0.52 0.81 0 0 0 73 71
f0_6 f0_457 f2_980 -0.28 0.26 0.34 0 0 0 73 70
f0_6 f0_587 f0_715 0.34 -0.34 0.55 0 0 0 71 69
f0_6 f0_587 f1h_459 0.62 -0.62 0.77 0 0 0 71 73
f0_6 f0_587 f1w_451 -0.12 0.12 0.73 0 0 0 71 72
f0_6 f0_587 f2_980 0.05 -0.05 0.54 0 0 0 71 70
f0_6 f0_715 f1h_258 0.11 -0.11 0.88 0 0 0 69 72
f0_6 f0_715 f1w_280 0.05 -0.05 0.41 0 0 0 69 73
f0_6 f0_715 f2_61 -0.24 0.24 0.59 0 0 0 69 69
f0_6 f0_715 f2_454 0.09 -0.09 0.89 0 0 0 69 76
f0_6 f0_715 f2_500 -0.48 0.48 0.4 0 0 0 69 75
f0_6 f0_715 f2_839 -0.06 0.06 0.58 0 0 0 69 76
f0_6 f0_945 f1w_451 -0.05 0.05 0.4 0 0 0 73 72
f0_6 f0_945 f2_839 0.12 -0.12 0.69 0 0 0 73 76
f0_6 f1h_258 f1w_89 -0.16 0.16 0.88 0 0 0 72 75
f0_6 f1h_258 f2_821 0.24 -0.24 1.05 0 0 0 72 71
f0_6 f1h_258 f2_839 -0.26 0.26 1.08 0 0 0 72 76
f0_6 f1h_361 f1h_459 0.25 -0.25 0.78 0 0 0 75 73
f0_6 f1h_361 f2_25 -0.12 0.12 0.89 0 0 0 75 71
f0_6 f1h_361 f2_373 -0.07 0.07 1.07 0 0 0 75 75
f0_6 f1h_361 f2_493 -0.02 0.02 0.98 0 0 0 75 75
f0_6 f1h_361 f2_500 -0.4 0.4 0.37 0 0 0 75 75
f0_6 f1h_361 f2_744 -0.03 0.03 0.66 0 0 0 75 75
f0_6 f1h_361 f2_821 0.3 -0.3 0.76 0 0 0 75 71
f0_6 f1h_361 f2_839 -0.06 0.06 0.72 0 0 0 75 76
f0_6 f1h_361 f2_980 -0.36 0.36 0.47 0 0 0 75 70
f0_6 f1h_459 f2_815 -0.63 0.63 0.68 0 0 0 73 73
f0_6 f1w_89 f2_500 -0.13 0.13 0.68 0 0 0 75 75
f0_6 f1w_228 f2_839 0.09 -0.09 0.67 0 0 0 73 76
f0_6 f1w_280 f2_25 0.26 -0.26 0.74 0 0 0 73 71
f0_6 f1w_451 f2_373 0.36 -0.36 0.73 0 0 0 72 75
f0_6 f1w_451 f2_500 0.05 -0.05 0.23 0 0 0 72 75
f0_6 f1w_451 f2_744 0.37 -0.37 0.23 0 0 0 72 75
f0_6 f1w_451 f2_980 0.09 -0.09 0.29 0 0 0 72 70
f0_6 f2_61 f2_373 0.32 -0.32 0.67 0 0 0 69 75
f0_6 f2_61 f2_493 0.38 -0.38 0.8 0 0 0 69 75
f0_6 f2_61 f2_744 0.36 -0.36 0.44 0 0 0 69 75
f0_6 f2_61 f2_821 0.66 -0.66 0.19 0 0 0 69 71
f0_6 f2_180 f2_839 0.1 -0.1 1.04 0 0 0 74 76
f0_6 f2_454 f2_815 -0.33 0.33 0.8 0 0 0 76 73
f0_6 f2_500 f2_815 0.13 -0.13 0.14 0 0 0 75 73
f0_6 f2_500 f2_821 0.6 -0.6 0.56 0 0 0 75 71
f0_6 f2_744 f2_815 -0.1 0.1 0.43 0 0 0 75 73
f0_6 f2_744 f2_839 0.05 -0.05 0.53 0 0 0 75 76
f0_6 f2_815 f2_839 0.38 -0.38 0.57 0 0 0 73 76
f0_6 f2_815 f2_980 -0.1 0.1 0.43 0 0 0 73 70
f0_6 f2_839 f2_980 -0.19 0.19 0.48 0 0 0 76 70
f0_8 f0_594 f1h_305 1.06 -1.06 1.04 0 0 0 71 66
f0_8 f0_656 f1h_86 -0.54 0.54 0.79 0 0 0 71 69
f0_8 f0_656 f1h_248 -0.26 0.26 1.25 0 0 0 71 72
f0_8 f0_656 f1h_305 -0.2 0.2 1.07 0 0 0 71 66
f0_8 f0_656 f2_61 -0.52 0.52 0.81 0 0 0 71 66
f0_8 f0_656 f2_977 -0.76 0.76 1.14 0 0 0 71 72
f0_8 f1h_305 f2_87 -0.61 0.61 0.57 0 0 0 66 70
f0_8 f1w_105 f2_977 -0.38 0.38 1.15 0 0 0 69 72
f0_10 f0_86 f1h_43 0.53 -0.53 0.89 0 0 0 67 69
f0_10 f0_146 f0_337 0.49 -0.49 0.7 0 0 0 71 69
f0_10 f0_146 f1h_43 0.62 -0.62 0.75 0 0 0 71 69
f0_10 f0_337 f0_738 0.25 -0.25 1.03 0 0 0 69 72
f0_10 f0_337 f2_951 -0.08 0.08 0.61 0 0 0 69 71
f0_10 f0_554 f1h_205 0.45 -0.45 0.76 0 0 0 69 69
f0_10 f1h_43 f1h_205 0.15 -0.15 0.56 0 0 0 69 69
f0_10 f1h_43 f2_490 -0.13 0.13 1.11 0 0 0 69 72
f0_10 f1h_205 f1h_248 -0.1 0.1 1.13 0 0 0 69 72
f0_10 f1h_205 f1w_105 -0.25 0.25 0.51 0 0 0 69 69
f0_10 f1h_205 f2_61 -0.38 0.38 0.85 0 0 0 69 66
f0_10 f1h_205 f2_405 -0.75 0.75 0.62 0 0 0 69 69
f0_10 f1h_361 f1w_317 0.31 -0.31 0.73 0 0 0 72 66
f0_10 f1w_105 f1w_317 -0.16 0.16 0.09 0 0 0 69 66
f0_10 f1w_379 f2_951 -0.26 0.26 0.73 0 0 0 70 71
f0_10 f2_405 f2_951 0.14 -0.14 0.69 0 0 0 69 71
f0_11 f0_828 f1h_264 0.07 -0.07 0.68 0 0 0 70 69
f0_11 f0_828 f2_791 0.07 -0.07 0.76 0 0 0 70 69
f0_11 f1h_107 f2_898 -0.31 0.31 0.96 0 0 0 70 69
f0_11 f1h_120 f1h_264 0.7 -0.7 0.75 0 0 0 69 69
f0_11 f1h_120 f2_791 -0.33 0.33 0.92 0 0 0 69 69
f0_11 f1h_264 f1h_450 -0.18 0.18 1.09 0 0 0 69 72
f0_11 f1h_264 f1w_335 0.47 -0.47 0.81 0 0 0 69 72
f0_11 f1h_264 f2_364 -0.89 0.89 0.09 0 0 0 69 68
f0_11 f2_539 f2_898 0.11 -0.11 0.91 0 0 0 71 69
f0_13 f0_175 f2_14 0.17 -0.17 0.62 0 0 0 74 70
f0_13 f0_176 f2_14 0.16 -0.16 0.66 0 0 0 75 70
f0_13 f0_183 f2_14 -0.1 0.1 0.72 0 0 0 72 70
f0_13 f0_183 f2_350 -0.62 0.62 0.4 0 0 0 72 74
f0_13 f0_225 f2_14 0.01 -0.01 0.98 0 0 0 73 70
f0_13 f0_325 f2_14 0.34 -0.34 0.59 0 0 0 73 70
f0_13 f0_748 f1h_483 -0.01 0.01 0.01 0 0 0 71 73
f0_13 f1h_483 f2_14 0.4 -0.4 0.36 0 0 0 73 70
f0_13 f2_14 f2_356 0.18 -0.18 0.94 0 0 0 70 73
f0_13 f2_14 f2_660 0.19 -0.19 0.86 0 0 0 70 73
f0_13 f2_350 f2_356 0.57 -0.57 0.5 0 0 0 74 73
f0_15 f0_13 f1h_182 0.38 -0.38 0.91 0 0 0 74 75
f0_15 f0_13 f1h_196 -0.07 0.07 0.96 0 0 0 74 70
f0_15 f0_75 f1h_196 -0.01 0.01 0.54 0 0 0 74 70
f0_15 f0_255 f2_330 -0.28 0.15 0.3 0 0 0 74 74
f0_15 f0_419 f0_474 0.35 -0.35 0.67 0 0 0 74 73
f0_15 f0_419 f0_645 0.55 -0.55 0.34 0 0 0 74 72
f0_15 f0_419 f1h_248 0.51 -0.51 0.41 0 0 0 74 73
f0_15 f0_434 f1h_182 0.44 -0.44 0.37 0 0 0 73 75
f0_15 f0_474 f2_330 -0.05 0.05 0.41 0 0 0 73 74
f0_15 f0_552 f2_330 0.08 -0.08 0.53 0 0 0 73 74
f0_15 f0_645 f2_330 -0.22 0.22 0.07 0 0 0 72 74
f0_15 f0_652 f2_330 -0.46 0.46 -0.36 0 0 0 72 74
f0_15 f1h_182 f2_77 -0.5 0.5 0.81 0 0 0 75 70
f0_15 f1h_182 f2_277 -0.63 0.63 0.84 0 0 0 75 70
f0_15 f1h_182 f2_700 -0.51 0.51 0.73 0 0 0 75 70
f0_15 f1h_196 f2_14 -0.31 0.31 0.52 0 0 0 70 69
f0_15 f1h_248 f2_330 -0.43 0.43 0.07 0 0 0 73 74
f0_15 f1w_480 f2_330 -0.43 0.43 -0.14 0 0 0 72 74
f0_15 f2_14 f2_903 0.3 -0.3 0.19 0 0 0 69 72
f0_15 f2_77 f2_330 0.22 -0.22 0.42 0 0 0 70 74
f0_15 f2_330 f2_700 0.11 -0.11 0.46 0 0 0 74 70
f0_17 f1h_195 f1h_299 -1.19 1.19 1.15 0 0 0 71 69
f0_18 f0_59 f0_92 0.4 -0.4 0.64 0 0 0 66 69
f0_18 f0_92 f1h_18 0.01 -0.01 0.99 0 0 0 69 69
f0_18 f0_92 f1w_1 -0.79 0.79 0.56 0 0 0 69 71
f0_18 f0_135 f1h_18 0.14 -0.14 0.16 0 0 0 67 69
f0_18 f0_135 f1h_190 0.29 -0.29 0.13 0 0 0 67 72
f0_18 f1h_18 f2_368 0.04 -0.04 0.59 0 0 0 69 70
f0_18 f1h_18 f2_732 -0.72 0.72 0.12 0 0 0 69 66
f0_18 f1h_190 f2_368 -0.44 0.44 1.25 0 0 0 72 70
f0_21 f0_68 f1h_83 -0.48 0.48 0.82 0 0 0 70 71
f0_21 f0_68 f2_415 -0.54 0.54 0.95 0 0 0 70 70
f0_21 f2_171 f2_904 -0.18 0.18 0.7 0 0 0 69 73
f0_23 f0_56 f0_319 -0.4 0.4 0.58 0 0 0 75 75
f0_23 f0_56 f0_859 -0.01 0.01 1.1 0 0 0 75 72
f0_23 f0_56 f2_873 0.01 -0.01 1.03 0 0 0 75 75
f0_23 f0_188 f0_725 -0.12 0.12 0.63 0 0 0 72 72
f0_23 f0_188 f0_930 0.12 -0.12 0.52 0 0 0 72 74
f0_23 f0_188 f1h_387 0.01 -0.01 0.9 0 0 0 72 73
f0_23 f0_188 f1h_406 1.02 -1.02 -0.05 0 0 0 72 74
f0_23 f0_188 f2_196 0.08 -0.08 0.5 0 0 0 72 71
f0_23 f0_188 f2_968 0.03 -0.03 0.17 0 0 0 72 75
f0_23 f0_319 f0_891 -0.12 0.12 0.5 0 0 0 75 74
f0_23 f0_319 f1w_449 0.42 -0.42 0.56 0 0 0 75 74
f0_23 f0_630 f0_930 -0.09 0.09 0.62 0 0 0 76 74
f0_23 f0_645 f0_930 -0.01 0.01 0.74 0 0 0 74 74
f0_23 f0_725 f1w_449 0 0 0.4 0 0 0 72 74
f0_23 f0_859 f0_891 -0.17 0.17 0.67 0 0 0 72 74
f0_23 f0_859 f2_142 0.19 -0.19 0.97 0 0 0 72 77
f0_23 f0_859 f2_334 -0.31 0.31 0.78 0 0 0 72 75
f0_23 f0_930 f1h_280 -0.07 0.07 0.55 0 0 0 74 71
f0_23 f0_930 f1h_292 -0.02 0.02 0.49 0 0 0 74 73
f0_23 f0_930 f1w_449 0.1 -0.1 0.46 0 0 0 74 74
f0_23 f0_930 f2_306 -0.11 0.11 0.49 0 0 0 74 74
f0_23 f0_930 f2_700 0.14 -0.14 0.43 0 0 0 74 72
f0_23 f0_930 f2_873 0.17 -0.17 0.69 0 0 0 74 75
f0_23 f1h_128 f1h_280 -0.07 0.07 0.81 0 0 0 71 71
f0_23 f1h_128 f1h_292 -0.2 0.2 0.54 0 0 0 71 73
f0_23 f1h_150 f1h_406 0.93 -0.93 0.54 0 0 0 76 74
f0_23 f1h_150 f2_879 -0.15 0.15 0.64 0 0 0 76 77
f0_23 f1h_150 f2_968 0.18 -0.18 0.7 0 0 0 76 75
f0_23 f1h_280 f1h_406 0.7 -0.7 0.35 0 0 0 71 74
f0_23 f1h_280 f2_968 0.14 -0.14 0.47 0 0 0 71 75
f0_23 f1h_406 f1w_158 -0.76 0.76 0.62 0 0 0 74 73
f0_23 f1h_406 f1w_449 -0.46 0.46 0.68 0 0 0 74 74
f0_23 f1h_406 f2_196 -0.59 0.59 0.61 0 0 0 74 71
f0_23 f1h_406 f2_540 -0.86 0.86 0.62 0 0 0 74 73
f0_23 f1w_158 f2_968 0.22 -0.22 0.81 0 0 0 73 75
f0_23 f1w_292 f2_879 -0.68 0.68 0.7 0 0 0 76 77
f0_23 f1w_292 f2_968 -0.18 0.18 0.87 0 0 0 76 75
f0_23 f2_142 f2_157 -0.62 0.62 0.52 0 0 0 77 71
f0_23 f2_142 f2_196 -0.28 0.28 0.71 0 0 0 77 71
f0_23 f2_157 f2_334 0.12 -0.12 0.64 0 0 0 71 75
f0_23 f2_196 f2_879 -0.28 0.28 0.35 0 0 0 71 77
f0_23 f2_196 f2_920 0.45 -0.45 0.64 0 0 0 71 76
f0_23 f2_196 f2_968 0.02 -0.02 0.2 0 0 0 71 75
f0_23 f2_334 f2_873 0.33 -0.33 0.82 0 0 0 75 75
f0_25 f0_599 f1h_6 0.53 -0.53 0.71 0 0 0 72 75
f0_25 f0_599 f1h_163 0.34 -0.34 0.83 0 0 0 72 73
f0_25 f0_980 f1h_163 0.23 -0.23 0.89 0 0 0 74 73
f0_25 f1h_6 f1h_145 0.03 -0.03 0.84 0 0 0 75 72
f0_25 f1h_6 f1h_496 -0.17 0.17 1.24 0 0 0 75 77
f0_25 f1h_6 f2_21 -0.05 0.05 0.82 0 0 0 75 71
f0_25 f1h_6 f2_941 -0.25 0.25 1.08 0 0 0 75 71
f0_25 f1h_145 f1h_163 -0.19 0.19 0.75 0 0 0 72 73
f0_25 f1h_145 f1h_494 -0.06 0.06 0.66 0 0 0 72 72
f0_25 f1h_163 f2_21 0 0 1.12 0 0 0 73 71
f0_25 f1h_163 f2_941 -0.09 0.09 1.11 0 0 0 73 71
f0_25 f1h_494 f2_21 0.23 -0.23 0.98 0 0 0 72 71
f0_26 f0_19 f1h_2 -0.03 0.03 1.16 0 0 0 65 68
f0_26 f0_19 f1w_222 0.11 -0.11 1.07 0 0 0 65 65
f0_26 f0_19 f2_138 -0.3 0.3 0.92 0 0 0 65 66
f0_26 f0_19 f2_199 -0.29 0.29 0.52 0 0 0 65 64
f0_26 f0_74 f1w_222 0.09 -0.09 0.5 0 0 0 65 65
f0_26 f1h_2 f2_405 -0.52 0.52 0.67 0 0 0 68 63
f0_26 f1h_40 f1w_222 -0.07 0.07 1.24 0 0 0 66 65
f0_26 f1h_40 f1w_422 -0.17 0.17 0.94 0 0 0 66 66
f0_26 f1h_40 f2_415 -0.9 0.9 0.57 0 0 0 66 65
f0_26 f1h_103 f1w_222 0.12 -0.12 0.87 0 0 0 68 65
f0_26 f1h_127 f1w_30 -0.24 0.24 0.82 0 0 0 67 65
f0_26 f1h_127 f2_999 -0.71 0.71 0.46 0 0 0 67 63
f0_26 f1w_177 f2_644 0.01 -0.01 0.95 0 0 0 62 67
f0_26 f1w_222 f2_221 -0.5 0.5 0.88 0 0 0 65 64
f0_26 f1w_222 f2_405 0.09 -0.09 0.57 0 0 0 65 63
f0_26 f1w_222 f2_644 -0.33 0.33 0.7 0 0 0 65 67
f0_26 f2_199 f2_405 -0.21 0.21 0.56 0 0 0 64 63
f0_26 f2_199 f2_644 0.09 -0.09 0.63 0 0 0 64 67
f0_26 f2_791 f2_817 0.11 -0.11 0.19 0 0 0 65 66
f0_27 f0_8 f1w_100 -0.21 0.21 1.02 0 0 0 70 71
f0_27 f0_8 f2_310 0.15 -0.15 1.17 0 0 0 70 74
f0_27 f0_370 f1w_268 0.4 -0.4 0.8 0 0 0 69 73
f0_27 f0_370 f2_223 -0.05 0.05 0.82 0 0 0 69 73
f0_27 f0_370 f2_900 0.03 -0.03 0.63 0 0 0 69 70
f0_27 f0_462 f0_876 0.04 -0.04 0.9 0 0 0 73 72
f0_27 f0_524 f2_310 0.2 -0.2 0.49 0 0 0 69 74
f0_27 f0_524 f2_900 0 0 0.87 0 0 0 69 70
f0_27 f0_594 f2_310 0.28 -0.28 0.74 0 0 0 73 74
f0_27 f0_614 f2_310 0.2 -0.2 0.51 0 0 0 67 74
f0_27 f0_614 f2_574 -0.03 0.03 1.14 0 0 0 67 73
f0_27 f0_614 f2_945 0.33 -0.33 0.85 0 0 0 67 72
f0_27 f0_876 f2_945 0.24 -0.24 0.79 0 0 0 72 72
f0_27 f1h_103 f1h_150 -0.26 0.26 0.53 0 0 0 74 72
f0_27 f1h_150 f2_310 0.52 -0.52 0.5 0 0 0 72 74
f0_27 f1h_255 f2_310 0.32 -0.32 0.66 0 0 0 70 74
f0_27 f1h_265 f2_310 -0.2 0.2 0.38 0 0 0 73 74
f0_27 f1h_426 f2_310 0.29 -0.29 0.98 0 0 0 70 74
f0_27 f1w_100 f2_277 0.19 -0.19 1.01 0 0 0 71 70
f0_27 f1w_323 f2_310 -0.17 0.17 0.86 0 0 0 71 74
f0_27 f2_900 f2_945 0.3 -0.3 0.8 0 0 0 70 72
f0_28 f1h_222 f1h_315 -0.74 0.74 1.07 0 0 0 69 70
f0_29 f0_85 f0_960 0.34 -0.34 0.8 0 0 0 67 67
f0_29 f0_524 f1h_489 0.6 -0.6 0.16 0 0 0 65 65
f0_29 f0_960 f1h_404 -0.02 0.02 1.15 0 0 0 67 67
f0_30 f1h_84 f1w_235 -0.35 0.35 1.36 0 0 0 68 69
f0_31 f1h_205 f2_73 -1.33 1.33 -0.41 0 0 1 71 72
f0_32 f0_156 f1h_207 1.02 -1.02 0.66 0 0 0 66 66
f0_32 f0_781 f1h_207 0.63 -0.63 0.53 0 0 0 71 66
f0_32 f1h_96 f1w_451 -0.22 0.22 0.79 0 0 0 69 68
f0_32 f1h_207 f1w_47 -0.32 0.32 0.58 0 0 0 66 70
f0_32 f1h_207 f1w_491 -0.39 0.39 0.83 0 0 0 66 71
f0_32 f1h_207 f2_29 -0.21 0.21 1 0 0 0 66 67
f0_32 f1h_207 f2_334 -0.56 0.43 0.71 0 0 0 66 70
f0_32 f1w_451 f2_29 0.6 -0.6 0.71 0 0 0 68 67
f0_33 f0_123 f0_208 0.15 -0.15 0.99 0 0 0 68 72
f0_33 f0_208 f1h_451 -0.12 0.12 1.15 0 0 0 72 71
f0_33 f0_208 f2_196 -0.6 0.6 0.79 0 0 0 72 69
f0_33 f0_208 f2_970 0.02 -0.02 0.94 0 0 0 72 72
f0_35 f1h_17 f1h_313 -0.27 0.27 1.39 0 0 0 75 75
f0_37 f0_126 f1h_12 0.57 -0.57 0.93 0 0 0 69 72
f0_37 f1h_12 f1h_57 -0.48 0.48 1.15 0 0 0 72 74
f0_37 f1h_12 f1h_151 -0.2 0.2 0.88 0 0 0 72 74
f0_37 f1h_12 f2_506 -0.17 0.17 0.63 0 0 0 72 72
f0_37 f1h_151 f2_309 -0.04 0.04 0.57 0 0 0 74 73
f0_38 f0_4 f1h_309 0.88 -0.88 0.81 0 0 0 71 71
f0_38 f0_50 f0_960 0.03 -0.03 1.1 0 0 0 70 71
f0_38 f0_114 f0_960 0.24 -0.24 0.27 0 0 0 72 71
f0_38 f0_114 f1h_309 1.01 -1.01 0.54 0 0 0 72 71
f0_38 f0_192 f0_448 -0.39 0.39 0.84 0 0 0 71 72
f0_38 f0_192 f0_930 -0.11 0.11 0.18 0 0 0 71 70
f0_38 f0_192 f1w_406 -0.17 0.17 0.03 0 0 0 71 67
f0_38 f0_534 f0_930 -0.2 0.2 0.18 0 0 0 68 70
f0_38 f0_534 f2_109 -0.14 0.14 0.71 0 0 0 68 73
f0_38 f0_534 f2_285 0.34 -0.34 0.5 0 0 0 68 69
f0_38 f0_736 f0_960 0.47 -0.47 0.65 0 0 0 71 71
f0_38 f0_930 f1h_161 0.68 -0.68 0.14 0 0 0 70 71
f0_38 f0_930 f1h_217 0.55 -0.55 0.37 0 0 0 70 69
f0_38 f0_930 f1h_309 1.17 -1.17 0.09 0 0 0 70 71
f0_38 f0_930 f1w_364 -0.07 0.07 0.65 0 0 0 70 69
f0_38 f0_930 f2_787 0.31 -0.31 0.35 0 0 0 70 71
f0_38 f0_960 f1h_309 0.52 -0.52 -0.09 0 0 0 71 71
f0_38 f0_960 f1h_442 -0.19 0.19 0.55 0 0 0 71 72
f0_38 f0_960 f1h_455 -0.16 0.16 1.04 0 0 0 71 71
f0_38 f0_960 f1w_206 0 0 0.32 0 0 0 71 69
f0_38 f0_960 f1w_228 -0.15 0.15 0.85 0 0 0 71 69
f0_38 f0_960 f1w_406 0.26 -0.26 0.7 0 0 0 71 67
f0_38 f0_960 f2_109 -0.28 0.28 0.04 0 0 0 71 73
f0_38 f0_960 f2_554 -0.12 0.12 0.56 0 0 0 71 70
f0_38 f0_960 f2_821 -0.44 0.44 0.57 0 0 0 71 67
f0_38 f1h_161 f1h_309 0.34 -0.34 0.74 0 0 0 71 71
f0_38 f1h_161 f1h_442 -0.31 0.31 0.76 0 0 0 71 72
f0_38 f1h_161 f2_999 -0.27 0.27 0.59 0 0 0 71 69
f0_38 f1h_217 f1w_406 -0.17 0.17 0.62 0 0 0 69 67
f0_38 f1h_217 f2_99 -0.22 0.22 0.72 0 0 0 69 70
f0_38 f1h_309 f1w_406 -0.22 0.22 0.54 0 0 0 71 67
f0_38 f1h_309 f2_285 -0.44 0.44 0.76 0 0 0 71 69
f0_38 f1w_406 f2_787 -0.36 0.36 0.36 0 0 0 67 71
f0_38 f1w_406 f2_999 -0.35 0.35 0.97 0 0 0 67 69
f0_38 f2_109 f2_787 0.38 -0.38 0.74 0 0 0 73 71
f0_38 f2_787 f2_941 -0.07 0.07 0.72 0 0 0 71 69
f0_39 f0_123 f1h_480 -0.33 0.33 0.6 0 0 0 68 73
f0_39 f0_373 f1h_259 0.17 -0.17 0.36 0 0 0 73 73
f0_39 f0_373 f1h_480 -0.36 0.36 0.41 0 0 0 73 73
f0_39 f0_373 f2_61 0.14 -0.14 0.28 0 0 0 73 68
f0_39 f0_373 f2_246 0.14 -0.14 0.69 0 0 0 73 74
f0_39 f0_373 f2_717 0.02 -0.02 0.59 0 0 0 73 75
f0_39 f1h_463 f1h_480 -0.4 0.4 0.56 0 0 0 73 73
f0_39 f1h_463 f1w_143 -0.63 0.63 0.74 0 0 0 73 75
f0_39 f1h_463 f2_61 -0.45 0.45 0.82 0 0 0 73 68
f0_39 f1h_463 f2_180 0 0 1.2 0 0 0 73 74
f0_39 f1h_463 f2_409 -0.42 0.42 0.79 0 0 0 73 72
f0_39 f1h_480 f2_409 0.23 -0.23 0.51 0 0 0 73 72
f0_39 f1w_437 f2_3 0.2 -0.2 0.71 0 0 0 76 71
f0_40 f0_133 f2_721 0.34 -0.34 0.65 0 0 0 75 75
f0_40 f0_133 f2_959 0.76 -0.76 0.63 0 0 0 75 69
f0_40 f0_181 f0_545 0.41 -0.41 0.57 0 0 0 70 69
f0_40 f0_181 f2_242 -0.3 0.3 0.61 0 0 0 70 74
f0_40 f0_181 f2_285 -0.07 0.07 0.59 0 0 0 70 73
f0_40 f0_181 f2_691 -0.25 0.25 -0.04 0 0 0 70 73
f0_40 f0_545 f2_721 -0.57 0.57 0.49 0 0 0 69 75
f0_40 f2_149 f2_721 0.15 -0.15 0.66 0 0 0 72 75
f0_40 f2_242 f2_721 0.07 -0.07 0.65 0 0 0 74 75
f0_41 f0_120 f0_860 -0.04 0.04 0.5 0 0 0 72 72
f0_41 f0_120 f0_955 -0.17 0.17 1.07 0 0 0 72 72
f0_41 f0_120 f1h_280 -0.23 0.23 0.74 0 0 0 72 72
f0_41 f0_155 f1h_108 0 0 0.29 0 0 0 75 74
f0_41 f0_155 f1h_184 0.09 -0.09 0.31 0 0 0 75 76
f0_41 f0_155 f1w_56 0.21 -0.21 0.52 0 0 0 75 74
f0_41 f0_155 f2_85 0.01 -0.01 0.52 0 0 0 75 74
f0_41 f0_155 f2_647 0.2 -0.2 0.35 0 0 0 75 75
f0_41 f0_155 f2_832 -0.24 0.24 0.39 0 0 0 75 70
f0_41 f0_155 f2_910 0.19 -0.19 0.04 0 0 0 75 73
f0_41 f0_860 f1w_491 -0.14 0.14 0.82 0 0 0 72 73
f0_41 f0_860 f2_832 -0.29 0.29 0.21 0 0 0 72 70
f0_41 f0_955 f1h_108 -0.21 0.21 0.44 0 0 0 72 74
f0_41 f0_992 f1h_184 -0.01 0.01 0.81 0 0 0 74 76
f0_41 f1h_108 f1h_280 0.04 -0.04 0.78 0 0 0 74 72
f0_41 f1h_184 f1h_241 -0.15 0.15 0.39 0 0 0 76 74
f0_41 f1h_184 f1w_56 0.05 -0.05 0.66 0 0 0 76 74
f0_41 f1h_184 f2_631 0.04 -0.04 0.72 0 0 0 76 73
f0_41 f1h_184 f2_647 0.19 -0.19 0.29 0 0 0 76 75
f0_41 f1w_369 f2_792 0 0 1.03 0 0 0 70 73
f0_42 f0_43 f0_219 -0.12 0.12 1.3 0 0 0 76 74
f0_42 f0_102 f2_827 -0.45 0.45 0.8 0 0 0 77 78
f0_42 f0_748 f2_827 -0.08 0.08 0.81 0 0 0 73 78
f0_43 f0_230 f1h_405 -0.61 0.61 0.87 0 0 0 73 73
f0_43 f0_633 f2_409 -0.25 0.25 0.96 0 0 0 71 73
f0_43 f0_633 f2_934 -0.84 0.84 0.42 0 0 0 71 73
f0_43 f1w_114 f2_409 0.51 -0.51 0.11 0 0 0 72 73
f0_43 f1w_114 f2_647 0.42 -0.42 0.09 0 0 0 72 74
f0_44 f0_396 f1h_438 0.11 -0.11 0.42 0 0 0 73 75
f0_44 f0_396 f2_361 -0.63 0.63 0.4 0 0 0 73 73
f0_44 f0_480 f1h_438 0.15 -0.15 0.5 0 0 0 72 75
f0_44 f0_768 f1h_438 0.43 -0.43 0.97 0 0 0 73 75
f0_44 f1h_14 f1h_438 0.64 -0.64 0.56 0 0 0 73 75
f0_44 f1h_173 f1h_438 0.6 -0.6 0.69 0 0 0 74 75
f0_44 f1h_243 f1h_438 0.17 -0.17 1.63 0 0 0 74 75
f0_44 f1h_289 f1h_438 0 0 0.71 0 0 0 72 75
f0_44 f1h_328 f1h_438 0.41 -0.41 1.21 0 0 0 76 75
f0_44 f1h_345 f1h_438 0.63 -0.63 0.33 0 0 0 76 75
f0_44 f1h_426 f1h_438 0.25 -0.25 0.85 0 0 0 72 75
f0_44 f1h_438 f1w_102 -0.95 0.95 0.78 0 0 0 75 72
f0_44 f1h_438 f1w_113 0.79 -0.79 0.27 0 0 0 75 72
f0_44 f1h_438 f1w_221 0.09 -0.09 0.84 0 0 0 75 75
f0_44 f1h_438 f2_226 -0.55 0.55 1.12 0 0 0 75 73
f0_44 f1h_438 f2_290 -0.29 0.29 0.26 0 0 0 75 73
f0_44 f1h_438 f2_361 -0.53 0.53 0.48 0 0 0 75 73
f0_44 f1h_438 f2_373 -0.35 0.35 1.29 0 0 0 75 75
f0_44 f1h_438 f2_547 -0.37 0.37 0.66 0 0 0 75 76
f0_44 f1h_438 f2_954 0.01 -0.01 0.78 0 0 0 75 71
f0_45 f0_68 f0_420 0.28 -0.28 0.52 0 0 0 75 71
f0_45 f0_68 f1h_335 0.34 -0.34 0.71 0 0 0 75 77
f0_45 f0_68 f2_92 0.55 -0.55 -0.49 0 0 0 75 77
f0_45 f0_76 f0_470 0.23 -0.23 0.5 0 0 0 72 76
f0_45 f0_76 f1h_57 0.18 -0.18 0.57 0 0 0 72 76
f0_45 f0_76 f1h_73 0.36 -0.36 0.46 0 0 0 72 74
f0_45 f0_76 f1h_128 0.36 -0.36 0.58 0 0 0 72 71
f0_45 f0_76 f1h_417 0.43 -0.43 0.62 0 0 0 72 77
f0_45 f0_76 f1w_82 -0.07 0.07 0.56 0 0 0 72 76
f0_45 f0_76 f2_242 0.43 -0.43 0.55 0 0 0 72 77
f0_45 f0_104 f0_987 -0.73 0.73 0.64 0 0 0 76 77
f0_45 f0_104 f1h_193 -0.17 0.17 0.91 0 0 0 76 76
f0_45 f0_104 f1w_369 -0.76 0.76 0.81 0 0 0 76 73
f0_45 f0_104 f2_14 0.04 -0.04 0.7 0 0 0 76 72
f0_45 f0_197 f1h_193 0.38 -0.38 0.35 0 0 0 76 76
f0_45 f0_197 f2_242 0.34 -0.34 0.83 0 0 0 76 77
f0_45 f0_252 f1h_407 0.25 -0.25 1.23 0 0 0 77 76
f0_45 f0_254 f1h_123 -0.21 0.21 0.68 0 0 0 74 74
f0_45 f0_420 f1h_57 0.2 -0.2 0.84 0 0 0 71 76
f0_45 f0_420 f1h_73 0.04 -0.04 0.77 0 0 0 71 74
f0_45 f0_470 f1h_123 -0.13 0.13 0.54 0 0 0 76 74
f0_45 f0_470 f1h_193 0.42 -0.42 0.7 0 0 0 76 76
f0_45 f0_470 f2_14 0.13 -0.13 0.9 0 0 0 76 72
f0_45 f0_614 f0_662 -0.02 0.02 0.73 0 0 0 71 72
f0_45 f0_614 f1h_193 0.04 -0.04 0.76 0 0 0 71 76
f0_45 f0_614 f1w_280 -0.21 0.21 0.69 0 0 0 71 74
f0_45 f0_615 f1h_123 0.11 -0.11 0.51 0 0 0 76 74
f0_45 f0_615 f1w_280 0.13 -0.13 0.62 0 0 0 76 74
f0_45 f0_615 f2_14 0.34 -0.34 0.3 0 0 0 76 72
f0_45 f0_662 f1h_57 0.4 -0.4 0.5 0 0 0 72 76
f0_45 f0_662 f1w_159 -0.23 0.23 0.43 0 0 0 72 76
f0_45 f0_987 f1h_404 0.15 -0.15 0.68 0 0 0 77 75
f0_45 f0_987 f1h_417 0.62 -0.62 0.48 0 0 0 77 77
f0_45 f0_988 f2_242 0.04 -0.04 1.24 0 0 0 76 77
f0_45 f1h_28 f1h_417 0.46 -0.46 1.02 0 0 0 77 77
f0_45 f1h_57 f1h_193 0 0 0.95 0 0 0 76 76
f0_45 f1h_73 f1h_193 0.28 -0.28 0.49 0 0 0 74 76
f0_45 f1h_73 f1w_369 -0.44 0.44 0.61 0 0 0 74 73
f0_45 f1h_73 f2_14 -0.01 0.01 0.59 0 0 0 74 72
f0_45 f1h_73 f2_242 -0.07 0.07 0.02 0 0 0 74 77
f0_45 f1h_193 f1h_339 -0.07 0.07 0.57 0 0 0 76 76
f0_45 f1h_193 f1h_417 0.04 -0.04 1.11 0 0 0 76 77
f0_45 f1h_193 f1w_82 -0.47 0.47 0.67 0 0 0 76 76
f0_45 f1h_193 f1w_159 -0.36 0.36 0.88 0 0 0 76 76
f0_45 f1h_193 f2_242 0.12 -0.12 0.81 0 0 0 76 77
f0_45 f1h_335 f1h_404 -0.39 0.39 0.76 0 0 0 77 75
f0_45 f1h_335 f1h_407 -0.4 0.4 0.39 0 0 0 77 76
f0_45 f1h_339 f1w_280 -0.04 0.04 1.06 0 0 0 76 74
f0_45 f1h_367 f1h_407 0.66 -0.66 0.52 0 0 0 77 76
f0_45 f1h_394 f1h_407 0.26 -0.26 0.28 0 0 0 73 76
f0_45 f1h_404 f2_14 0.29 -0.29 0.67 0 0 0 75 72
f0_45 f1h_407 f1w_264 -0.44 0.44 1.11 0 0 0 76 76
f0_45 f1h_407 f2_242 -0.28 0.28 0.86 0 0 0 76 77
f0_45 f1h_417 f1w_369 -0.1 0.1 0.61 0 0 0 77 73
f0_45 f1h_417 f2_14 -0.16 0.16 0.66 0 0 0 77 72
f0_45 f1w_34 f1w_280 0.06 -0.06 0.61 0 0 0 77 74
f0_45 f1w_159 f2_14 0.14 -0.14 0.74 0 0 0 76 72
f0_45 f2_14 f2_242 0.16 -0.16 0.71 0 0 0 72 77
f0_46 f0_656 f1h_289 0.42 -0.42 0.57 0 0 0 74 73
f0_46 f0_802 f0_930 0.01 -0.01 0.67 0 0 0 76 73
f0_46 f0_802 f2_456 -0.06 0.06 0.95 0 0 0 76 71
f0_46 f0_930 f1h_253 0.28 -0.28 0.96 0 0 0 73 77
f0_46 f0_930 f1h_289 -0.34 0.34 0.99 0 0 0 73 73
f0_46 f0_930 f2_491 0.21 -0.21 1.15 0 0 0 73 74
f0_46 f1h_289 f1h_425 -0.11 0.11 0.67 0 0 0 73 73
f0_46 f1h_425 f2_892 0.1 -0.1 0.75 0 0 0 73 74
f0_46 f1w_158 f2_491 0.82 -0.82 0.65 0 0 0 72 74
f0_47 f0_836 f2_700 -0.01 0.01 1.38 0 0 0 67 67
f0_49 f0_34 f2_135 0.51 -0.51 0.83 0 0 0 74 73
f0_49 f0_421 f1w_120 0.47 -0.47 0.68 0 0 0 70 71
f0_49 f0_421 f2_17 0.44 -0.44 0.68 0 0 0 70 74
f0_49 f0_421 f2_20 0.73 -0.73 0.48 0 0 0 70 71
f0_49 f0_818 f1w_255 -0.38 0.38 0.56 0 0 0 73 70
f0_49 f0_827 f2_177 0.6 -0.6 0.89 0 0 0 75 72
f0_49 f0_859 f1w_11 -0.31 0.31 0.88 0 0 0 70 72
f0_49 f0_859 f2_20 -0.11 0.11 0.89 0 0 0 70 71
f0_49 f0_859 f2_387 -0.07 0.07 0.67 0 0 0 70 71
f0_49 f1h_198 f1w_255 -0.32 0.32 0.99 0 0 0 75 70
f0_49 f1w_276 f2_177 0.16 -0.16 0.6 0 0 0 72 72
f0_49 f2_20 f2_177 0.13 -0.13 1.01 0 0 0 71 72
f0_50 f0_20 f0_110 -0.09 0.09 0.25 0 0 0 69 75
f0_50 f0_20 f0_463 0.12 -0.12 0.46 0 0 0 69 69
f0_50 f0_20 f0_781 0.14 -0.14 0.25 0 0 0 69 74
f0_50 f0_20 f0_829 0.11 -0.11 0.57 0 0 0 69 72
f0_50 f0_20 f1h_184 -0.1 0.1 0.31 0 0 0 69 75
f0_50 f0_20 f1h_289 0.47 -0.47 0.31 0 0 0 69 71
f0_50 f0_20 f1h_479 0.13 -0.13 0.58 0 0 0 69 70
f0_50 f0_20 f2_186 0.14 -0.14 0.64 0 0 0 69 72
f0_50 f0_22 f0_628 0.06 -0.06 0.52 0 0 0 73 73
f0_50 f0_22 f0_781 0.18 -0.18 0.28 0 0 0 73 74
f0_50 f0_22 f1h_184 -0.09 0.09 0.23 0 0 0 73 75
f0_50 f0_22 f2_169 0.26 -0.26 0.59 0 0 0 73 73
f0_50 f0_110 f0_339 0.38 -0.38 0.21 0 0 0 75 73
f0_50 f0_110 f0_401 0.09 -0.09 0.67 0 0 0 75 74
f0_50 f0_110 f0_953 0.12 -0.12 0.26 0 0 0 75 74
f0_50 f0_110 f1h_173 0.64 -0.64 0.15 0 0 0 75 73
f0_50 f0_119 f1h_289 -0.11 0.11 0.93 0 0 0 74 71
f0_50 f0_132 f0_288 0.16 -0.16 0.41 0 0 0 71 73
f0_50 f0_132 f1h_115 0.38 -0.38 0.26 0 0 0 71 75
f0_50 f0_132 f1h_173 0.54 -0.54 0.54 0 0 0 71 73
f0_50 f0_132 f1h_289 0.26 -0.26 0.29 0 0 0 71 71
f0_50 f0_132 f1w_232 0.28 -0.28 0.36 0 0 0 71 73
f0_50 f0_230 f0_339 0.15 -0.15 0.65 0 0 0 73 73
f0_50 f0_230 f1h_173 0.61 -0.61 0.37 0 0 0 73 73
f0_50 f0_230 f1h_184 -0.38 0.38 -0.32 0 0 0 73 75
f0_50 f0_246 f1h_115 0.11 -0.11 0.92 0 0 0 75 75
f0_50 f0_246 f1h_184 -0.38 0.38 0.45 0 0 0 75 75
f0_50 f0_246 f1h_289 0.26 -0.26 0.3 0 0 0 75 71
f0_50 f0_288 f0_781 0.19 -0.19 0.33 0 0 0 73 74
f0_50 f0_288 f1h_184 -0.13 0.13 0.04 0 0 0 73 75
f0_50 f0_288 f1h_455 0.7 -0.7 0.63 0 0 0 73 73
f0_50 f0_288 f1h_479 0.05 -0.05 0.38 0 0 0 73 70
f0_50 f0_295 f0_781 0.12 -0.12 0.26 0 0 0 72 74
f0_50 f0_295 f1h_184 -0.26 0.26 0.22 0 0 0 72 75
f0_50 f0_304 f0_628 -0.46 0.46 0.02 0 0 0 71 73
f0_50 f0_304 f0_781 -0.24 0.24 0.53 0 0 0 71 74
f0_50 f0_304 f1h_289 0.12 -0.12 0.89 0 0 0 71 71
f0_50 f0_339 f0_628 0.05 -0.05 0.59 0 0 0 73 73
f0_50 f0_339 f0_955 0.11 -0.11 0.8 0 0 0 73 73
f0_50 f0_339 f1h_406 0.3 -0.3 0.85 0 0 0 73 71
f0_50 f0_339 f2_229 0.29 -0.29 0.86 0 0 0 73 73
f0_50 f0_351 f1w_232 0.07 -0.07 1 0 0 0 74 73
f0_50 f0_357 f0_781 0.08 -0.08 0.05 0 0 0 70 74
f0_50 f0_357 f0_850 0.04 -0.04 0.75 0 0 0 70 75
f0_50 f0_357 f1h_289 -0.05 0.05 0.28 0 0 0 70 71
f0_50 f0_357 f1h_455 0.8 -0.8 0.45 0 0 0 70 73
f0_50 f0_357 f1w_232 0.31 -0.31 0.33 0 0 0 70 73
f0_50 f0_357 f1w_364 0.3 -0.3 0.74 0 0 0 70 71
f0_50 f0_357 f2_229 0.49 -0.49 0.14 0 0 0 70 73
f0_50 f0_401 f1h_289 0.25 -0.25 0.51 0 0 0 74 71
f0_50 f0_463 f0_628 0.09 -0.09 0.44 0 0 0 69 73
f0_50 f0_628 f0_681 0.26 -0.26 0.3 0 0 0 73 69
f0_50 f0_628 f0_781 0.14 -0.14 0.35 0 0 0 73 74
f0_50 f0_628 f0_850 0.12 -0.12 0.48 0 0 0 73 75
f0_50 f0_628 f1h_115 0.25 -0.25 0.3 0 0 0 73 75
f0_50 f0_628 f1h_173 0.63 -0.63 0.28 0 0 0 73 73
f0_50 f0_628 f1h_184 0.06 -0.11 -0.03 0 0 0 73 75
f0_50 f0_628 f1h_289 0.36 -0.36 0.44 0 0 0 73 71
f0_50 f0_628 f1h_479 -0.02 0.02 0.15 0 0 0 73 70
f0_50 f0_628 f1w_232 0.52 -0.52 -0.08 0 0 0 73 73
f0_50 f0_628 f1w_364 0.14 -0.14 0.73 0 0 0 73 71
f0_50 f0_628 f2_114 0 0 0.6 0 0 0 73 70
f0_50 f0_628 f2_186 0.43 -0.43 -0.25 0 0 0 73 72
f0_50 f0_681 f0_781 0.01 -0.01 0.63 0 0 0 69 74
f0_50 f0_687 f0_781 -0.03 0.03 0.92 0 0 0 74 74
f0_50 f0_687 f1h_289 0.17 -0.17 0.43 0 0 0 74 71
f0_50 f0_736 f1h_173 0.12 -0.12 0.83 0 0 0 73 73
f0_50 f0_736 f1h_184 -0.58 0.58 -0.1 0 0 0 73 75
f0_50 f0_736 f1h_289 -0.24 0.24 0.55 0 0 0 73 71
f0_50 f0_781 f0_881 -0.23 0.23 0.76 0 0 0 74 70
f0_50 f0_781 f0_953 0.36 -0.36 0.02 0 0 0 74 74
f0_50 f0_781 f0_974 0.01 -0.01 0.73 0 0 0 74 71
f0_50 f0_781 f1h_48 -0.06 0.06 0.58 0 0 0 74 72
f0_50 f0_781 f1h_184 -0.39 0.39 -0.03 0 0 0 74 75
f0_50 f0_781 f1h_289 -0.09 0.09 0.15 0 0 0 74 71
f0_50 f0_781 f1h_406 0.25 -0.25 0.52 0 0 0 74 71
f0_50 f0_781 f1h_479 -0.17 0.17 0.24 0 0 0 74 70
f0_50 f0_781 f2_186 -0.19 0.19 0.48 0 0 0 74 72
f0_50 f0_781 f2_226 0.21 -0.21 0.61 0 0 0 74 72
f0_50 f0_829 f1h_115 0.24 -0.24 0.34 0 0 0 72 75
f0_50 f0_829 f1h_173 0.49 -0.49 0.56 0 0 0 72 73
f0_50 f0_829 f1h_459 0.33 -0.33 0.97 0 0 0 72 72
f0_50 f0_829 f1w_232 0.08 -0.08 0.82 0 0 0 72 73
f0_50 f0_850 f0_953 0.64 -0.64 0.87 0 0 0 75 74
f0_50 f0_881 f1h_289 0.25 -0.25 0.53 0 0 0 70 71
f0_50 f0_914 f0_953 0.63 -0.63 0.63 0 0 0 72 74
f0_50 f0_953 f1h_289 -0.32 0.32 0.68 0 0 0 74 71
f0_50 f0_953 f1w_364 -0.34 0.34 0.9 0 0 0 74 71
f0_50 f0_955 f1h_115 0.16 -0.16 0.92 0 0 0 73 75
f0_50 f0_955 f1h_173 0.36 -0.36 0.5 0 0 0 73 73
f0_50 f0_955 f1h_184 -0.34 0.34 0.29 0 0 0 73 75
f0_50 f0_955 f1h_479 -0.19 0.19 0.65 0 0 0 73 70
f0_50 f0_974 f1h_184 -0.24 0.24 0.42 0 0 0 71 75
f0_50 f1h_115 f1h_406 0.17 -0.17 0.91 0 0 0 75 71
f0_50 f1h_173 f1h_406 -0.13 0.13 1.16 0 0 0 73 71
f0_50 f1h_173 f2_229 -0.19 0.19 0.74 0 0 0 73 73
f0_50 f1h_184 f1h_455 0.93 -0.93 0.27 0 0 0 75 73
f0_50 f1h_184 f1h_459 0.72 -0.72 0.3 0 0 0 75 72
f0_50 f1h_184 f1w_484 0.48 -0.48 0.4 0 0 0 75 71
f0_50 f1h_289 f1h_455 0.48 -0.48 0.69 0 0 0 71 73
f0_50 f1h_289 f1h_459 0.14 -0.14 0.76 0 0 0 71 72
f0_50 f1h_289 f2_114 -0.09 0.09 0.63 0 0 0 71 70
f0_50 f1h_406 f1w_232 -0.24 0.24 0.96 0 0 0 71 73
f0_50 f1h_455 f2_226 -0.3 0.3 1.21 0 0 0 73 72
f0_50 f2_226 f2_229 0.06 -0.06 1.04 0 0 0 72 73
f0_54 f0_236 f1h_273 0.49 -0.49 0.69 0 0 0 70 69
f0_54 f0_769 f0_966 0.44 -0.44 0.82 0 0 0 69 62
f0_54 f0_898 f0_966 0.55 -0.55 0.36 0 0 0 68 62
f0_54 f0_898 f1h_298 0.14 -0.14 0.54 0 0 0 68 68
f0_54 f0_898 f2_898 0.1 -0.1 0.61 0 0 0 68 67
f0_54 f0_966 f1h_274 -0.61 0.61 0.46 0 0 0 62 68
f0_54 f0_966 f2_138 -0.5 0.5 0.55 0 0 0 62 68
f0_54 f0_966 f2_911 -0.47 0.47 0.44 0 0 0 62 67
f0_54 f1h_171 f2_911 -0.47 0.47 0.53 0 0 0 69 67
f0_54 f1h_273 f2_698 -0.23 0.23 0.82 0 0 0 69 68
f0_54 f1h_273 f2_898 -0.41 0.41 0.63 0 0 0 69 67
f0_54 f1h_277 f1h_298 -0.21 0.21 0.97 0 0 0 63 68
f0_54 f1h_280 f2_359 -0.08 0.08 0.24 0 0 0 66 71
f0_54 f1h_280 f2_698 0.05 -0.05 0.51 0 0 0 66 68
f0_54 f1h_280 f2_898 -0.09 0.09 0.51 0 0 0 66 67
f0_55 f0_135 f0_602 0.36 -0.36 0.33 0 0 0 70 74
f0_55 f0_602 f0_615 -0.34 0.34 0.73 0 0 0 74 74
f0_55 f0_602 f1h_442 -0.15 0.15 0.54 0 0 0 74 75
f0_56 f0_23 f1h_305 -0.08 0.08 0.69 0 0 0 75 69
f0_56 f0_23 f1w_62 -0.15 0.15 0.43 0 0 0 75 76
f0_56 f0_102 f1h_305 0.07 -0.07 0.74 0 0 0 75 69
f0_56 f0_361 f1h_305 0.2 -0.2 0.13 0 0 0 76 69
f0_56 f0_361 f1w_40 0.56 -0.56 0.28 0 0 0 76 73
f0_56 f0_403 f0_652 -0.18 0.18 0.94 0 0 0 76 73
f0_56 f0_403 f1w_62 -0.24 0.24 0.75 0 0 0 76 76
f0_56 f0_403 f2_14 0.12 -0.12 1.04 0 0 0 76 70
f0_56 f0_419 f0_930 0.37 -0.37 0.53 0 0 0 74 74
f0_56 f0_450 f0_930 -0.14 0.14 0.49 0 0 0 72 74
f0_56 f0_450 f1h_305 0.12 -0.12 0.17 0 0 0 72 69
f0_56 f0_607 f0_652 0.1 -0.1 0.68 0 0 0 73 73
f0_56 f0_607 f1h_305 0.34 -0.34 0.36 0 0 0 73 69
f0_56 f0_607 f1h_375 0.3 -0.3 0.88 0 0 0 73 73
f0_56 f0_607 f1w_21 -0.05 0.05 0.68 0 0 0 73 75
f0_56 f0_607 f1w_40 0.6 -0.6 0.67 0 0 0 73 73
f0_56 f0_607 f1w_201 -0.06 0.06 0.44 0 0 0 73 75
f0_56 f0_607 f2_14 0.36 -0.36 0.36 0 0 0 73 70
f0_56 f0_607 f2_489 0.22 -0.22 0.88 0 0 0 73 72
f0_56 f0_632 f2_14 0.6 -0.6 0.97 0 0 0 73 70
f0_56 f0_652 f0_930 -0.31 0.31 0.23 0 0 0 73 74
f0_56 f0_652 f1h_90 -0.33 0.33 0.65 0 0 0 73 69
f0_56 f0_652 f1w_201 -0.06 0.06 0.47 0 0 0 73 75
f0_56 f0_652 f2_52 -0.03 0.03 1.04 0 0 0 73 72
f0_56 f0_661 f1h_90 -0.8 0.77 0.38 0 0 0 75 69
f0_56 f0_661 f1w_201 -0.66 0.66 0.57 0 0 0 75 75
f0_56 f0_721 f2_334 -0.04 0.04 1.08 0 0 0 74 74
f0_56 f0_841 f0_930 -0.15 0.15 0.47 0 0 0 75 74
f0_56 f0_841 f1h_148 -0.1 0.1 0.99 0 0 0 75 72
f0_56 f0_841 f1h_305 0.44 -0.44 0.67 0 0 0 75 69
f0_56 f0_841 f1h_375 0.11 -0.11 0.92 0 0 0 75 73
f0_56 f0_891 f1w_62 0.18 -0.18 0.89 0 0 0 72 76
f0_56 f0_930 f1w_35 0.22 -0.22 0.41 0 0 0 74 71
f0_56 f0_930 f1w_62 0.11 -0.11 0.58 0 0 0 74 76
f0_56 f0_930 f2_14 0.46 -0.46 0.58 0 0 0 74 70
f0_56 f0_974 f1h_305 0.32 -0.32 0.83 0 0 0 72 69
f0_56 f0_974 f1w_67 0.33 -0.33 1.05 0 0 0 72 72
f0_56 f1h_16 f2_61 0.31 -0.31 0.27 0 0 0 74 70
f0_56 f1h_90 f1h_333 0 0 0.62 0 0 0 69 72
f0_56 f1h_90 f2_14 0.71 -0.71 0.45 0 0 0 69 70
f0_56 f1h_90 f2_101 -0.01 0.01 0.7 0 0 0 69 71
f0_56 f1h_90 f2_142 0.25 -0.25 0.56 0 0 0 69 76
f0_56 f1h_305 f1w_35 -0.51 0.51 0.54 0 0 0 69 71
f0_56 f1h_305 f1w_425 -0.68 0.68 0.83 0 0 0 69 74
f0_56 f1h_305 f2_108 -0.1 0.1 0.44 0 0 0 69 74
f0_56 f1h_305 f2_142 0.29 -0.29 0.08 0 0 0 69 76
f0_56 f1h_305 f2_334 0.14 -0.14 0.15 0 0 0 69 74
f0_56 f1h_305 f2_576 -0.69 0.69 0.49 0 0 0 69 71
f0_56 f1h_309 f2_14 0.23 -0.23 0.41 0 0 0 74 70
f0_56 f1h_333 f1w_200 0.09 -0.09 0.55 0 0 0 72 71
f0_56 f1h_333 f1w_201 0.14 -0.14 0.76 0 0 0 72 75
f0_56 f1h_375 f1w_62 -0.03 0.03 0.94 0 0 0 73 76
f0_56 f1h_375 f2_61 -0.05 0.05 0.75 0 0 0 73 70
f0_56 f1h_481 f1w_62 -0.14 0.14 0.92 0 0 0 73 76
f0_56 f1h_481 f2_14 0.2 -0.2 1.13 0 0 0 73 70
f0_56 f1w_21 f2_142 0.43 -0.43 0.06 0 0 0 75 76
f0_56 f1w_35 f2_14 0.46 -0.46 0.42 0 0 0 71 70
f0_56 f1w_35 f2_61 -0.1 0.1 0.46 0 0 0 71 70
f0_56 f1w_62 f1w_67 0.4 -0.4 0.75 0 0 0 76 72
f0_56 f1w_62 f1w_201 -0.17 0.17 0.15 0 0 0 76 75
f0_56 f1w_62 f2_334 -0.3 0.3 0.54 0 0 0 76 74
f0_56 f1w_67 f2_14 -0.08 0.08 0.89 0 0 0 72 70
f0_56 f1w_67 f2_61 -0.05 0.05 0.03 0 0 0 72 70
f0_56 f1w_200 f2_527 0.2 -0.2 1.02 0 0 0 71 74
f0_56 f1w_201 f2_14 0.46 -0.46 0.38 0 0 0 75 70
f0_56 f1w_201 f2_142 0.09 -0.09 0.89 0 0 0 75 76
f0_56 f1w_238 f2_14 0.5 -0.5 0.27 0 0 0 76 70
f0_56 f2_14 f2_52 -0.82 0.82 0.3 0 0 0 70 72
f0_56 f2_14 f2_61 -0.31 0.31 0.84 0 0 0 70 70
f0_59 f0_95 f2_114 0.3 -0.3 0.51 0 0 0 70 66
f0_59 f0_95 f2_914 0.17 -0.17 0.83 0 0 0 70 66
f0_59 f0_200 f2_114 -0.05 0.05 0.24 0 0 0 69 66
f0_59 f0_355 f1h_123 0.03 -0.03 0.41 0 0 0 68 68
f0_59 f0_355 f1w_109 0.16 -0.16 0.2 0 0 0 68 67
f0_59 f0_355 f2_246 0.31 -0.31 0.7 0 0 0 68 70
f0_59 f0_355 f2_319 -0.09 0.09 0.42 0 0 0 68 70
f0_59 f0_355 f2_384 -0.14 0.14 0.75 0 0 0 68 69
f0_59 f0_355 f2_483 0.22 -0.22 0.63 0 0 0 68 68
f0_59 f0_355 f2_839 -0.1 0.1 0.78 0 0 0 68 72
f0_59 f0_462 f2_246 0.43 -0.43 0.58 0 0 0 68 70
f0_59 f0_462 f2_839 0.1 -0.1 0.73 0 0 0 68 72
f0_59 f0_462 f2_864 -0.17 0.17 0.17 0 0 0 68 69
f0_59 f0_905 f2_114 0.37 -0.37 0.57 0 0 0 69 66
f0_59 f0_967 f2_914 -0.47 0.47 0.08 0 0 0 69 66
f0_59 f1h_123 f1w_51 0.05 -0.05 0.95 0 0 0 68 68
f0_59 f1h_133 f2_114 0.09 -0.09 0.9 0 0 0 67 66
f0_59 f1h_212 f2_114 0.02 -0.02 0.61 0 0 0 70 66
f0_59 f1h_212 f2_269 -0.06 0.06 0.14 0 0 0 70 70
f0_59 f1w_1 f2_269 -0.01 0.01 0.25 0 0 0 69 70
f0_59 f1w_99 f2_114 0.28 -0.28 0.71 0 0 0 65 66
f0_59 f1w_396 f2_246 0.33 -0.33 1.26 0 0 0 68 70
f0_59 f2_114 f2_127 -0.41 0.41 0.51 0 0 0 66 69
f0_59 f2_114 f2_246 0.18 -0.18 0.71 0 0 0 66 70
f0_59 f2_114 f2_384 0.12 -0.12 0.27 0 0 0 66 69
f0_59 f2_114 f2_864 -0.25 0.25 0.52 0 0 0 66 69
f0_59 f2_127 f2_269 0.29 -0.29 0.46 0 0 0 69 70
f0_59 f2_269 f2_319 -0.36 0.36 0.26 0 0 0 70 70
f0_59 f2_269 f2_384 -0.31 0.31 0.48 0 0 0 70 69
f0_59 f2_269 f2_839 0.12 -0.12 0.25 0 0 0 70 72
f0_59 f2_319 f2_914 0.25 -0.25 0.94 0 0 0 70 66
f0_60 f1h_3 f1h_393 1.13 -1.13 0.59 0 0 0 73 75
f0_60 f1h_21 f1h_393 0.48 -0.48 1.19 0 0 0 73 75
f0_61 f0_150 f1h_289 0.13 -0.13 0.52 0 0 0 76 72
f0_61 f0_150 f2_340 -0.01 0.01 0.57 0 0 0 76 74
f0_61 f0_168 f1h_108 -0.15 0.15 0.9 0 0 0 74 74
f0_61 f0_221 f1h_243 0.43 -0.43 1.2 0 0 0 69 74
f0_61 f0_221 f1h_345 0.43 -0.43 0.93 0 0 0 69 76
f0_61 f0_221 f2_832 0.65 -0.65 0.66 0 0 0 69 71
f0_61 f0_252 f1h_463 0.52 -0.52 0.88 0 0 0 76 74
f0_61 f0_252 f2_832 0.68 -0.68 0.75 0 0 0 76 71
f0_61 f0_670 f1h_289 -0.17 0.17 0.36 0 0 0 71 72
f0_61 f0_748 f1h_272 0.34 -0.34 0.47 0 0 0 72 71
f0_61 f0_748 f1w_433 0.13 -0.13 0.68 0 0 0 72 73
f0_61 f0_748 f2_20 0.3 -0.3 0.47 0 0 0 72 72
f0_61 f0_828 f1h_107 0.07 -0.07 0.3 0 0 0 72 73
f0_61 f0_828 f1h_345 0.28 -0.28 0.79 0 0 0 72 76
f0_61 f0_828 f2_832 0.34 -0.34 0.42 0 0 0 72 71
f0_61 f0_852 f1h_184 0.53 -0.53 0.15 0 0 0 74 76
f0_61 f0_852 f1h_289 0.61 -0.61 0.48 0 0 0 74 72
f0_61 f0_852 f2_832 0.67 -0.67 0.03 0 0 0 74 71
f0_61 f0_972 f1h_345 0.46 -0.46 0.07 0 0 0 73 76
f0_61 f0_972 f2_340 0.1 -0.1 0.67 0 0 0 73 74
f0_61 f1h_42 f1h_243 0.89 -0.89 0.21 0 0 0 73 74
f0_61 f1h_42 f1w_310 0.39 -0.39 0.38 0 0 0 73 75
f0_61 f1h_82 f1h_108 -0.3 0.3 1.02 0 0 0 72 74
f0_61 f1h_87 f1h_184 0.74 -0.74 -0.42 0 0 0 74 76
f0_61 f1h_107 f1w_258 -0.45 0.45 0.71 0 0 0 73 75
f0_61 f1h_107 f2_832 0.22 -0.22 1.22 0 0 0 73 71
f0_61 f1h_108 f1h_243 0.57 -0.57 0.77 0 0 0 74 74
f0_61 f1h_108 f1h_345 0.45 -0.45 0.58 0 0 0 74 76
f0_61 f1h_108 f1h_463 0.76 -0.76 0.36 0 0 0 74 74
f0_61 f1h_108 f2_832 0.84 -0.84 0.28 0 0 0 74 71
f0_61 f1h_174 f1h_184 -0.04 0.04 0.99 0 0 0 70 76
f0_61 f1h_184 f1h_292 -0.63 0.63 0.21 0 0 0 76 72
f0_61 f1h_184 f1w_183 -0.29 0.29 0.85 0 0 0 76 75
f0_61 f1h_184 f2_259 -0.08 0.08 0.71 0 0 0 76 73
f0_61 f1h_184 f2_267 -0.11 0.11 0.78 0 0 0 76 73
f0_61 f1h_184 f2_340 -0.6 0.6 0.31 0 0 0 76 74
f0_61 f1h_184 f2_395 -0.08 0.08 0.44 0 0 0 76 74
f0_61 f1h_184 f2_832 0.51 -0.51 0.18 0 0 0 76 71
f0_61 f1h_243 f1h_292 -0.74 0.74 0.54 0 0 0 74 72
f0_61 f1h_243 f2_20 0.21 -0.21 0.05 0 0 0 74 72
f0_61 f1h_243 f2_267 -0.21 0.21 1.08 0 0 0 74 73
f0_61 f1h_243 f2_340 -0.37 0.37 0.28 0 0 0 74 74
f0_61 f1h_272 f1h_345 0.16 -0.16 0.57 0 0 0 71 76
f0_61 f1h_272 f2_832 0.29 -0.29 0.67 0 0 0 71 71
f0_61 f1h_289 f1h_345 0.22 -0.22 0.47 0 0 0 72 76
f0_61 f1h_289 f1h_463 0.58 -0.58 0.45 0 0 0 72 74
f0_61 f1h_289 f1w_310 -0.32 0.32 0.61 0 0 0 72 75
f0_61 f1h_289 f2_792 -0.3 0.3 0.3 0 0 0 72 73
f0_61 f1h_289 f2_832 0.25 -0.25 0.53 0 0 0 72 71
f0_61 f1h_292 f1w_310 -0.24 0.24 0.41 0 0 0 72 75
f0_61 f1h_292 f2_450 0.62 -0.62 0.89 0 0 0 72 74
f0_61 f1h_345 f1w_240 -0.04 0.04 0.4 0 0 0 76 75
f0_61 f1h_345 f1w_433 -0.03 0.03 0.72 0 0 0 76 73
f0_61 f1h_345 f2_20 -0.17 0.17 0.57 0 0 0 76 72
f0_61 f1h_345 f2_267 -0.07 0.07 1.03 0 0 0 76 73
f0_61 f1h_345 f2_340 -0.57 0.57 0.04 0 0 0 76 74
f0_61 f1h_345 f2_642 0.11 -0.11 0.69 0 0 0 76 75
f0_61 f1h_345 f2_660 -0.63 0.63 0.56 0 0 0 76 73
f0_61 f1h_463 f1w_310 -0.82 0.82 0.25 0 0 0 74 75
f0_61 f1h_463 f2_259 -0.43 0.43 1.07 0 0 0 74 73
f0_61 f1h_463 f2_450 -0.25 0.25 0.8 0 0 0 74 74
f0_61 f1w_86 f1w_310 -0.11 0.11 0.58 0 0 0 71 75
f0_61 f1w_86 f2_450 -0.01 0.01 0.73 0 0 0 71 74
f0_61 f1w_258 f1w_310 0.16 -0.16 0.72 0 0 0 75 75
f0_61 f1w_258 f1w_433 0.3 -0.3 0.81 0 0 0 75 73
f0_61 f1w_258 f2_20 0.23 -0.23 0.7 0 0 0 75 72
f0_61 f1w_258 f2_450 0.54 -0.54 0.32 0 0 0 75 74
f0_61 f1w_310 f2_269 -0.17 0.17 0.75 0 0 0 75 74
f0_61 f1w_310 f2_340 -0.26 0.26 0.66 0 0 0 75 74
f0_61 f1w_310 f2_660 -0.3 0.3 0.61 0 0 0 75 73
f0_61 f1w_433 f2_832 0.17 -0.17 0.68 0 0 0 73 71
f0_61 f2_20 f2_832 0.1 -0.1 0.06 0 0 0 72 71
f0_61 f2_259 f2_832 0.52 -0.52 0.79 0 0 0 73 71
f0_61 f2_267 f2_832 0.52 -0.52 0.87 0 0 0 73 71
f0_61 f2_269 f2_791 -0.03 0.03 0.92 0 0 0 74 71
f0_61 f2_333 f2_832 0.37 -0.37 0.44 0 0 0 73 71
f0_61 f2_340 f2_450 0.65 -0.65 0.6 0 0 0 74 74
f0_61 f2_450 f2_660 -0.63 0.63 0.86 0 0 0 74 73
f0_61 f2_660 f2_832 0.99 -0.99 0.55 0 0 0 73 71
f0_62 f0_583 f1h_138 0.77 -0.77 -0.15 0 0 1 74 76
f0_62 f0_583 f1h_252 0.71 -0.71 -0.26 0 0 1 74 74
f0_62 f0_583 f1h_491 0.59 -0.59 0.07 0 0 1 74 73
f0_62 f0_583 f2_198 0.06 -0.06 0.15 0 0 1 74 78
f0_62 f0_583 f2_648 -0.38 0.38 0 0 0 1 74 75
f0_62 f1h_120 f1w_276 -0.11 0.11 0.06 0 0 1 74 75
f0_62 f1h_120 f1w_353 -0.03 0.03 0.46 0 0 1 74 73
f0_62 f1h_120 f2_977 -0.51 0.51 0.1 0 0 1 74 77
f0_62 f1h_138 f1h_426 -0.32 0.32 -0.14 0 0 1 76 74
f0_62 f1h_252 f1w_276 -0.29 0.29 0.08 0 0 1 74 75
f0_62 f1h_252 f1w_353 -0.37 0.37 0.22 0 0 1 74 73
f0_62 f1h_398 f1h_426 0.01 -0.01 0.25 0 0 1 72 74
f0_62 f1h_426 f1w_276 0.31 -0.31 0.11 0 0 1 74 75
f0_62 f1h_491 f1w_276 -0.23 0.23 0.01 0 0 1 73 75
f0_62 f1h_491 f1w_353 -0.31 0.31 0.06 0 0 1 73 73
f0_62 f1w_276 f2_648 -0.6 0.6 -0.2 0 0 1 75 75
f0_63 f0_106 f1w_443 0.59 -0.59 1.18 0 0 0 71 69
f0_63 f2_332 f2_945 -0.46 0.46 1.37 0 0 0 71 70
f0_64 f0_89 f1h_480 1.37 -1.37 0.48 0 0 0 73 73
f0_64 f0_203 f1h_480 0.66 -0.66 0.95 0 0 0 72 73
f0_64 f0_563 f1h_480 1.47 -1.47 0.02 0 0 0 72 73
f0_64 f0_855 f1h_480 0.63 -0.63 0.72 0 0 0 73 73
f0_64 f1h_408 f1h_480 0.97 -0.97 0.89 0 0 0 75 73
f0_64 f1h_480 f2_251 -1.27 1.27 0.87 0 0 0 73 73
f0_64 f1h_480 f2_306 -0.81 0.81 0.44 0 0 0 73 71
f0_64 f1h_480 f2_399 -1.38 1.31 0.58 0 0 0 73 74
f0_64 f1h_480 f2_911 -1.41 1.41 0.8 0 0 0 73 71
f0_67 f0_155 f1h_9 1.02 -1.02 0.3 0 0 0 75 74
f0_67 f0_155 f1w_417 1.42 -1.42 0.08 0 0 0 75 74
f0_67 f0_628 f1h_50 0.61 -0.61 0.9 0 0 0 74 72
f0_67 f1h_9 f1w_417 0.05 -0.05 1.28 0 0 0 74 74
f0_67 f1h_9 f2_340 -0.71 0.71 0.63 0 0 0 74 73
f0_67 f1h_50 f2_340 -0.48 0.48 0.84 0 0 0 72 73
f0_67 f1h_50 f2_909 -0.53 0.53 1.15 0 0 0 72 69
f0_67 f1h_224 f1w_417 0.58 -0.58 0.77 0 0 0 73 74
f0_67 f1w_417 f2_409 -0.44 0.44 0.91 0 0 0 74 73
f0_67 f1w_417 f2_412 -0.21 0.21 0.99 0 0 0 74 72
f0_68 f0_21 f1w_478 -0.19 0.19 0.81 0 0 0 70 72
f0_68 f0_21 f2_145 -0.4 0.4 0.93 0 0 0 70 70
f0_68 f0_104 f2_145 -0.24 0.24 0.77 0 0 0 74 70
f0_68 f0_111 f0_612 0.35 -0.35 0.68 0 0 0 75 70
f0_68 f0_111 f1h_129 -0.05 0.05 0.82 0 0 0 75 73
f0_68 f0_152 f1h_494 -0.19 0.19 0.82 0 0 0 69 70
f0_68 f0_152 f1w_223 -0.21 0.21 0.58 0 0 0 69 69
f0_68 f0_192 f1h_164 -0.35 0.35 0.54 0 0 0 73 74
f0_68 f0_206 f1h_385 0.16 -0.16 0.14 0 0 0 71 69
f0_68 f0_206 f2_404 0.04 -0.04 1.13 0 0 0 71 73
f0_68 f0_536 f0_612 0.09 -0.09 0.8 0 0 0 71 70
f0_68 f0_536 f0_614 0.2 -0.2 0.61 0 0 0 71 68
f0_68 f0_536 f1h_57 0.08 -0.08 0.91 0 0 0 71 74
f0_68 f0_536 f1h_385 0.29 -0.29 0.46 0 0 0 71 69
f0_68 f0_536 f2_121 0.15 -0.15 0.73 0 0 0 71 74
f0_68 f0_536 f2_299 0.11 -0.11 0.36 0 0 0 71 74
f0_68 f0_612 f1w_323 0.1 -0.1 0.63 0 0 0 70 73
f0_68 f0_612 f1w_418 -0.09 0.09 0.76 0 0 0 70 72
f0_68 f0_612 f1w_478 -0.3 0.3 -0.05 0 0 0 70 72
f0_68 f0_614 f1w_287 -0.33 0.33 0.91 0 0 0 68 72
f0_68 f0_614 f1w_451 -0.25 0.25 1 0 0 0 68 71
f0_68 f0_988 f1h_164 -0.21 0.21 0.76 0 0 0 73 74
f0_68 f1h_57 f2_145 0.13 -0.13 0.31 0 0 0 74 70
f0_68 f1h_129 f1h_164 0.19 -0.19 0.17 0 0 0 73 74
f0_68 f1h_129 f1w_478 -0.06 0.06 -0.31 0 0 0 73 72
f0_68 f1h_129 f2_148 0.62 -0.62 0.7 0 0 0 73 70
f0_68 f1h_147 f1h_164 0.4 -0.4 0.82 0 0 0 73 74
f0_68 f1h_164 f1h_445 0.14 -0.14 0.53 0 0 0 74 72
f0_68 f1h_164 f2_3 0.18 -0.18 0.08 0 0 0 74 71
f0_68 f1h_164 f2_299 -0.28 0.28 0.81 0 0 0 74 74
f0_68 f1h_336 f1w_102 0.19 -0.19 0.84 0 0 0 73 71
f0_68 f1h_336 f1w_478 0.29 -0.29 0.62 0 0 0 73 72
f0_68 f1h_339 f1w_102 0.02 -0.02 0.8 0 0 0 72 71
f0_68 f1h_339 f1w_418 -0.5 0.5 1.25 0 0 0 72 72
f0_68 f1h_339 f1w_478 -0.37 0.37 0.43 0 0 0 72 72
f0_68 f1h_385 f1w_102 -0.54 0.54 0.87 0 0 0 69 71
f0_68 f1h_385 f1w_478 -0.71 0.71 0.27 0 0 0 69 72
f0_68 f1h_385 f2_323 -0.57 0.57 1.05 0 0 0 69 73
f0_68 f1h_445 f1w_1 -0.15 0.15 0.7 0 0 0 72 73
f0_68 f1h_445 f1w_287 -0.56 0.56 -0.2 0 0 0 72 72
f0_68 f1h_445 f1w_478 -0.04 0.04 0.49 0 0 0 72 72
f0_68 f1w_34 f1w_478 0.29 -0.29 0.54 0 0 0 73 72
f0_68 f1w_102 f1w_223 -0.02 0.02 0.94 0 0 0 71 69
f0_68 f1w_323 f1w_451 -0.12 0.12 1.16 0 0 0 73 71
f0_68 f1w_478 f2_450 -0.36 0.36 0.74 0 0 0 72 74
f0_68 f2_3 f2_450 0.02 -0.02 0.67 0 0 0 71 74
f0_68 f2_145 f2_299 0.4 -0.4 0.49 0 0 0 70 74
f0_69 f1h_81 f1h_357 0.78 -0.78 -0.16 0 0 0 70 67
f0_73 f1h_206 f2_819 -0.35 0.35 1.24 0 0 0 75 76
f0_73 f1w_286 f2_381 -0.24 0.24 0.79 0 0 0 69 73
f0_75 f1h_181 f2_257 -0.61 0.61 0.88 0 0 0 74 70
f0_75 f1h_216 f2_438 -0.59 0.59 1.01 0 0 0 76 72
f0_76 f0_198 f1h_301 0.16 -0.16 1.05 0 0 0 72 71
f0_76 f0_362 f0_965 -0.37 0.37 0.73 0 0 0 71 69
f0_76 f0_362 f1h_108 0.58 -0.58 0.81 0 0 0 71 70
f0_76 f0_362 f1w_389 -0.28 0.28 0.74 0 0 0 71 69
f0_76 f0_781 f1h_193 0.45 -0.45 1.21 0 0 0 71 71
f0_76 f0_914 f1h_193 0.81 -0.81 0.91 0 0 0 70 71
f0_76 f1h_108 f1h_465 -0.44 0.44 0.86 0 0 0 70 69
f0_76 f1h_108 f2_723 -0.15 0.15 0.52 0 0 0 70 68
f0_76 f1h_193 f1h_301 -0.77 0.77 0.91 0 0 0 71 71
f0_77 f0_457 f2_85 -0.06 0.06 0.5 0 0 0 72 73
f0_77 f0_457 f2_518 0.39 -0.39 0.7 0 0 0 72 72
f0_77 f0_830 f2_866 0.5 -0.5 0.82 0 0 0 72 71
f0_77 f1h_156 f1h_398 0.29 -0.29 0.37 0 0 0 72 69
f0_77 f1w_12 f2_136 -0.15 0.15 0.78 0 0 0 73 72
f0_77 f1w_12 f2_923 -0.01 0.01 0.24 0 0 0 73 74
f0_77 f1w_55 f2_85 0.26 -0.26 0.95 0 0 0 71 73
f0_77 f2_136 f2_949 0.24 -0.24 1.01 0 0 0 72 74
f0_78 f0_34 f0_173 0.07 -0.07 0.3 0 0 0 73 71
f0_78 f0_34 f1h_361 0.45 -0.45 0.5 0 0 0 73 73
f0_78 f0_34 f2_10 -0.07 0.07 0.55 0 0 0 73 70
f0_78 f0_34 f2_821 0.33 -0.33 0.46 0 0 0 73 68
f0_78 f0_82 f0_307 -0.06 0.06 0.46 0 0 0 69 70
f0_78 f0_82 f2_10 -0.12 0.12 0.48 0 0 0 69 70
f0_78 f0_171 f0_536 -0.27 0.27 0.77 0 0 0 74 70
f0_78 f0_173 f0_282 0.49 -0.49 0.09 0 0 0 71 73
f0_78 f0_173 f0_307 -0.5 0.17 0.3 0 0 0 71 70
f0_78 f0_173 f0_676 -0.5 0.23 0.38 0 0 0 71 71
f0_78 f0_173 f0_716 -0.47 0.32 0.43 0 0 0 71 72
f0_78 f0_173 f0_789 -0.25 0.25 0.57 0 0 0 71 71
f0_78 f0_173 f0_801 -0.14 0.14 0.7 0 0 0 71 71
f0_78 f0_173 f0_939 -0.36 0.36 0.58 0 0 0 71 73
f0_78 f0_173 f1h_223 -0.5 0.5 0.58 0 0 0 71 72
f0_78 f0_173 f1h_361 0.26 -0.26 0.24 0 0 0 71 73
f0_78 f0_173 f1h_411 -0.6 0.45 0.33 0 0 0 71 73
f0_78 f0_173 f1w_39 0.28 -0.28 0.63 0 0 0 71 71
f0_78 f0_173 f1w_89 -0.27 0.27 0.68 0 0 0 71 72
f0_78 f0_173 f1w_130 -0.14 0.14 0.69 0 0 0 71 72
f0_78 f0_173 f1w_344 -0.33 0.33 0.75 0 0 0 71 71
f0_78 f0_173 f1w_450 -0.62 0.32 0.38 0 0 0 71 71
f0_78 f0_173 f2_10 -0.08 0.08 -0.09 0 0 0 71 70
f0_78 f0_173 f2_769 0.13 -0.13 0.87 0 0 0 71 71
f0_78 f0_173 f2_821 0.17 -0.17 0.39 0 0 0 71 68
f0_78 f0_307 f1w_228 0.11 -0.11 0.43 0 0 0 70 71
f0_78 f0_307 f2_305 0.11 -0.11 0.7 0 0 0 70 73
f0_78 f0_355 f0_716 0.01 -0.01 0.63 0 0 0 72 72
f0_78 f0_355 f0_789 0.41 -0.41 0.22 0 0 0 72 71
f0_78 f0_355 f0_851 0.8 -0.8 0.75 0 0 0 72 71
f0_78 f0_355 f2_658 -0.1 0.1 0.83 0 0 0 72 70
f0_78 f0_397 f2_769 0.57 -0.57 0.5 0 0 0 69 71
f0_78 f0_448 f1h_361 0.43 -0.43 1.01 0 0 0 73 73
f0_78 f0_534 f0_587 -0.19 0.19 0.41 0 0 0 70 70
f0_78 f0_534 f0_716 -0.03 0.03 0.5 0 0 0 70 72
f0_78 f0_534 f0_789 0.25 -0.25 0.29 0 0 0 70 71
f0_78 f0_534 f1h_223 -0.03 0.03 0.34 0 0 0 70 72
f0_78 f0_534 f2_305 -0.01 0.01 0.63 0 0 0 70 73
f0_78 f0_536 f2_769 0.33 -0.33 0.13 0 0 0 70 71
f0_78 f0_632 f0_789 0.26 -0.26 0.81 0 0 0 71 71
f0_78 f0_676 f2_259 0.12 -0.12 0.82 0 0 0 71 72
f0_78 f0_789 f1w_89 -0.02 0.02 0.53 0 0 0 71 72
f0_78 f0_789 f1w_484 0.06 -0.06 0.86 0 0 0 71 70
f0_78 f0_789 f2_821 -0.16 0.16 0.51 0 0 0 71 68
f0_78 f0_857 f2_769 0.2 -0.2 0.63 0 0 0 70 71
f0_78 f0_939 f2_769 0.26 -0.26 0.38 0 0 0 73 71
f0_78 f1h_361 f1w_39 0.19 -0.19 0.77 0 0 0 73 71
f0_78 f1h_361 f2_259 -0.14 0.14 0.9 0 0 0 73 72
f0_78 f1h_411 f2_10 -0.17 0.17 0.73 0 0 0 73 70
f0_78 f1w_39 f2_10 -0.74 0.74 0.38 0 0 0 71 70
f0_78 f1w_39 f2_821 -0.1 0.1 0.7 0 0 0 71 68
f0_78 f2_10 f2_259 0.36 -0.36 0.46 0 0 0 70 72
f0_78 f2_259 f2_821 0.02 -0.02 0.85 0 0 0 72 68
f0_79 f0_88 f1h_391 -0.28 0.28 0.88 0 0 0 69 71
f0_79 f0_88 f2_844 -0.25 0.25 0.77 0 0 0 69 72
f0_79 f0_272 f1h_128 0.94 -0.94 0.7 0 0 0 71 66
f0_79 f0_272 f1h_370 0.15 -0.15 0.66 0 0 0 71 67
f0_79 f0_272 f2_109 -0.08 0.08 0.66 0 0 0 71 72
f0_79 f0_372 f0_714 0.07 -0.07 0.61 0 0 0 68 71
f0_79 f0_372 f2_728 -0.21 0.21 0.5 0 0 0 68 72
f0_79 f0_372 f2_844 0.23 -0.23 0.66 0 0 0 68 72
f0_79 f0_633 f1h_128 0.29 -0.29 1.31 0 0 0 67 66
f0_79 f0_633 f1h_370 -0.5 0.5 1.02 0 0 0 67 67
f0_79 f0_633 f2_844 -0.25 0.25 0.79 0 0 0 67 72
f0_79 f0_714 f1h_138 0.67 -0.67 0.83 0 0 0 71 70
f0_79 f0_714 f1h_360 -0.32 0.32 0.73 0 0 0 71 71
f0_79 f0_714 f1w_410 0.1 -0.1 0.98 0 0 0 71 69
f0_79 f0_714 f2_292 0.1 -0.1 1.1 0 0 0 71 69
f0_79 f0_714 f2_719 0.37 -0.37 0.91 0 0 0 71 69
f0_79 f0_714 f2_844 0.12 -0.12 0.4 0 0 0 71 72
f0_79 f1h_128 f1h_360 -0.05 0.05 0.63 0 0 0 66 71
f0_79 f1h_128 f2_543 -0.71 0.71 0.84 0 0 0 66 71
f0_79 f1h_128 f2_844 -0.57 0.57 0.7 0 0 0 66 72
f0_79 f1h_138 f2_728 -1.18 1.07 0.26 0 0 0 70 72
f0_79 f1h_138 f2_844 -1.07 1.07 0.32 0 0 0 70 72
f0_79 f1h_169 f1h_362 0.27 -0.27 1.01 0 0 0 65 69
f0_79 f1h_169 f2_280 -0.18 0.18 0.4 0 0 0 65 66
f0_79 f1h_169 f2_719 0.49 -0.49 0.84 0 0 0 65 69
f0_79 f1h_259 f1h_370 0.25 -0.25 0.78 0 0 0 70 67
f0_79 f1h_259 f2_844 0.53 -0.53 0.41 0 0 0 70 72
f0_79 f1h_345 f1h_391 0.42 -0.42 0.47 0 0 0 72 71
f0_79 f1h_345 f2_280 0.07 -0.07 0.43 0 0 0 72 66
f0_79 f1h_345 f2_844 0.43 -0.43 0.26 0 0 0 72 72
f0_79 f1h_360 f1h_370 -1.06 1.06 -0.15 0 0 0 71 67
f0_79 f1h_360 f1h_391 0.09 -0.09 0.94 0 0 0 71 71
f0_79 f1h_360 f1w_109 -0.67 0.54 0.62 0 0 0 71 69
f0_79 f1h_360 f2_280 0.4 -0.4 0.24 0 0 0 71 66
f0_79 f1h_360 f2_844 -0.76 0.76 0.48 0 0 0 71 72
f0_79 f1h_362 f2_844 0.14 -0.14 0.85 0 0 0 69 72
f0_79 f1h_370 f2_80 -0.09 0.09 0.61 0 0 0 67 70
f0_79 f1h_370 f2_543 0.08 -0.08 0.73 0 0 0 67 71
f0_79 f1h_370 f2_844 0.39 -0.39 0.13 0 0 0 67 72
f0_79 f1h_391 f2_80 -0.34 0.34 0.53 0 0 0 71 70
f0_79 f1h_391 f2_975 -0.3 0.3 0.31 0 0 0 71 70
f0_79 f1h_491 f2_844 0.23 -0.23 0.5 0 0 0 67 72
f0_79 f1w_109 f2_80 0.09 -0.09 0.86 0 0 0 69 70
f0_79 f1w_170 f2_719 0.79 -0.79 0.95 0 0 0 70 69
f0_79 f1w_183 f2_728 -0.39 0.39 0.6 0 0 0 71 72
f0_79 f1w_183 f2_844 -0.04 0.04 0.75 0 0 0 71 72
f0_79 f1w_330 f2_109 0.01 -0.01 1.03 0 0 0 71 72
f0_79 f1w_330 f2_844 0.31 -0.31 0.47 0 0 0 71 72
f0_79 f1w_365 f2_844 0.21 -0.21 0.6 0 0 0 66 72
f0_79 f1w_410 f2_844 0.04 -0.04 0.78 0 0 0 69 72
f0_79 f2_80 f2_280 -0.12 0.12 0.71 0 0 0 70 66
f0_79 f2_80 f2_844 0.37 -0.37 0.39 0 0 0 70 72
f0_79 f2_280 f2_728 -0.08 0.08 0.55 0 0 0 66 72
f0_79 f2_280 f2_844 0.33 -0.33 0.07 0 0 0 66 72
f0_79 f2_682 f2_844 0.21 -0.21 0.72 0 0 0 69 72
f0_79 f2_719 f2_975 -0.8 0.8 0.2 0 0 0 69 70
f0_79 f2_728 f2_923 0.32 -0.32 0.63 0 0 0 72 70
f0_79 f2_844 f2_845 -0.55 0.55 0.64 0 0 0 72 66
f0_79 f2_844 f2_923 -0.09 0.09 0.77 0 0 0 72 70
f0_79 f2_844 f2_960 -0.18 0.18 0.72 0 0 0 72 68
f0_79 f2_844 f2_975 -0.63 0.63 0.1 0 0 0 72 70
f0_81 f1h_83 f1h_394 -0.55 0.55 1.69 0 0 0 75 72
f0_81 f1h_153 f1h_472 1.15 -1.15 0.31 0 0 0 69 78
f0_82 f0_132 f0_849 -0.3 0.3 0.16 0 0 0 68 67
f0_82 f0_132 f1h_285 0.26 -0.26 0.68 0 0 0 68 70
f0_82 f0_132 f1h_367 0.65 -0.65 1.11 0 0 0 68 71
f0_82 f0_228 f1h_383 0.32 -0.32 1.28 0 0 0 66 67
f0_82 f0_228 f2_149 -0.15 0.15 0.9 0 0 0 66 69
f0_82 f0_421 f1h_383 0.87 -0.87 0.43 0 0 0 67 67
f0_82 f0_421 f2_180 0.23 -0.23 0.82 0 0 0 67 71
f0_82 f0_555 f0_849 -0.44 0.44 -0.04 0 0 0 66 67
f0_82 f0_555 f1h_13 0.11 -0.11 1.22 0 0 0 66 70
f0_82 f0_555 f2_465 0.04 -0.04 0.68 0 0 0 66 70
f0_82 f0_849 f1h_73 0.18 -0.18 0.17 0 0 0 67 68
f0_82 f0_849 f1h_291 -0.26 0.26 -0.19 0 0 0 67 67
f0_82 f0_849 f2_409 0.19 -0.19 0.67 0 0 0 67 69
f0_82 f1h_13 f1h_381 -0.43 0.43 1.38 0 0 0 70 71
f0_82 f1h_13 f2_465 -0.2 0.2 0.67 0 0 0 70 70
f0_82 f1h_205 f1h_291 0.8 -0.8 0.6 0 0 0 67 67
f0_82 f1h_285 f1h_383 0.19 -0.19 1.32 0 0 0 70 67
f0_82 f1h_285 f1h_480 -0.08 0.08 0.73 0 0 0 70 70
f0_82 f1h_285 f2_180 -0.68 0.68 1.02 0 0 0 70 71
f0_82 f1h_290 f2_149 0.33 -0.33 0.27 0 0 0 68 69
f0_82 f1h_290 f2_359 0.5 -0.5 -0.39 0 0 0 68 70
f0_82 f1h_291 f2_149 -0.6 0.6 0.6 0 0 0 67 69
f0_82 f1h_291 f2_180 -0.43 0.43 0.48 0 0 0 67 71
f0_82 f1h_291 f2_359 -0.54 0.54 0.78 0 0 0 67 70
f0_82 f1h_291 f2_720 -0.45 0.45 0.88 0 0 0 67 68
f0_83 f0_126 f1h_296 0.81 -0.81 0.75 0 0 0 68 72
f0_83 f0_396 f1h_296 0.75 -0.75 0.7 0 0 0 69 72
f0_83 f0_580 f1h_296 0.36 -0.36 0.59 0 0 0 70 72
f0_83 f1h_37 f1h_296 0.23 -0.23 1.32 0 0 0 70 72
f0_83 f1h_57 f1h_296 0.48 -0.48 1.35 0 0 0 70 72
f0_83 f1h_289 f1h_296 1.12 -1.12 0.35 0 0 0 68 72
f0_83 f1h_296 f1w_206 -1.11 1.11 0.82 0 0 0 72 68
f0_84 f0_326 f0_818 0.39 -0.39 1.23 0 0 0 76 74
f0_84 f0_818 f1w_455 -0.36 0.36 1.04 0 0 0 74 75
f0_85 f0_29 f1h_43 0.73 -0.73 0.77 0 0 0 67 72
f0_85 f0_180 f1h_439 1.24 -1.24 0.17 0 0 0 73 73
f0_85 f0_462 f1h_439 0.98 -0.98 0.78 0 0 0 73 73
f0_85 f0_769 f1h_439 -0.2 0.2 1 0 0 0 74 73
f0_85 f0_955 f1h_439 0.71 -0.71 0.94 0 0 0 72 73
f0_85 f1h_43 f1h_417 -0.1 0.1 0.69 0 0 0 72 76
f0_85 f1h_43 f2_242 -0.64 0.64 0.73 0 0 0 72 74
f0_85 f1h_43 f2_919 -0.8 0.8 0.38 0 0 0 72 75
f0_85 f1h_87 f2_229 -0.56 0.56 1.34 0 0 0 74 74
f0_85 f1h_87 f2_371 -0.79 0.16 1.11 0 0 0 74 71
f0_85 f1h_87 f2_495 0.61 -0.61 -0.04 0 0 0 74 71
f0_85 f1h_289 f1h_439 -0.03 0.03 1.18 0 0 0 72 73
f0_85 f1h_289 f2_29 -0.36 0.36 0.81 0 0 0 72 70
f0_85 f1h_439 f1w_469 0.13 -0.13 0.93 0 0 0 73 74
f0_85 f1h_439 f2_1 0.18 -0.18 1.44 0 0 0 73 77
f0_85 f1h_439 f2_229 -0.09 0.09 1.13 0 0 0 73 74
f0_85 f1h_439 f2_366 -0.29 0.29 0.87 0 0 0 73 73
f0_85 f1h_439 f2_986 -0.37 0.37 0.75 0 0 0 73 74
f0_86 f0_294 f1h_247 0.48 -0.48 0.83 0 0 0 69 69
f0_86 f1h_59 f1w_2 -0.4 0.4 0.76 0 0 0 68 67
f0_86 f1h_247 f1w_2 -0.35 0.35 0.85 0 0 0 69 67
f0_86 f1h_451 f2_644 0.12 -0.12 1.2 0 0 0 69 71
f0_86 f1w_2 f2_644 0.38 -0.38 1.08 0 0 0 67 71
f0_86 f2_149 f2_384 0.78 -0.78 0.7 0 0 0 69 69
f0_86 f2_149 f2_678 1.05 -1.05 0.09 0 0 0 69 72
f0_86 f2_615 f2_820 0.01 -0.01 0.97 0 0 0 68 65
f0_86 f2_644 f2_937 -0.14 0.14 0.95 0 0 0 71 69
f0_88 f0_973 f1h_372 0.94 -0.94 0.78 0 0 0 71 71
f0_88 f1h_91 f1h_372 0.62 -0.62 0.6 0 0 0 70 71
f0_88 f1h_356 f1h_372 0.45 -0.45 0.97 0 0 0 74 71
f0_88 f1h_372 f2_976 -0.55 0.55 0.82 0 0 0 71 74
f0_89 f1h_207 f1h_280 0.64 -0.64 0.34 0 0 0 70 70
f0_90 f0_831 f1h_14 0.64 -0.64 1.04 0 0 0 73 73
f0_90 f0_831 f2_925 -0.18 0.18 0.73 0 0 0 73 71
f0_90 f1h_9 f1h_14 0.65 -0.65 0.8 0 0 0 74 73
f0_90 f1h_9 f1h_48 0.01 -0.01 -0.44 0 0 1 74 73
f0_90 f1h_9 f1h_279 0.31 -0.31 1.19 0 0 0 74 73
f0_90 f1h_14 f1h_148 0.28 -0.28 0.46 0 0 0 73 73
f0_90 f1h_14 f1h_279 -0.23 0.23 1.22 0 0 0 73 73
f0_90 f1h_14 f1h_310 -0.9 0.9 0.99 0 0 0 73 73
f0_90 f1h_14 f2_256 -0.34 0.34 1.37 0 0 0 73 72
f0_90 f1h_14 f2_485 -0.78 0.78 0.89 0 0 0 73 71
f0_90 f1h_14 f2_643 -0.65 0.13 1.91 0 0 0 73 73
f0_90 f1h_34 f1h_148 0.13 -0.13 0.92 0 0 0 70 73
f0_90 f1h_48 f1h_148 0.07 -0.07 1.48 0 0 0 73 73
f0_90 f1h_48 f1h_212 0.42 -0.42 -0.11 0 0 1 73 75
f0_90 f1h_48 f2_643 0.02 -0.02 -0.33 0 0 1 73 73
f0_90 f1h_77 f1w_475 -0.39 0.39 -0.4 0 0 1 69 71
f0_90 f1h_148 f1h_264 -0.71 0.71 0.91 0 0 0 73 71
f0_90 f1h_148 f1h_279 0.6 -0.6 1.03 0 0 0 73 73
f0_90 f1h_148 f1w_475 -0.69 0.61 0.71 0 0 0 73 71
f0_90 f1h_148 f2_643 -0.55 0.55 0.51 0 0 0 73 73
f0_90 f1h_148 f2_900 -1.3 1.3 -0.27 0 0 0 73 74
f0_90 f1h_148 f2_925 -0.66 0.66 0.49 0 0 0 73 71
f0_90 f1h_212 f2_256 0.03 -0.03 -0.03 0 0 1 75 72
f0_90 f1h_212 f2_643 -0.15 -0.2 0.12 0 0 1 75 73
f0_90 f1h_212 f2_925 -0.03 0.03 -0.02 0 0 1 75 71
f0_90 f1h_257 f2_256 0.26 -0.26 -0.36 0 0 1 72 72
f0_90 f1h_257 f2_485 -0.23 0.23 -0.34 0 0 1 72 71
f0_90 f1h_257 f2_643 0.17 -0.17 -0.43 0 0 1 72 73
f0_90 f1h_264 f2_925 0.4 -0.4 -0.14 0 0 1 71 71
f0_90 f1h_279 f2_643 -0.4 0.4 0.92 0 0 0 73 73
f0_90 f1h_279 f2_925 -0.35 0.35 0.83 0 0 0 73 71
f0_90 f1h_310 f2_925 -0.03 0.03 1.2 0 0 0 73 71
f0_90 f2_485 f2_831 0.75 -0.75 1.23 0 0 0 71 72
f0_90 f2_643 f2_831 0.47 -0.47 1.15 0 0 0 73 72
f0_90 f2_690 f2_831 0.81 -0.81 0.88 0 0 0 71 72
f0_90 f2_831 f2_900 -0.93 0.93 0.7 0 0 0 72 74
f0_90 f2_831 f2_925 -0.16 0.16 0.92 0 0 0 72 71
f0_91 f1h_115 f1h_276 0.47 -0.47 1.8 0 0 0 77 72
f0_91 f1h_115 f1h_439 0.02 -0.02 1.6 0 0 0 77 74
f0_91 f1h_115 f1w_353 0.09 -0.09 1.77 0 0 0 77 71
f0_91 f1h_115 f2_381 -1.24 1.24 0.14 0 0 0 77 75
f0_91 f1h_115 f2_941 0 -0.09 1.7 0 0 0 77 72
f0_91 f1h_276 f1w_76 -0.24 0.24 1.32 0 0 0 72 71
f0_91 f1h_276 f1w_353 -0.32 0.32 0.55 0 0 0 72 71
f0_91 f1h_276 f2_236 -0.72 0.72 1.09 0 0 0 72 74
f0_91 f1h_276 f2_820 -0.47 0.47 1.07 0 0 0 72 70
f0_91 f1h_439 f1h_451 -0.07 0.07 1.2 0 0 0 74 73
f0_91 f1h_439 f2_236 -0.02 0.02 1.04 0 0 0 74 74
f0_91 f1h_451 f1w_353 -0.12 0.12 1.01 0 0 0 73 71
f0_91 f1h_451 f2_820 0.28 -0.28 1.05 0 0 0 73 70
f0_91 f1w_76 f1w_353 0.41 -0.41 1.19 0 0 0 71 71
f0_91 f1w_76 f2_381 -0.39 0.39 0.77 0 0 0 71 75
f0_91 f1w_353 f2_381 -0.58 0.58 0.77 0 0 0 71 75
f0_91 f2_236 f2_381 -0.21 0.21 0.42 0 0 0 74 75
f0_91 f2_381 f2_820 0.07 -0.07 0.73 0 0 0 75 70
f0_92 f0_18 f2_592 -0.03 0.03 1.71 0 0 0 69 71
f0_92 f1h_20 f2_592 -0.13 0.13 1.71 0 0 0 70 71
f0_94 f0_173 f0_497 0.48 -0.48 0 0 0 1 71 73
f0_94 f0_173 f0_641 0.09 -0.09 -0.04 0 0 1 71 71
f0_94 f0_424 f2_387 0.12 -0.12 0.19 0 0 1 74 72
f0_94 f0_497 f1h_110 0.08 -0.08 0.97 0 0 0 73 72
f0_94 f0_497 f2_387 -0.23 0.23 0.03 0 0 1 73 72
f0_94 f0_497 f2_408 -0.41 0.41 0.26 0 0 1 73 71
f0_94 f0_641 f1h_434 -0.44 0.44 -0.18 0 0 0 71 68
f0_94 f0_641 f1w_39 -0.03 0.03 0.19 0 0 1 71 71
f0_94 f0_641 f2_898 0 0 -0.22 0 0 1 71 70
f0_94 f1h_97 f1w_53 0.32 -0.32 0.12 0 0 1 75 69
f0_94 f1h_110 f1h_427 0.47 -0.47 0.74 0 0 0 72 70
f0_94 f1h_128 f1h_427 0.15 -0.15 0.15 0 0 1 68 70
f0_94 f1h_128 f1w_120 -0.34 0.34 0.36 0 0 1 68 70
f0_94 f1h_427 f2_898 -0.22 0.22 0.25 0 0 1 70 70
f0_94 f1w_120 f2_898 0.18 -0.18 -0.09 0 0 1 70 70
f0_94 f2_435 f2_898 0.5 -0.5 0.21 0 0 1 66 70
f0_96 f0_10 f0_15 0.37 -0.37 0.36 0 0 0 71 73
f0_96 f0_10 f0_255 0.59 -0.59 0.36 0 0 0 71 75
f0_96 f0_10 f0_645 0.32 -0.32 0.59 0 0 0 71 73
f0_96 f0_10 f0_808 0.44 -0.44 0.6 0 0 0 71 71
f0_96 f0_10 f1h_412 -0.11 0.11 0.09 0 0 0 71 73
f0_96 f0_15 f0_43 -0.26 0.26 0.42 0 0 0 73 74
f0_96 f0_15 f0_204 -0.2 0.2 0.33 0 0 0 73 73
f0_96 f0_15 f0_213 -0.08 0.08 0.35 0 0 0 73 76
f0_96 f0_15 f0_247 -0.25 0.25 0.5 0 0 0 73 74
f0_96 f0_15 f0_319 -0.46 0.46 0.35 0 0 0 73 74
f0_96 f0_15 f0_594 0 0 0.49 0 0 0 73 73
f0_96 f0_15 f0_828 -0.11 0.11 0.51 0 0 0 73 73
f0_96 f0_15 f0_831 -0.28 0.28 0.33 0 0 0 73 73
f0_96 f0_15 f0_834 0.09 -0.09 0.54 0 0 0 73 76
f0_96 f0_15 f1h_137 -0.12 0.12 0.51 0 0 0 73 75
f0_96 f0_15 f1h_148 -0.03 0.03 0.69 0 0 0 73 72
f0_96 f0_15 f1h_245 0.09 -0.09 0.68 0 0 0 73 73
f0_96 f0_15 f1h_248 0.47 -0.47 -0.13 0 0 0 73 74
f0_96 f0_15 f1h_272 0.5 -0.5 0.15 0 0 0 73 71
f0_96 f0_15 f1h_412 0.07 -0.07 0.47 0 0 0 73 73
f0_96 f0_15 f1h_450 1.14 -1.14 -0.13 0 0 0 73 75
f0_96 f0_15 f1w_30 0.21 -0.21 0.72 0 0 0 73 73
f0_96 f0_15 f1w_56 -0.37 0.37 0.26 0 0 0 73 74
f0_96 f0_15 f1w_379 -0.09 0.09 0.83 0 0 0 73 73
f0_96 f0_43 f0_204 -0.17 0.17 0.1 0 0 0 74 73
f0_96 f0_43 f0_255 0.21 -0.21 0.29 0 0 0 74 75
f0_96 f0_43 f0_594 0.02 -0.02 0.48 0 0 0 74 73
f0_96 f0_43 f0_785 0.11 -0.11 0.29 0 0 0 74 74
f0_96 f0_43 f1h_137 0.14 -0.14 0.41 0 0 0 74 75
f0_96 f0_43 f1h_196 -0.09 0.09 0.52 0 0 0 74 70
f0_96 f0_43 f1h_412 0.06 -0.06 0.47 0 0 0 74 73
f0_96 f0_43 f1w_34 -0.15 0.15 0.46 0 0 0 74 74
f0_96 f0_50 f0_204 -0.18 0.18 0.43 0 0 0 73 73
f0_96 f0_50 f0_213 -0.34 0.34 0.24 0 0 0 73 76
f0_96 f0_50 f0_808 0.1 -0.1 0.82 0 0 0 73 71
f0_96 f0_50 f1h_412 0.17 -0.17 0.73 0 0 0 73 73
f0_96 f0_90 f0_204 -0.1 0.1 0.22 0 0 0 74 73
f0_96 f0_90 f0_808 0.22 -0.22 0.7 0 0 0 74 71
f0_96 f0_90 f0_834 0.19 -0.19 0.8 0 0 0 74 76
f0_96 f0_90 f1h_412 0.24 -0.24 0.48 0 0 0 74 73
f0_96 f0_204 f0_213 0.21 -0.21 0.15 0 0 0 73 76
f0_96 f0_204 f0_247 -0.1 0.1 0.08 0 0 0 73 74
f0_96 f0_204 f0_255 0.48 -0.48 0.21 0 0 0 73 75
f0_96 f0_204 f0_350 0.32 -0.32 0.36 0 0 0 73 75
f0_96 f0_204 f0_594 0.05 -0.05 0.22 0 0 0 73 73
f0_96 f0_204 f0_645 0.48 -0.48 -0.04 0 0 0 73 73
f0_96 f0_204 f0_749 0.19 -0.19 0.42 0 0 0 73 72
f0_96 f0_204 f0_769 0.09 -0.09 0.11 0 0 0 73 74
f0_96 f0_204 f0_808 0.32 -0.32 0.3 0 0 0 73 71
f0_96 f0_204 f0_831 0.04 -0.04 0.19 0 0 0 73 73
f0_96 f0_204 f0_834 0.23 -0.23 0.28 0 0 0 73 76
f0_96 f0_204 f0_851 -0.1 0.1 0.46 0 0 0 73 73
f0_96 f0_204 f0_955 0.05 -0.05 0.09 0 0 0 73 72
f0_96 f0_204 f1h_77 0.18 -0.18 0.39 0 0 0 73 69
f0_96 f0_204 f1h_107 0.75 -0.75 -0.22 0 0 0 73 72
f0_96 f0_204 f1h_137 0.15 -0.15 0.11 0 0 0 73 75
f0_96 f0_204 f1h_148 0.33 -0.33 0.18 0 0 0 73 72
f0_96 f0_204 f1h_196 -0.08 0.08 0.28 0 0 0 73 70
f0_96 f0_204 f1h_248 0.29 -0.29 0.24 0 0 0 73 74
f0_96 f0_204 f1h_264 0.58 -0.58 -0.05 0 0 0 73 71
f0_96 f0_204 f1h_359 0.41 -0.41 0.25 0 0 0 73 70
f0_96 f0_204 f1h_444 0.02 -0.02 0.5 0 0 0 73 74
f0_96 f0_204 f1w_34 -0.16 0.16 0.21 0 0 0 73 74
f0_96 f0_204 f1w_68 0.17 -0.17 0.13 0 0 0 73 75
f0_96 f0_204 f1w_84 0.38 -0.38 0.15 0 0 0 73 75
f0_96 f0_204 f1w_304 0.37 -0.37 0.52 0 0 0 73 76
f0_96 f0_204 f1w_364 -0.16 0.16 0.44 0 0 0 73 72
f0_96 f0_204 f1w_379 0.21 -0.21 0.28 0 0 0 73 73
f0_96 f0_204 f1w_403 -0.11 0.11 0.14 0 0 0 73 72
f0_96 f0_213 f0_247 -0.31 0.31 0.22 0 0 0 76 74
f0_96 f0_213 f0_252 0.11 -0.11 0.47 0 0 0 76 75
f0_96 f0_213 f0_255 0.29 -0.29 0.48 0 0 0 76 75
f0_96 f0_213 f0_645 0.04 -0.04 0.41 0 0 0 76 73
f0_96 f0_213 f0_769 -0.28 0.28 0.21 0 0 0 76 74
f0_96 f0_213 f0_785 -0.21 0.21 0.43 0 0 0 76 74
f0_96 f0_213 f0_798 -0.33 0.33 0.46 0 0 0 76 68
f0_96 f0_213 f0_879 -0.17 0.17 0.4 0 0 0 76 75
f0_96 f0_213 f0_974 -0.08 0.08 0.48 0 0 0 76 74
f0_96 f0_213 f1h_77 0.16 -0.16 0.33 0 0 0 76 69
f0_96 f0_213 f1h_107 0.63 -0.63 -0.02 0 0 0 76 72
f0_96 f0_213 f1h_137 -0.04 0.04 0.31 0 0 0 76 75
f0_96 f0_213 f1h_148 0.17 -0.17 0.42 0 0 0 76 72
f0_96 f0_213 f1h_245 0.09 -0.09 0.69 0 0 0 76 73
f0_96 f0_213 f1h_359 0.04 -0.04 0.44 0 0 0 76 70
f0_96 f0_213 f1h_394 0.01 -0.01 0.39 0 0 0 76 71
f0_96 f0_213 f1h_412 0.16 -0.16 0.24 0 0 0 76 73
f0_96 f0_213 f1w_68 -0.03 0.03 0.3 0 0 0 76 75
f0_96 f0_213 f1w_84 0.19 -0.19 0.35 0 0 0 76 75
f0_96 f0_213 f1w_304 0.31 -0.31 0.65 0 0 0 76 76
f0_96 f0_213 f1w_379 0.02 -0.02 0.41 0 0 0 76 73
f0_96 f0_247 f1h_412 0.07 -0.07 0.17 0 0 0 74 73
f0_96 f0_247 f1h_450 1.67 -1.67 -0.33 0 0 0 74 75
f0_96 f0_247 f1h_455 0.72 -0.72 0.37 0 0 0 74 74
f0_96 f0_247 f1w_30 0.29 -0.29 0.25 0 0 0 74 73
f0_96 f0_247 f1w_68 0.35 -0.35 0.42 0 0 0 74 75
f0_96 f0_252 f0_808 0.18 -0.18 0.58 0 0 0 75 71
f0_96 f0_252 f0_831 -0.09 0.09 0.57 0 0 0 75 73
f0_96 f0_252 f0_851 -0.16 0.16 0.53 0 0 0 75 73
f0_96 f0_252 f0_955 -0.08 0.08 0.54 0 0 0 75 72
f0_96 f0_252 f1h_137 0.02 -0.02 0.57 0 0 0 75 75
f0_96 f0_252 f1h_450 1.28 -1.28 0.34 0 0 0 75 75
f0_96 f0_252 f1w_30 0.24 -0.24 0.31 0 0 0 75 73
f0_96 f0_252 f1w_68 0.03 -0.03 0.73 0 0 0 75 75
f0_96 f0_252 f1w_403 -0.25 0.25 0.53 0 0 0 75 72
f0_96 f0_255 f0_319 -0.12 0.12 0.09 0 0 0 75 74
f0_96 f0_255 f0_350 -0.28 0.28 0.69 0 0 0 75 75
f0_96 f0_255 f0_594 -0.05 0.05 0.99 0 0 0 75 73
f0_96 f0_255 f0_645 -0.14 0.14 0.33 0 0 0 75 73
f0_96 f0_255 f0_749 -0.23 0.23 0.67 0 0 0 75 72
f0_96 f0_255 f0_808 0.03 -0.03 0.76 0 0 0 75 71
f0_96 f0_255 f0_831 -0.47 0.47 0.3 0 0 0 75 73
f0_96 f0_255 f0_834 -0.09 0.09 0.48 0 0 0 75 76
f0_96 f0_255 f0_851 -0.35 0.35 0.41 0 0 0 75 73
f0_96 f0_255 f1h_77 -0.29 0.29 0.58 0 0 0 75 69
f0_96 f0_255 f1h_107 0.09 -0.09 0.68 0 0 0 75 72
f0_96 f0_255 f1h_137 -0.24 0.24 0.43 0 0 0 75 75
f0_96 f0_255 f1h_148 -0.22 0.22 0.66 0 0 0 75 72
f0_96 f0_255 f1h_245 0.04 -0.04 0.84 0 0 0 75 73
f0_96 f0_255 f1h_248 -0.09 0.09 0.74 0 0 0 75 74
f0_96 f0_255 f1h_272 0.3 -0.3 0.37 0 0 0 75 71
f0_96 f0_255 f1h_394 -0.17 0.17 0.72 0 0 0 75 71
f0_96 f0_255 f1h_412 -0.24 0.05 0.56 0 0 0 75 73
f0_96 f0_255 f1h_450 1.21 -1.21 -0.05 0 0 0 75 75
f0_96 f0_255 f1w_30 0.05 -0.05 0.84 0 0 0 75 73
f0_96 f0_255 f1w_56 -0.56 0.42 0.11 0 0 0 75 74
f0_96 f0_255 f1w_68 -0.42 0.42 0.42 0 0 0 75 75
f0_96 f0_255 f1w_84 0.08 -0.08 0.65 0 0 0 75 75
f0_96 f0_255 f1w_304 -0.04 0.04 0.9 0 0 0 75 76
f0_96 f0_255 f1w_379 -0.3 0.3 0.66 0 0 0 75 73
f0_96 f0_255 f1w_403 -0.65 0.65 0.32 0 0 0 75 72
f0_96 f0_319 f0_645 0.39 -0.39 0.45 0 0 0 74 73
f0_96 f0_319 f0_785 0.15 -0.15 0.44 0 0 0 74 74
f0_96 f0_319 f0_798 0.44 -0.44 0.54 0 0 0 74 68
f0_96 f0_319 f0_808 0.13 -0.13 0.25 0 0 0 74 71
f0_96 f0_319 f0_851 0.18 -0.18 0.41 0 0 0 74 73
f0_96 f0_319 f1h_107 0.5 -0.5 0.11 0 0 0 74 72
f0_96 f0_319 f1h_196 0.08 -0.08 0.25 0 0 0 74 70
f0_96 f0_319 f1h_359 0.43 -0.43 0.56 0 0 0 74 70
f0_96 f0_319 f1w_34 0.05 -0.05 0.52 0 0 0 74 74
f0_96 f0_319 f1w_68 0.35 -0.35 0.3 0 0 0 74 75
f0_96 f0_350 f0_955 -0.04 0.04 0.83 0 0 0 75 72
f0_96 f0_350 f1h_137 -0.07 0.07 0.13 0 0 0 75 75
f0_96 f0_350 f1h_264 0.17 -0.17 0.54 0 0 0 75 71
f0_96 f0_350 f1h_272 0.52 -0.52 0.64 0 0 0 75 71
f0_96 f0_350 f1h_412 0.05 -0.05 0.5 0 0 0 75 73
f0_96 f0_350 f1h_450 0.38 -0.38 0.72 0 0 0 75 75
f0_96 f0_350 f1h_455 0.44 -0.44 0.83 0 0 0 75 74
f0_96 f0_350 f1w_56 -0.15 0.15 0.46 0 0 0 75 74
f0_96 f0_594 f0_769 0.09 -0.09 0.4 0 0 0 73 74
f0_96 f0_594 f0_955 0.01 -0.01 0.45 0 0 0 73 72
f0_96 f0_594 f1h_77 0.13 -0.13 0.59 0 0 0 73 69
f0_96 f0_594 f1h_137 -0.04 0.04 -0.06 0 0 0 73 75
f0_96 f0_594 f1h_264 0.23 -0.23 0.66 0 0 0 73 71
f0_96 f0_594 f1h_272 0.62 -0.62 0.48 0 0 0 73 71
f0_96 f0_594 f1h_450 1.32 -1.32 0 0 0 0 73 75
f0_96 f0_594 f1h_455 0.53 -0.53 0.67 0 0 0 73 74
f0_96 f0_645 f0_749 -0.06 0.06 0.34 0 0 0 73 72
f0_96 f0_645 f0_828 -0.03 0.03 0.46 0 0 0 73 73
f0_96 f0_645 f0_831 -0.13 0.13 0.16 0 0 0 73 73
f0_96 f0_645 f0_879 -0.2 0.2 0.49 0 0 0 73 75
f0_96 f0_645 f0_955 -0.16 0.16 0.59 0 0 0 73 72
f0_96 f0_645 f1h_137 -0.01 0.01 0.52 0 0 0 73 75
f0_96 f0_645 f1h_196 -0.26 0.26 0.37 0 0 0 73 70
f0_96 f0_645 f1h_412 0.16 -0.16 0.45 0 0 0 73 73
f0_96 f0_645 f1w_30 0.11 -0.11 1.11 0 0 0 73 73
f0_96 f0_645 f1w_56 -0.25 0.25 0.37 0 0 0 73 74
f0_96 f0_749 f0_785 -0.22 0.22 0.63 0 0 0 72 74
f0_96 f0_749 f0_955 -0.12 0.12 0.6 0 0 0 72 72
f0_96 f0_749 f0_974 -0.11 0.11 0.85 0 0 0 72 74
f0_96 f0_749 f1h_137 -0.02 0.02 0.53 0 0 0 72 75
f0_96 f0_749 f1h_264 0.2 -0.2 0.22 0 0 0 72 71
f0_96 f0_749 f1h_272 0.46 -0.46 0.61 0 0 0 72 71
f0_96 f0_749 f1h_359 -0.13 0.13 0.62 0 0 0 72 70
f0_96 f0_749 f1h_412 -0.11 0.11 0.52 0 0 0 72 73
f0_96 f0_749 f1h_450 0.94 -0.94 -0.11 0 0 0 72 75
f0_96 f0_749 f1h_455 0.4 -0.4 0.71 0 0 0 72 74
f0_96 f0_749 f1w_56 -0.28 0.28 0.34 0 0 0 72 74
f0_96 f0_769 f0_808 0.23 -0.23 0.61 0 0 0 74 71
f0_96 f0_769 f1h_412 0.44 -0.44 0.22 0 0 0 74 73
f0_96 f0_769 f1h_450 1.03 -1.03 -0.37 0 0 0 74 75
f0_96 f0_769 f1w_403 -0.13 0.13 0.82 0 0 0 74 72
f0_96 f0_785 f0_831 0.09 -0.09 0.45 0 0 0 74 73
f0_96 f0_785 f1h_77 -0.03 0.03 0.23 0 0 0 74 69
f0_96 f0_785 f1h_137 0.02 -0.02 0.35 0 0 0 74 75
f0_96 f0_785 f1h_148 0.26 -0.26 0.51 0 0 0 74 72
f0_96 f0_785 f1h_248 0.29 -0.29 0.65 0 0 0 74 74
f0_96 f0_785 f1h_412 0.4 -0.4 0.18 0 0 0 74 73
f0_96 f0_785 f1h_450 0.87 -0.87 0.14 0 0 0 74 75
f0_96 f0_785 f1w_30 0.56 -0.56 0.41 0 0 0 74 73
f0_96 f0_785 f1w_68 0.07 -0.07 0.28 0 0 0 74 75
f0_96 f0_785 f1w_379 0.23 -0.23 0.69 0 0 0 74 73
f0_96 f0_798 f0_831 -0.14 0.14 0.79 0 0 0 68 73
f0_96 f0_798 f1h_137 0.3 -0.3 0.34 0 0 0 68 75
f0_96 f0_798 f1h_412 -0.02 0.02 0.52 0 0 0 68 73
f0_96 f0_798 f1w_30 0.55 -0.55 0.33 0 0 0 68 73
f0_96 f0_808 f0_828 0.18 -0.18 0.35 0 0 0 71 73
f0_96 f0_808 f0_955 -0.3 0.3 0.65 0 0 0 71 72
f0_96 f0_808 f1h_107 -0.02 0.02 0.61 0 0 0 71 72
f0_96 f0_808 f1h_137 -0.11 0.11 0.49 0 0 0 71 75
f0_96 f0_808 f1h_148 -0.04 0.04 0.65 0 0 0 71 72
f0_96 f0_808 f1h_248 -0.03 0.03 0.86 0 0 0 71 74
f0_96 f0_808 f1h_264 -0.16 0.16 0.71 0 0 0 71 71
f0_96 f0_808 f1h_272 0.35 -0.35 0.66 0 0 0 71 71
f0_96 f0_808 f1h_412 0 0 0.49 0 0 0 71 73
f0_96 f0_808 f1h_450 0.44 -0.44 0.71 0 0 0 71 75
f0_96 f0_808 f1h_455 0.25 -0.25 0.9 0 0 0 71 74
f0_96 f0_808 f1w_30 0.27 -0.27 0.7 0 0 0 71 73
f0_96 f0_808 f1w_56 -0.38 0.38 0.43 0 0 0 71 74
f0_96 f0_808 f1w_379 -0.07 0.07 0.71 0 0 0 71 73
f0_96 f0_828 f0_831 -0.16 0.16 0.39 0 0 0 73 73
f0_96 f0_828 f0_834 0.12 -0.12 0.73 0 0 0 73 76
f0_96 f0_828 f0_851 -0.14 0.14 0.59 0 0 0 73 73
f0_96 f0_828 f1h_137 -0.04 0.04 0.36 0 0 0 73 75
f0_96 f0_828 f1h_359 0.13 -0.13 0.87 0 0 0 73 70
f0_96 f0_828 f1h_412 -0.14 0.14 -0.07 0 0 0 73 73
f0_96 f0_828 f1h_444 0.01 -0.01 0.78 0 0 0 73 74
f0_96 f0_828 f1w_34 -0.29 0.29 0.66 0 0 0 73 74
f0_96 f0_828 f1w_56 -0.43 0.43 -0.04 0 0 0 73 74
f0_96 f0_828 f1w_68 -0.21 0.21 0.29 0 0 0 73 75
f0_96 f0_831 f0_879 -0.01 0.01 0.7 0 0 0 73 75
f0_96 f0_831 f1h_245 0.21 -0.21 0.46 0 0 0 73 73
f0_96 f0_831 f1h_272 0.58 -0.58 0.31 0 0 0 73 71
f0_96 f0_831 f1h_412 0.33 -0.33 0.12 0 0 0 73 73
f0_96 f0_831 f1w_304 0.44 -0.44 0.66 0 0 0 73 76
f0_96 f0_834 f1h_77 -0.07 0.07 0.84 0 0 0 76 69
f0_96 f0_834 f1h_107 0.02 -0.02 0.68 0 0 0 76 72
f0_96 f0_834 f1h_137 -0.05 0.05 0.34 0 0 0 76 75
f0_96 f0_834 f1h_248 0.05 -0.05 0.89 0 0 0 76 74
f0_96 f0_834 f1h_264 -0.02 0.02 0.92 0 0 0 76 71
f0_96 f0_834 f1h_272 0.37 -0.37 0.83 0 0 0 76 71
f0_96 f0_834 f1h_450 0.44 -0.44 0.73 0 0 0 76 75
f0_96 f0_834 f1h_455 0.33 -0.33 0.81 0 0 0 76 74
f0_96 f0_834 f1w_30 0.33 -0.33 0.48 0 0 0 76 73
f0_96 f0_834 f1w_68 -0.02 0.02 0.7 0 0 0 76 75
f0_96 f0_834 f1w_379 0.01 -0.01 0.69 0 0 0 76 73
f0_96 f0_851 f1h_412 -0.07 0.07 0.53 0 0 0 73 73
f0_96 f0_879 f1h_137 0.15 -0.15 0.37 0 0 0 75 75
f0_96 f0_879 f1h_264 0.35 -0.35 0.52 0 0 0 75 71
f0_96 f0_879 f1h_450 0.65 -0.65 0.22 0 0 0 75 75
f0_96 f0_955 f1h_245 0.22 -0.22 0.56 0 0 0 72 73
f0_96 f0_955 f1h_412 -0.01 0.01 0.2 0 0 0 72 73
f0_96 f0_955 f1w_304 0.45 -0.45 0.82 0 0 0 72 76
f0_96 f0_974 f1h_412 0.02 -0.02 0.34 0 0 0 74 73
f0_96 f0_974 f1h_450 0.62 -0.62 0.29 0 0 0 74 75
f0_96 f1h_77 f1h_412 0.17 -0.17 0.68 0 0 0 69 73
f0_96 f1h_107 f1h_412 0.09 -0.09 0.56 0 0 0 72 73
f0_96 f1h_137 f1h_148 0.16 -0.16 0.38 0 0 0 75 72
f0_96 f1h_137 f1h_245 0.09 -0.09 0.42 0 0 0 75 73
f0_96 f1h_137 f1h_272 0.69 -0.69 0.16 0 0 0 75 71
f0_96 f1h_137 f1h_394 -0.06 0.06 0.6 0 0 0 75 71
f0_96 f1h_137 f1h_412 0.28 -0.28 0.21 0 0 0 75 73
f0_96 f1h_137 f1w_34 -0.33 0.33 0.2 0 0 0 75 74
f0_96 f1h_137 f1w_304 0.27 -0.27 0.64 0 0 0 75 76
f0_96 f1h_148 f1h_196 -0.26 0.26 0.62 0 0 0 72 70
f0_96 f1h_148 f1h_412 0.05 -0.05 0.63 0 0 0 72 73
f0_96 f1h_148 f1w_30 0.19 -0.19 0.62 0 0 0 72 73
f0_96 f1h_196 f1h_245 0.3 -0.3 0.64 0 0 0 70 73
f0_96 f1h_196 f1h_272 0.79 -0.79 0.19 0 0 0 70 71
f0_96 f1h_196 f1h_394 0.14 -0.14 0.75 0 0 0 70 71
f0_96 f1h_196 f1h_412 0.32 -0.32 0.12 0 0 0 70 73
f0_96 f1h_196 f1h_450 0.84 -0.84 -0.35 0 0 0 70 75
f0_96 f1h_245 f1h_264 -0.01 0.01 0.69 0 0 0 73 71
f0_96 f1h_245 f1h_412 -0.17 0.17 0.49 0 0 0 73 73
f0_96 f1h_245 f1h_450 0.64 -0.64 0.67 0 0 0 73 75
f0_96 f1h_245 f1w_56 -0.33 0.33 0.19 0 0 0 73 74
f0_96 f1h_245 f1w_68 -0.02 0.02 0.49 0 0 0 73 75
f0_96 f1h_248 f1h_412 0.02 -0.02 0.69 0 0 0 74 73
f0_96 f1h_264 f1h_412 0.12 -0.12 0.54 0 0 0 71 73
f0_96 f1h_264 f1w_403 -0.36 0.36 0.63 0 0 0 71 72
f0_96 f1h_272 f1h_412 -0.45 0.45 0.59 0 0 0 71 73
f0_96 f1h_272 f1h_444 -0.53 0.53 0.78 0 0 0 71 74
f0_96 f1h_272 f1w_34 -0.83 0.83 0.21 0 0 0 71 74
f0_96 f1h_272 f1w_56 -0.78 0.78 0.19 0 0 0 71 74
f0_96 f1h_272 f1w_84 -0.44 0.44 0.96 0 0 0 71 75
f0_96 f1h_272 f1w_403 -0.79 0.79 0.22 0 0 0 71 72
f0_96 f1h_359 f1h_412 0.25 -0.25 0.55 0 0 0 70 73
f0_96 f1h_394 f1h_412 -0.22 0.22 0.36 0 0 0 71 73
f0_96 f1h_394 f1h_450 0.06 -0.06 1.1 0 0 0 71 75
f0_96 f1h_394 f1w_30 0.44 -0.44 0.58 0 0 0 71 73
f0_96 f1h_394 f1w_68 0.11 -0.11 0.68 0 0 0 71 75
f0_96 f1h_412 f1h_450 1.26 -1.26 0.4 0 0 0 73 75
f0_96 f1h_412 f1h_455 0.5 -0.5 0.5 0 0 0 73 74
f0_96 f1h_412 f1w_30 0.25 -0.25 0.46 0 0 0 73 73
f0_96 f1h_412 f1w_34 -0.36 0.36 0.01 0 0 0 73 74
f0_96 f1h_412 f1w_68 -0.19 0.19 0.45 0 0 0 73 75
f0_96 f1h_412 f1w_304 0.13 -0.13 0.87 0 0 0 73 76
f0_96 f1h_412 f1w_364 -0.53 0.53 0.46 0 0 0 73 72
f0_96 f1h_412 f1w_379 -0.13 0.13 0.61 0 0 0 73 73
f0_96 f1h_444 f1h_450 0.24 -0.24 0.64 0 0 0 74 75
f0_96 f1h_450 f1w_34 -1.01 0.09 0.2 0 0 0 75 74
f0_96 f1h_450 f1w_56 -0.91 0.07 0.21 0 0 0 75 74
f0_96 f1h_450 f1w_84 -0.21 0.21 0.99 0 0 0 75 75
f0_96 f1h_450 f1w_403 -0.92 0.03 0.12 0 0 0 75 72
f0_96 f1h_455 f1w_403 -0.66 0.66 0.65 0 0 0 74 72
f0_96 f1w_30 f1w_34 -0.7 0.7 0.31 0 0 0 73 74
f0_96 f1w_30 f1w_304 -0.11 0.11 1.02 0 0 0 73 76
f0_96 f1w_34 f1w_56 0.08 -0.08 0.28 0 0 0 74 74
f0_96 f1w_34 f1w_379 0.36 -0.36 0.53 0 0 0 74 73
f0_96 f1w_56 f1w_304 0.54 -0.54 0.71 0 0 0 74 76
f0_96 f1w_56 f1w_403 0.15 -0.15 0.18 0 0 0 74 72
f0_98 f0_361 f2_666 0.73 -0.73 0.89 0 0 0 77 75
f0_98 f1h_12 f1h_238 0.86 -0.86 -0.17 0 0 0 73 75
f0_98 f1h_12 f1w_498 0.17 -0.17 1.12 0 0 0 73 75
f0_98 f1h_33 f1h_238 0.86 -0.86 1.1 0 0 0 71 75
f0_98 f1h_238 f1w_105 -1.12 1.12 0.62 0 0 0 75 73
f0_98 f1h_238 f2_666 -0.27 0.27 1.82 0 0 0 75 75
f0_98 f2_666 f2_945 -0.31 0.31 0.9 0 0 0 75 75
f0_99 f0_493 f1h_62 0.83 -0.83 0.6 0 0 0 72 74
f0_100 f1h_54 f1h_139 -0.32 0.32 2.23 0 0 0 74 75
f0_100 f1h_54 f1h_198 -1.17 1.17 0.9 0 0 0 74 78
f0_100 f1h_54 f1h_407 0.85 -0.85 0.55 0 0 0 74 76
f0_100 f1h_54 f2_694 -0.37 0.37 1.38 0 0 0 74 71
f0_100 f1h_139 f1h_198 -0.56 0.56 -0.39 0 0 1 75 78
f0_100 f1h_198 f1h_407 -0.34 0.09 0.39 0 0 1 78 76
f0_101 f0_107 f0_769 -0.3 0.3 0.52 0 0 0 74 75
f0_101 f0_107 f2_495 -0.17 0.17 0.12 0 0 0 74 72
f0_101 f0_225 f1h_33 0.57 -0.57 0.55 0 0 0 74 71
f0_101 f0_225 f2_495 -0.36 0.36 0.09 0 0 0 74 72
f0_101 f0_226 f2_495 -0.17 0.17 0.16 0 0 0 76 72
f0_101 f0_362 f1h_269 -0.18 0.18 0.58 0 0 0 77 73
f0_101 f0_362 f2_554 0.01 -0.01 0.87 0 0 0 77 74
f0_101 f0_362 f2_937 -0.12 0.12 0.96 0 0 0 77 74
f0_101 f0_769 f1h_4 -0.19 0.19 0.37 0 0 0 75 72
f0_101 f0_977 f1h_33 0.64 -0.64 0.86 0 0 0 74 71
f0_101 f1h_4 f1h_424 0.4 -0.4 0.38 0 0 0 72 76
f0_101 f1h_33 f1h_37 -0.39 0.39 1.08 0 0 0 71 75
f0_101 f1h_33 f1h_86 -0.82 0.82 0.87 0 0 0 71 74
f0_101 f1h_33 f1h_452 -0.13 0.13 0.84 0 0 0 71 75
f0_101 f1h_33 f1w_328 -0.29 0.29 1.05 0 0 0 71 71
f0_101 f1h_33 f1w_405 -0.68 0.68 0.84 0 0 0 71 74
f0_101 f1h_33 f2_108 -0.39 0.39 1.16 0 0 0 71 75
f0_101 f1h_33 f2_651 -0.65 0.65 0.78 0 0 0 71 75
f0_101 f1h_37 f2_495 -0.37 0.37 0.17 0 0 0 75 72
f0_101 f1h_452 f2_495 -0.45 0.45 0.06 0 0 0 75 72
f0_101 f1w_224 f2_495 -0.19 0.19 0.36 0 0 0 75 72
f0_101 f1w_279 f2_495 0.02 -0.02 0.02 0 0 0 74 72
f0_101 f1w_328 f2_495 -0.59 0.59 0.05 0 0 0 71 72
f0_101 f1w_328 f2_965 -0.59 0.59 0.03 0 0 0 71 73
f0_101 f1w_444 f2_495 -0.06 0.06 0.51 0 0 0 76 72
f0_101 f2_242 f2_495 -0.71 0.71 0.12 0 0 0 75 72
f0_101 f2_495 f2_554 0.27 -0.27 0.14 0 0 0 72 74
f0_101 f2_495 f2_625 -0.01 0.01 0.32 0 0 0 72 73
f0_101 f2_495 f2_639 0.15 -0.15 0.37 0 0 0 72 73
f0_101 f2_495 f2_651 0.19 -0.19 0.33 0 0 0 72 75
f0_101 f2_495 f2_886 -0.32 0.32 -0.18 0 0 0 72 74
f0_101 f2_495 f2_937 0.13 -0.13 0.17 0 0 0 72 74
f0_101 f2_576 f2_965 -0.15 0.15 0.71 0 0 0 72 73
f0_102 f0_42 f2_200 -0.41 0.41 0.56 0 0 0 77 73
f0_102 f0_628 f1h_133 1.18 -1.18 0.74 0 0 0 75 72
f0_102 f1h_133 f2_200 -0.66 0.66 0.44 0 0 0 72 73
f0_102 f1h_133 f2_745 -1.15 1.15 0.8 0 0 0 72 74
f0_102 f1h_224 f2_200 -0.54 0.54 0.83 0 0 0 75 73
f0_102 f1h_224 f2_745 0.4 -0.4 0.72 0 0 0 75 74
f0_102 f1w_40 f2_200 0 0 0.9 0 0 0 74 73
f0_102 f2_176 f2_200 0 0 1.05 0 0 0 73 73
f0_104 f0_45 f1h_86 0.08 -0.08 1.18 0 0 0 76 72
f0_104 f0_45 f1h_395 -0.51 0.51 0.89 0 0 0 76 74
f0_104 f0_68 f1h_86 0.4 -0.4 0.88 0 0 0 74 72
f0_104 f0_68 f1h_404 0.62 -0.62 0.86 0 0 0 74 73
f0_104 f0_175 f0_197 0.22 -0.22 0.92 0 0 0 74 74
f0_104 f0_175 f0_914 0.36 -0.36 0.58 0 0 0 74 73
f0_104 f0_175 f1h_16 0.6 -0.6 0.96 0 0 0 74 73
f0_104 f0_175 f1h_57 0.92 -0.92 0.64 0 0 0 74 75
f0_104 f0_175 f1h_129 0.02 -0.02 0.72 0 0 0 74 73
f0_104 f0_197 f1h_7 -0.33 0.33 0.44 0 0 0 74 74
f0_104 f0_197 f1h_404 0.33 -0.33 1.09 0 0 0 74 73
f0_104 f0_555 f0_645 -0.76 0.76 0.66 0 0 0 72 74
f0_104 f0_555 f1h_57 -0.06 0.06 1.04 0 0 0 72 75
f0_104 f0_555 f1h_395 -0.65 0.65 0.54 0 0 0 72 74
f0_104 f0_555 f1w_475 -0.43 0.43 -0.04 0 0 0 72 71
f0_104 f0_555 f2_16 -0.49 0.49 1.03 0 0 0 72 73
f0_104 f0_555 f2_631 -0.82 0.82 0.43 0 0 0 72 74
f0_104 f0_555 f2_900 -0.85 0.85 0.44 0 0 0 72 73
f0_104 f0_704 f0_914 0.43 -0.43 0.7 0 0 0 74 73
f0_104 f0_704 f1h_57 0.08 -0.08 0.66 0 0 0 74 75
f0_104 f0_914 f1w_415 -0.59 0.59 0.73 0 0 0 73 74
f0_104 f0_914 f1w_427 -0.12 0.12 0.92 0 0 0 73 70
f0_104 f0_914 f1w_437 -0.57 0.57 0.63 0 0 0 73 76
f0_104 f0_914 f2_127 -0.38 0.38 0.73 0 0 0 73 74
f0_104 f0_914 f2_678 0.37 -0.37 0.21 0 0 0 73 76
f0_104 f1h_7 f1h_57 1.15 -1.15 0.54 0 0 0 74 75
f0_104 f1h_7 f1h_129 0.15 -0.15 0.38 0 0 0 74 73
f0_104 f1h_7 f2_900 -0.02 0.02 0.35 0 0 0 74 73
f0_104 f1h_16 f1w_105 -0.74 0.74 0.8 0 0 0 73 72
f0_104 f1h_57 f1h_86 0.12 -0.12 1.03 0 0 0 75 72
f0_104 f1h_57 f1h_404 0 0 1.24 0 0 0 75 73
f0_104 f1h_57 f1w_105 -1.04 0.79 0.47 0 0 0 75 72
f0_104 f1h_57 f1w_415 -0.86 0.86 1.09 0 0 0 75 74
f0_104 f1h_57 f1w_427 0.36 -0.36 0.29 0 0 0 75 70
f0_104 f1h_57 f2_289 -0.38 0.38 0.8 0 0 0 75 73
f0_104 f1h_57 f2_381 -1.35 0.34 -0.04 0 0 0 75 73
f0_104 f1h_86 f1w_437 -0.16 0.16 0.72 0 0 0 72 76
f0_104 f1h_86 f2_900 -0.28 0.28 0.18 0 0 0 72 73
f0_104 f1h_129 f1h_404 0.72 -0.72 0.58 0 0 0 73 73
f0_104 f1h_129 f1w_240 -0.02 0.02 0.95 0 0 0 73 75
f0_104 f1h_129 f1w_415 -0.45 0.45 0.07 0 0 0 73 74
f0_104 f1h_129 f1w_427 0.16 -0.16 0.8 0 0 0 73 70
f0_104 f1h_129 f2_289 0.29 -0.29 0.89 0 0 0 73 73
f0_104 f1h_269 f2_381 -0.36 0.36 0.31 0 0 0 72 73
f0_104 f1h_269 f2_900 -0.28 0.28 0.08 0 0 0 72 73
f0_104 f1h_404 f1w_328 -0.81 0.81 0.99 0 0 0 73 70
f0_104 f1h_404 f2_678 -0.39 0.39 1.02 0 0 0 73 76
f0_104 f1h_404 f2_900 -1 1 0.33 0 0 0 73 73
f0_104 f1h_404 f2_925 -0.52 0.52 0.97 0 0 0 73 70
f0_104 f1w_134 f1w_475 0.24 -0.24 0.41 0 0 0 74 71
f0_104 f1w_427 f1w_475 -0.27 0.27 0.46 0 0 0 70 71
f0_104 f1w_475 f2_381 -0.36 0.36 0.25 0 0 0 71 73
f0_104 f2_31 f2_900 -0.03 0.03 0.44 0 0 0 74 73
f0_104 f2_127 f2_381 -0.38 0.38 0.32 0 0 0 74 73
f0_104 f2_381 f2_678 0.77 -0.77 -0.43 0 0 0 73 76
f0_104 f2_381 f2_900 0 0 0.39 0 0 0 73 73
f0_104 f2_381 f2_925 0.65 -0.65 -0.09 0 0 0 73 70
f0_104 f2_381 f2_950 0.17 -0.17 0.38 0 0 0 73 73
f0_107 f0_992 f1h_291 0.56 -0.56 0.89 0 0 0 73 69
f0_108 f0_152 f0_228 0.3 -0.3 0.71 0 0 0 68 67
f0_108 f0_228 f0_711 -0.6 0.6 0.7 0 0 0 67 69
f0_108 f0_228 f1h_147 0.31 -0.31 0.92 0 0 0 67 71
f0_108 f0_228 f1h_479 0.25 -0.25 0.7 0 0 0 67 68
f0_108 f0_711 f1h_210 1.19 -1.19 0.57 0 0 0 69 69
f0_108 f0_711 f1h_479 0.81 -0.81 0.67 0 0 0 69 68
f0_108 f1h_210 f1h_479 -0.26 0.26 0.59 0 0 0 69 68
f0_108 f1h_210 f2_404 -1.04 1.04 0.65 0 0 0 69 72
f0_110 f2_59 f2_495 -0.66 0.66 0.98 0 0 0 76 73
f0_110 f2_340 f2_387 -0.14 0.14 0.47 0 0 0 75 74
f0_112 f1h_266 f1h_355 0.27 -0.27 1.35 0 0 0 72 66
f0_112 f1h_266 f1h_356 -0.55 0.55 0.73 0 0 0 72 72
f0_112 f1h_355 f2_50 0.34 -0.34 1.11 0 0 0 66 68
f0_112 f1h_356 f2_50 0.19 -0.19 0.72 0 0 0 72 68
f0_114 f1h_349 f1h_457 -0.14 0.14 1.07 0 0 0 70 71
f0_114 f1h_457 f1w_39 0.14 -0.14 0.96 0 0 0 71 74
f0_114 f1h_497 f1w_39 -1.05 1.05 1.1 0 0 0 75 74
f0_114 f1h_497 f2_694 -1.21 1.21 0.85 0 0 0 75 70
f0_114 f1h_497 f2_941 -1.12 1.12 0.93 0 0 0 75 71
f0_114 f1w_39 f2_387 -0.08 0.08 0.33 0 0 0 74 73
f0_114 f2_44 f2_387 -0.22 0.22 0.87 0 0 0 73 73
f0_114 f2_44 f2_694 -0.38 0.38 0.88 0 0 0 73 70
f0_114 f2_177 f2_580 0.41 -0.41 0.52 0 0 0 74 77
f0_114 f2_580 f2_778 -0.53 0.53 0.72 0 0 0 77 76
f0_114 f2_580 f2_907 -0.43 0.43 0.64 0 0 0 77 70
f0_114 f2_580 f2_941 -0.39 0.39 0.93 0 0 0 77 71
f0_115 f0_754 f2_424 1.32 -1.32 0.79 0 0 0 70 71
f0_115 f1h_127 f1h_436 -0.43 0.43 1.13 0 0 0 71 70
f0_115 f1h_436 f2_424 0.07 -0.07 1.95 0 0 0 70 71
f0_116 f0_213 f1h_97 0.61 -0.61 0.78 0 0 0 77 78
f0_116 f0_213 f1h_372 0.65 -0.65 0.61 0 0 0 77 73
f0_116 f0_521 f1h_370 0.43 -0.43 0.12 0 0 0 75 71
f0_116 f1h_97 f1h_150 -0.05 0.05 1.14 0 0 0 78 76
f0_116 f1h_97 f1h_255 -0.63 0.63 0.84 0 0 0 78 73
f0_116 f1h_97 f1h_370 -0.79 0.79 0.28 0 0 0 78 71
f0_116 f1h_97 f1h_386 -0.68 0.68 0.1 0 0 0 78 72
f0_116 f1h_97 f1w_489 -0.55 0.55 0.94 0 0 0 78 73
f0_116 f1h_97 f2_69 -0.95 0.95 0.28 0 0 0 78 75
f0_116 f1h_97 f2_433 -0.56 0.56 0.36 0 0 0 78 73
f0_116 f1h_97 f2_761 -0.17 0.17 1.16 0 0 0 78 73
f0_116 f1h_150 f1h_370 -0.38 0.38 0.59 0 0 0 76 71
f0_116 f1h_150 f1h_461 -0.52 0.52 0.71 0 0 0 76 75
f0_116 f1h_150 f2_565 0.05 -0.05 0.88 0 0 0 76 76
f0_116 f1h_370 f1h_372 0.22 -0.22 0.16 0 0 0 71 73
f0_116 f1h_370 f2_69 -0.42 0.42 0.51 0 0 0 71 75
f0_116 f1h_370 f2_433 -0.33 0.33 0.35 0 0 0 71 73
f0_116 f1h_372 f1h_386 -0.31 0.31 0.68 0 0 0 73 72
f0_116 f1h_372 f2_69 -0.63 0.63 0.28 0 0 0 73 75
f0_116 f1h_386 f1h_461 0.21 -0.21 0.6 0 0 0 72 75
f0_116 f1h_461 f2_69 -0.74 0.74 0.19 0 0 0 75 75
f0_116 f1h_461 f2_85 -0.68 0.68 0.45 0 0 0 75 75
f0_117 f1h_188 f2_381 -0.7 0.7 1.19 0 0 0 75 73
f0_118 f1w_106 f1w_449 -0.23 0.23 0.96 0 0 0 71 70
f0_119 f0_50 f1h_123 -0.32 0.32 0.96 0 0 0 74 73
f0_119 f0_50 f1h_305 -0.27 0.27 0.71 0 0 0 74 70
f0_119 f0_50 f1h_372 -0.61 0.61 0.46 0 0 0 74 73
f0_119 f0_56 f0_637 0.3 -0.3 0.83 0 0 0 75 72
f0_119 f0_56 f0_913 -0.06 0.06 0.48 0 0 0 75 76
f0_119 f0_56 f1h_180 0.52 -0.52 0.63 0 0 0 75 77
f0_119 f0_56 f1h_372 -0.06 0.06 -0.05 0 0 0 75 73
f0_119 f0_64 f1h_73 0.01 -0.01 0.4 0 0 0 74 73
f0_119 f0_64 f1h_305 0.26 -0.26 0.16 0 0 0 74 70
f0_119 f0_64 f1h_372 -0.03 0.03 0.42 0 0 0 74 73
f0_119 f0_64 f1w_482 0.56 -0.56 0.74 0 0 0 74 75
f0_119 f0_134 f0_575 0.88 -0.88 0.58 0 0 0 73 74
f0_119 f0_172 f0_575 0.45 -0.45 0.7 0 0 0 75 74
f0_119 f0_244 f1h_305 0.26 -0.26 0.21 0 0 0 72 70
f0_119 f0_244 f1h_372 -0.13 0.13 0.29 0 0 0 72 73
f0_119 f0_304 f1h_305 0.17 -0.17 0.39 0 0 0 73 70
f0_119 f0_575 f0_768 -0.53 0.53 0.73 0 0 0 74 73
f0_119 f0_575 f0_913 -0.39 0.39 0.48 0 0 0 74 76
f0_119 f0_575 f1h_73 -0.85 0.85 0.3 0 0 0 74 73
f0_119 f0_575 f1h_123 -0.59 0.59 0.45 0 0 0 74 73
f0_119 f0_575 f1h_305 -0.65 0.65 0.35 0 0 0 74 70
f0_119 f0_575 f1w_482 0.24 -0.24 0.76 0 0 0 74 75
f0_119 f0_575 f2_840 -0.58 0.58 1.06 0 0 0 74 76
f0_119 f0_575 f2_937 -0.24 0.24 0.62 0 0 0 74 75
f0_119 f0_637 f1h_73 -0.41 0.41 0.03 0 0 0 72 73
f0_119 f0_637 f1h_123 0.02 -0.02 0.43 0 0 0 72 73
f0_119 f0_637 f1h_305 0.01 -0.01 0.62 0 0 0 72 70
f0_119 f0_637 f1h_372 -0.61 0.61 0.34 0 0 0 72 73
f0_119 f0_637 f1w_482 0.11 -0.11 1.05 0 0 0 72 75
f0_119 f0_768 f1h_180 0.22 -0.22 0.84 0 0 0 73 77
f0_119 f0_768 f1h_305 0.04 -0.04 0.43 0 0 0 73 70
f0_119 f0_768 f1h_372 -0.33 0.33 0.32 0 0 0 73 73
f0_119 f0_768 f2_114 -0.09 0.09 0.62 0 0 0 73 71
f0_119 f0_768 f2_246 -0.37 0.37 0.64 0 0 0 73 76
f0_119 f0_768 f2_461 -0.16 0.16 0.78 0 0 0 73 71
f0_119 f0_808 f1h_305 0.16 -0.16 0.4 0 0 0 72 70
f0_119 f0_844 f0_913 -0.11 0.11 0.31 0 0 0 73 76
f0_119 f0_844 f1h_372 -0.33 0.33 -0.4 0 0 0 73 73
f0_119 f0_881 f1h_305 0.24 -0.24 0.54 0 0 0 71 70
f0_119 f0_881 f1h_372 -0.03 0.03 0.74 0 0 0 71 73
f0_119 f0_913 f0_953 0.46 -0.46 0.4 0 0 0 76 75
f0_119 f0_913 f1h_73 -0.11 0.11 0.26 0 0 0 76 73
f0_119 f0_913 f1h_459 0.41 -0.41 0.46 0 0 0 76 74
f0_119 f0_913 f1w_9 0.25 -0.25 0.62 0 0 0 76 76
f0_119 f0_913 f2_114 0.01 -0.01 0.64 0 0 0 76 71
f0_119 f0_913 f2_642 0.16 -0.16 0.1 0 0 0 76 76
f0_119 f0_953 f1h_123 -0.37 0.37 0.52 0 0 0 75 73
f0_119 f0_953 f1h_305 -0.27 0.27 0.34 0 0 0 75 70
f0_119 f0_953 f1h_372 -0.62 0.59 0.06 0 0 0 75 73
f0_119 f1h_73 f1h_305 0.38 -0.38 0.07 0 0 0 73 70
f0_119 f1h_73 f1h_372 0 0 0.18 0 0 0 73 73
f0_119 f1h_123 f1h_180 0.45 -0.45 0.39 0 0 0 73 77
f0_119 f1h_180 f1w_9 -0.23 0.23 1.03 0 0 0 77 76
f0_119 f1h_180 f2_143 0.06 -0.06 0.96 0 0 0 77 75
f0_119 f1h_305 f1h_451 -0.07 0.07 0.33 0 0 0 70 73
f0_119 f1h_305 f1h_459 0.19 -0.19 0.5 0 0 0 70 74
f0_119 f1h_305 f1w_9 -0.06 0.06 0.18 0 0 0 70 76
f0_119 f1h_305 f1w_61 -0.09 0.09 0.77 0 0 0 70 75
f0_119 f1h_305 f1w_224 -0.11 0.11 0.49 0 0 0 70 74
f0_119 f1h_305 f2_114 -0.08 0.08 0.41 0 0 0 70 71
f0_119 f1h_305 f2_186 -0.06 0.06 0.61 0 0 0 70 74
f0_119 f1h_305 f2_534 -0.34 0.34 0.06 0 0 0 70 76
f0_119 f1h_305 f2_642 -0.08 0.08 0.31 0 0 0 70 76
f0_119 f1h_305 f2_677 -0.27 0.27 0.16 0 0 0 70 75
f0_119 f1h_305 f2_719 -0.17 0.17 0.37 0 0 0 70 74
f0_119 f1h_305 f2_840 0.1 -0.1 0.13 0 0 0 70 76
f0_119 f1h_372 f1h_459 0.54 -0.54 0.38 0 0 0 73 74
f0_119 f1h_372 f1w_9 0.39 -0.39 0.33 0 0 0 73 76
f0_119 f1h_372 f1w_61 0.13 -0.13 0.39 0 0 0 73 75
f0_119 f1h_372 f2_114 0.17 -0.17 0.46 0 0 0 73 71
f0_119 f1h_372 f2_186 0.22 -0.22 0.3 0 0 0 73 74
f0_119 f1h_372 f2_677 0.08 -0.08 0.46 0 0 0 73 75
f0_119 f1h_372 f2_840 0.33 -0.33 0.47 0 0 0 73 76
f0_119 f1w_61 f1w_482 0.49 -0.49 0.72 0 0 0 75 75
f0_119 f1w_61 f2_142 -0.01 0.01 0.68 0 0 0 75 77
f0_119 f1w_482 f2_114 -0.32 0.32 0.49 0 0 0 75 71
f0_119 f1w_482 f2_186 -0.34 0.34 0.58 0 0 0 75 74
f0_119 f2_114 f2_143 0.39 -0.39 0.32 0 0 0 71 75
f0_119 f2_143 f2_186 -0.36 0.36 1 0 0 0 75 74
f0_120 f0_810 f2_115 -0.31 0.31 0.86 0 0 0 73 69
f0_120 f1h_398 f2_21 -0.37 0.37 1.06 0 0 0 68 68
f0_122 f0_206 f1h_64 0.29 -0.29 1.32 0 0 0 69 73
f0_122 f0_206 f2_205 0.06 -0.06 -0.39 0 0 1 69 74
f0_123 f0_39 f1h_386 -0.28 0.28 0.45 0 0 0 68 65
f0_123 f0_39 f2_10 -0.58 0.58 0.47 0 0 0 68 66
f0_123 f0_71 f1h_205 -0.41 0.41 0 0 0 0 66 67
f0_123 f0_188 f1h_205 -0.08 0.08 0.71 0 0 0 66 67
f0_123 f0_258 f1h_386 -0.16 0.16 -0.28 0 0 0 64 65
f0_123 f0_486 f0_527 0.23 -0.23 0.18 0 0 0 66 65
f0_123 f0_486 f0_563 -0.09 0.09 0.31 0 0 0 66 67
f0_123 f0_486 f2_950 -0.05 0.05 0.31 0 0 0 66 66
f0_123 f0_527 f1h_386 -0.18 0.18 0.11 0 0 0 65 65
f0_123 f0_542 f1h_386 0.1 -0.1 0.2 0 0 0 68 65
f0_123 f0_563 f1h_386 0.07 -0.07 0.26 0 0 0 67 65
f0_123 f0_731 f1h_386 0.2 -0.2 0.62 0 0 0 69 65
f0_123 f0_768 f2_10 -0.08 0.08 0.45 0 0 0 67 66
f0_123 f0_859 f2_548 -0.24 0.24 0.69 0 0 0 65 68
f0_123 f1h_205 f2_257 0.47 -0.47 0.47 0 0 0 67 64
f0_123 f1h_205 f2_950 0.41 -0.41 0.49 0 0 0 67 66
f0_123 f1h_286 f2_10 -0.58 0.58 0.6 0 0 0 68 66
f0_123 f1h_315 f1h_386 -0.34 0.34 -0.04 0 0 0 66 65
f0_123 f1h_315 f2_257 0.04 -0.04 0.76 0 0 0 66 64
f0_123 f1h_315 f2_931 -0.08 0.08 0.46 0 0 0 66 67
f0_123 f1h_340 f1h_386 0.24 -0.24 0.3 0 0 0 67 65
f0_123 f1h_386 f2_10 0.15 -0.15 0.25 0 0 0 65 66
f0_123 f1h_386 f2_257 0.09 -0.09 0.08 0 0 0 65 64
f0_123 f1h_386 f2_548 0.03 -0.03 0.26 0 0 0 65 68
f0_123 f1h_386 f2_721 0.22 -0.22 0.47 0 0 0 65 68
f0_123 f1h_386 f2_931 -0.1 0.1 0.19 0 0 0 65 67
f0_123 f1h_386 f2_950 0.04 -0.04 0.41 0 0 0 65 66
f0_123 f1w_435 f2_756 0.27 -0.27 0.49 0 0 0 69 67
f0_123 f2_10 f2_257 0.4 -0.4 0.41 0 0 0 66 64
f0_123 f2_257 f2_756 0.04 -0.04 0.82 0 0 0 64 67
f0_123 f2_535 f2_950 -0.04 0.04 0.71 0 0 0 66 66
f0_123 f2_548 f2_756 0.18 -0.18 0.86 0 0 0 68 67
f0_123 f2_756 f2_931 -0.21 0.21 0.35 0 0 0 67 67
f0_124 f1h_333 f1w_399 -1.58 1.58 0 0 0 0 74 76
f0_124 f1h_333 f2_889 -1.7 1.7 -0.28 0 0 0 74 76
f0_125 f0_140 f0_355 -0.43 0.43 0.3 0 0 0 77 75
f0_125 f0_355 f1h_130 -0.12 0.12 0.78 0 0 0 75 76
f0_125 f0_355 f1h_350 0.26 -0.26 0.9 0 0 0 75 73
f0_125 f0_355 f1h_489 0.45 -0.45 0.71 0 0 0 75 74
f0_125 f0_355 f2_804 0.09 -0.09 0.58 0 0 0 75 73
f0_125 f1h_81 f1h_489 0.45 -0.45 0.12 0 0 0 76 74
f0_125 f1h_81 f2_13 -0.55 0.55 0.53 0 0 0 76 74
f0_125 f1h_350 f2_13 -0.94 0.94 0.25 0 0 0 73 74
f0_125 f1h_350 f2_817 -0.67 0.67 0.31 0 0 0 73 76
f0_125 f1w_51 f2_13 -0.33 0.33 0.75 0 0 0 76 74
f0_127 f0_61 f1h_50 -0.15 0.15 1.13 0 0 0 74 72
f0_127 f0_61 f1h_415 -0.13 0.13 1.18 0 0 0 74 74
f0_127 f0_61 f2_444 -0.35 0.35 0.8 0 0 0 74 70
f0_127 f0_61 f2_717 -0.1 0.1 0.84 0 0 0 74 76
f0_127 f1h_50 f1h_289 -0.23 0.23 0.59 0 0 0 72 72
f0_127 f1h_82 f1h_415 0.05 -0.05 1.34 0 0 0 72 74
f0_127 f1h_82 f2_444 -0.13 0.13 1.2 0 0 0 72 70
f0_127 f1h_82 f2_717 0 0 1.12 0 0 0 72 76
f0_127 f1h_289 f1h_356 0.05 -0.05 0.93 0 0 0 72 75
f0_127 f1h_289 f2_127 -0.13 0.13 1.06 0 0 0 72 74
f0_127 f1h_289 f2_598 -0.03 0.03 0.83 0 0 0 72 74
f0_127 f1h_356 f1h_415 -0.26 0.26 0.86 0 0 0 75 74
f0_127 f1h_415 f1w_330 -0.14 0.14 0.91 0 0 0 74 75
f0_128 f0_120 f1h_257 -0.16 0.16 1.91 0 0 0 74 74
f0_128 f1h_42 f1h_257 0.59 -0.59 1.7 0 0 0 75 74
f0_128 f1h_42 f2_955 -0.13 0.13 2.19 0 0 0 75 77
f0_129 f0_652 f1h_137 0.08 -0.08 1.19 0 0 0 73 75
f0_129 f0_652 f2_424 -0.69 0.69 0.27 0 0 0 73 74
f0_129 f0_830 f1h_106 0.22 -0.22 1 0 0 0 73 74
f0_129 f0_830 f1h_375 1.09 -1.09 0.82 0 0 0 73 74
f0_129 f1h_137 f1h_375 0.08 -0.08 0.65 0 0 0 75 74
f0_129 f1h_375 f2_162 -1.24 1.24 0.7 0 0 0 74 72
f0_129 f1h_375 f2_424 -0.94 0.94 0.44 0 0 0 74 74
f0_129 f1h_375 f2_547 -0.91 0.91 0.76 0 0 0 74 77
f0_129 f1h_375 f2_831 -0.63 0.63 0.77 0 0 0 74 72
f0_129 f1h_484 f2_156 0.06 -0.06 1.1 0 0 0 74 72
f0_130 f0_66 f0_204 0 0 0.69 0 0 0 71 69
f0_130 f0_66 f1h_209 0.44 -0.44 0.66 0 0 0 71 70
f0_130 f0_66 f2_855 0.71 -0.71 0.83 0 0 0 71 70
f0_130 f0_175 f0_204 -0.5 0.5 0.48 0 0 0 69 69
f0_130 f0_175 f0_470 -0.24 0.24 0.8 0 0 0 69 69
f0_130 f0_175 f0_953 -0.44 0.44 0.98 0 0 0 69 70
f0_130 f0_175 f1h_42 -0.37 0.37 0.71 0 0 0 69 68
f0_130 f0_175 f1h_209 -0.19 0.19 0.78 0 0 0 69 70
f0_130 f0_175 f1h_235 -0.14 0.14 1.06 0 0 0 69 69
f0_130 f0_175 f1h_301 -0.71 0.71 0.5 0 0 0 69 70
f0_130 f0_175 f2_409 -0.49 0.49 0.5 0 0 0 69 68
f0_130 f0_175 f2_727 -0.36 0.36 1.11 0 0 0 69 68
f0_130 f0_175 f2_855 -0.04 0.04 1.01 0 0 0 69 70
f0_130 f0_204 f0_596 0.48 -0.48 0.46 0 0 0 69 67
f0_130 f0_204 f1h_42 0.22 -0.22 0.43 0 0 0 69 68
f0_130 f0_204 f1h_235 0.3 -0.3 0.69 0 0 0 69 69
f0_130 f0_204 f1h_340 -0.08 0.08 0.51 0 0 0 69 68
f0_130 f0_470 f1h_301 0.06 -0.06 0.53 0 0 0 69 70
f0_130 f0_596 f1h_42 -0.16 0.16 0.6 0 0 0 67 68
f0_130 f0_596 f1h_340 -0.17 0.17 0.59 0 0 0 67 68
f0_130 f0_596 f1h_394 -0.57 0.57 0.85 0 0 0 67 67
f0_130 f0_977 f1h_42 0.26 -0.26 0.55 0 0 0 68 68
f0_130 f1h_42 f1h_209 -0.1 0.1 0.44 0 0 0 68 70
f0_130 f1h_42 f2_409 -0.03 0.03 0.57 0 0 0 68 68
f0_130 f1h_42 f2_479 -0.16 0.16 0.82 0 0 0 68 70
f0_130 f1h_42 f2_855 0.46 -0.46 0.61 0 0 0 68 70
f0_130 f1h_209 f1h_235 -0.08 0.08 0.96 0 0 0 70 69
f0_130 f1h_209 f1h_340 0.17 -0.17 0.24 0 0 0 70 68
f0_130 f1h_209 f2_409 -0.12 0.12 0.64 0 0 0 70 68
f0_130 f1h_235 f2_855 0.27 -0.27 1.1 0 0 0 69 70
f0_130 f1h_301 f1h_340 0.18 -0.18 0.32 0 0 0 70 68
f0_130 f1h_340 f1h_429 -0.12 0.12 0.91 0 0 0 68 69
f0_130 f1h_340 f2_409 0.19 -0.19 0.5 0 0 0 68 68
f0_130 f1h_340 f2_479 -0.13 0.13 0.77 0 0 0 68 70
f0_130 f1h_340 f2_855 0.58 -0.58 0.38 0 0 0 68 70
f0_130 f2_409 f2_821 0.06 -0.06 0.8 0 0 0 68 66
f0_130 f2_409 f2_855 0.54 -0.54 0.74 0 0 0 68 70
f0_131 f0_311 f2_61 0.21 -0.21 0.58 0 0 0 75 72
f0_131 f1h_26 f1h_50 -0.09 0.09 1.42 0 0 0 77 75
f0_131 f1h_50 f2_257 -0.34 0.34 0.74 0 0 0 75 73
f0_131 f1h_77 f2_61 0.05 -0.05 -0.33 0 0 0 72 72
f0_131 f1h_487 f2_61 -0.35 0.35 0.35 0 0 0 75 72
f0_131 f1w_432 f2_257 -0.04 0.04 0.49 0 0 0 77 73
f0_132 f0_82 f0_192 0.14 -0.14 -0.36 0 0 1 68 72
f0_132 f0_82 f0_749 0.16 -0.16 0.71 0 0 0 68 69
f0_132 f0_192 f2_495 -0.26 0.26 -0.47 0 0 1 72 71
f0_132 f0_436 f2_495 0.11 -0.11 -0.39 0 0 1 70 71
f0_132 f0_603 f0_749 0.13 -0.13 0.88 0 0 0 74 69
f0_132 f0_603 f2_92 -0.02 0.02 -0.42 0 0 1 74 73
f0_132 f0_749 f1w_406 -0.05 0.05 0.91 0 0 0 69 68
f0_132 f0_749 f2_61 -0.33 0.33 0.76 0 0 0 69 68
f0_132 f0_896 f1h_455 0.41 -0.41 0.55 0 0 0 69 73
f0_132 f1h_258 f1w_281 -0.15 0.15 -0.13 0 0 1 70 72
f0_132 f1w_55 f2_495 -0.18 0.18 -0.43 0 0 1 71 71
f0_132 f1w_68 f1w_366 0.13 -0.13 0.34 0 0 0 73 72
f0_132 f1w_68 f2_495 -0.26 0.26 0.18 0 0 0 73 71
f0_132 f1w_281 f2_949 0.02 -0.02 0.04 0 0 1 72 73
f0_132 f1w_469 f2_949 -0.06 0.06 -0.46 0 0 1 72 73
f0_132 f2_61 f2_317 -0.05 0.05 -0.46 0 0 1 68 73
f0_132 f2_409 f2_903 0.01 -0.01 -0.41 0 0 1 71 71
f0_133 f0_24 f0_530 -0.21 0.21 0.48 0 0 0 69 72
f0_133 f0_24 f1h_159 0.39 -0.39 0.67 0 0 0 69 76
f0_133 f0_24 f2_832 -0.15 0.15 0.57 0 0 0 69 70
f0_133 f0_71 f1h_409 -0.04 0.04 1.13 0 0 0 72 72
f0_133 f0_71 f2_364 0.09 -0.09 0.61 0 0 0 72 72
f0_133 f0_223 f1h_159 0.44 -0.44 0.81 0 0 0 72 76
f0_133 f0_823 f2_913 0.16 -0.16 -0.07 0 0 0 73 71
f0_133 f0_828 f1h_266 0.06 -0.06 1.32 0 0 0 72 75
f0_133 f1h_42 f2_903 0.18 -0.18 0.77 0 0 0 73 73
f0_133 f1h_159 f2_913 -0.22 0.22 0.45 0 0 0 76 71
f0_133 f1h_266 f2_364 -0.11 0.11 0.81 0 0 0 75 72
f0_133 f1w_91 f2_913 0.14 -0.14 0.18 0 0 0 73 71
f0_133 f2_723 f2_913 -0.03 0.03 1.17 0 0 0 73 71
f0_133 f2_832 f2_913 0.29 -0.29 0.26 0 0 0 70 71
f0_133 f2_855 f2_913 0.36 -0.36 0.85 0 0 0 75 71
f0_134 f0_192 f1h_232 0.26 -0.26 0.56 0 0 0 72 73
f0_134 f1h_77 f1h_481 0.48 -0.48 0.9 0 0 0 68 71
f0_134 f1h_232 f2_261 -0.33 0.33 1.12 0 0 0 73 72
f0_134 f1h_481 f1w_404 0.16 -0.16 0.25 0 0 0 71 72
f0_134 f1h_481 f2_498 -0.59 0.59 1.2 0 0 0 71 71
f0_135 f0_55 f0_852 -0.01 0.01 0.09 0 0 0 70 69
f0_135 f0_55 f1h_205 -0.3 0.3 1.09 0 0 0 70 67
f0_135 f1h_18 f1h_391 0.21 -0.21 0.83 0 0 0 69 71
f0_135 f1h_205 f1h_317 0.29 -0.29 0.01 0 0 0 67 69
f0_136 f0_326 f0_713 0.08 -0.08 0.6 0 0 0 76 74
f0_136 f0_536 f1h_405 1.48 -1.48 0.51 0 0 0 73 74
f0_136 f0_713 f1h_405 0.56 -0.56 0.81 0 0 0 74 74
f0_136 f1h_405 f2_305 -1.1 1.1 0.61 0 0 0 74 76
f0_136 f1h_405 f2_685 -0.33 0.33 1.13 0 0 0 74 73
f0_137 f0_604 f1h_118 -0.28 0.28 0.84 0 0 0 76 69
f0_137 f1h_165 f2_951 0.2 -0.2 0.66 0 0 0 73 74
f0_137 f1h_208 f2_951 -0.07 0.07 -0.05 0 0 1 75 74
f0_137 f2_852 f2_951 0.19 -0.19 0.86 0 0 0 72 74
f0_138 f0_62 f2_340 -0.29 0.29 0.81 0 0 0 76 73
f0_138 f0_628 f0_664 -0.85 0.85 0.48 0 0 0 74 72
f0_138 f0_628 f0_692 -0.47 0.47 0.9 0 0 0 74 72
f0_138 f0_628 f0_844 -0.03 0.03 0.72 0 0 0 74 72
f0_138 f0_628 f1h_123 -0.09 0.09 0.4 0 0 0 74 72
f0_138 f0_628 f1h_140 -0.4 0.4 0.93 0 0 0 74 71
f0_138 f0_628 f1h_253 0.25 -0.25 0.51 0 0 0 74 77
f0_138 f0_628 f1h_372 -0.53 0.53 0.67 0 0 0 74 72
f0_138 f0_628 f1h_418 -0.64 0.64 0.29 0 0 0 74 74
