id parent1 parent2 LLRparent1 LLRparent2 LLRpair OHparent1 OHparent2 MEpair SNPd.id.parent1 SNPd.id.parent2
f1h_2 f0_94 f0_185 2.09 -2.09 13.95 0 0 0 732 727
f1h_4 f0_138 f0_190 0.16 -0.16 17.13 0 0 0 726 733
f1h_5 f0_87 f0_196 2.13 -2.13 14.62 0 0 0 721 727
f1h_6 f0_7 f0_188 -4.54 4.54 15.36 0 0 0 729 730
f1h_35 f0_24 f0_115 -2.58 2.58 14.01 0 0 0 735 736
f1h_48 f0_154 f0_171 -3.38 3.38 13.09 0 0 0 716 732
f1h_52 f0_44 f0_170 1.41 -1.41 15.63 0 0 0 733 731
f1h_53 f0_98 f0_143 0.89 -0.89 15.73 0 0 0 741 738
f1h_60 f0_98 f0_118 -1.38 1.38 16.72 0 0 0 740 718
f1h_62 f0_65 f0_114 -1.71 1.71 15.78 0 0 0 723 723
f1h_69 f0_136 f0_175 -0.23 0.23 15.11 0 0 0 708 717
f1h_74 f0_49 f0_149 -3.39 3.39 14.73 0 0 0 729 731
f1h_77 f0_89 f0_138 -0.91 0.91 15.79 0 0 0 720 724
f1h_79 f0_37 f0_65 -2.68 2.68 16.1 0 0 0 727 732
f1h_84 f0_41 f0_141 -4.27 4.27 12.29 0 0 0 708 715
f1h_85 f0_81 f0_97 -0.16 0.16 15.14 0 0 0 717 710
f1h_90 f0_101 f0_170 2.26 -2.26 15.85 0 0 0 707 725
f1h_96 f0_127 f0_182 -0.09 0.09 17.22 0 0 0 729 722
f1h_97 f0_80 f0_82 4.2 -4.2 14.24 0 0 0 725 730
f1h_99 f0_11 f0_200 -3.93 3.93 13.85 0 0 0 705 712
f1h_100 f0_91 f0_144 0.5 -0.5 17.05 0 0 0 717 718
f1h_102 f0_57 f0_74 0.91 -0.91 14.61 0 0 0 727 724
f1h_105 f0_17 f0_161 -0.98 0.98 15.32 0 0 0 723 710
f1h_112 f0_14 f0_163 -1.81 1.81 13.67 0 0 0 714 718
f1h_113 f0_40 f0_198 0.47 -0.47 16.34 0 0 0 720 710
f1h_114 f0_29 f0_150 0.37 -0.37 16.4 0 0 0 713 727
f1h_137 f0_56 f0_162 -1.39 1.39 15.3 0 0 0 712 723
f1h_138 f0_76 f0_117 -1.52 1.52 16.33 0 0 0 739 735
f1h_142 f0_17 f0_140 -2.33 2.33 15.42 0 0 0 729 730
f1h_143 f0_116 f0_199 1.74 -1.74 14.91 0 0 0 709 721
f1h_148 f0_9 f0_33 0.12 -0.12 15.3 0 0 0 716 713
f1h_149 f0_38 f0_114 -0.89 0.89 14.95 0 0 0 717 713
f1h_153 f0_142 f0_145 -3.13 3.13 14.45 0 0 0 718 727
f1h_167 f0_64 f0_76 3.61 -3.61 12.71 0 0 0 728 738
f1h_171 f0_31 f0_194 -2.28 2.28 15.45 0 0 0 719 714
f1h_177 f0_11 f0_32 -2.57 2.57 15.89 0 0 0 711 723
f1h_186 f0_2 f0_188 -2.36 2.36 13.44 0 0 0 737 726
f1h_188 f0_46 f0_142 -0.8 0.8 16.63 0 0 0 733 724
f1h_189 f0_131 f0_184 0.25 -0.25 14.84 0 0 0 730 726
f1h_197 f0_33 f0_65 -2.22 2.22 15 0 0 0 730 729
f1h_198 f0_42 f0_68 -1.31 1.31 15.45 0 0 0 708 718
f1h_202 f0_12 f0_194 2.77 -2.77 15.09 0 0 0 719 712
f1h_203 f0_27 f0_97 -2.12 2.12 15.61 0 0 0 718 710
f1h_212 f0_173 f0_198 1.75 -1.75 15.03 0 0 0 719 721
f1h_222 f0_20 f0_87 0.87 -0.87 16.6 0 0 0 731 730
f1h_230 f0_27 f0_183 -2.09 2.09 15.77 0 0 0 727 726
f1h_231 f0_21 f0_101 -0.36 0.36 15.85 0 0 0 737 721
f1h_232 f0_84 f0_189 2.11 -2.11 16.06 0 0 0 725 712
f1h_235 f0_112 f0_164 2.14 -2.14 16.53 0 0 0 725 730
f1h_238 f0_94 f0_200 -0.59 0.59 14 0 0 0 737 721
f1h_244 f0_29 f0_177 -3.41 3.41 14.33 0 0 0 711 717
f1h_245 f0_43 f0_195 -1.07 1.07 16.33 0 0 0 711 723
f1h_253 f0_48 f0_173 3.54 -3.54 14.43 0 0 0 734 722
f1h_258 f0_154 f0_156 -1.33 1.33 16.27 0 0 0 713 716
f1h_260 f0_70 f0_93 1.78 -1.78 15.14 0 0 0 713 718
f1h_265 f0_12 f0_119 1.02 -1.02 15.64 0 0 0 724 725
f1h_266 f0_107 f0_151 -1.59 1.59 15.94 0 0 0 716 723
f1h_270 f0_20 f0_68 1.84 -1.84 14.15 0 0 0 711 709
f1h_272 f0_19 f0_175 -1.81 1.81 14.97 0 0 0 720 735
f1h_275 f0_46 f0_162 2.67 -2.67 12.36 0 0 0 720 716
f1h_279 f0_31 f0_90 -2.47 2.47 15.61 0 0 0 720 723
f1h_282 f0_10 f0_30 2.43 -2.43 14.62 0 0 0 716 732
f1h_303 f0_46 f0_186 0.89 -0.89 14.1 0 0 0 727 722
f1h_306 f0_67 f0_146 0.55 -0.55 16.14 0 0 0 734 708
f1h_316 f0_138 f0_183 -0.08 0.08 14.47 0 0 0 731 725
f1h_321 f0_23 f0_84 -1.6 1.6 16.71 0 0 0 733 742
f1h_322 f0_155 f0_183 0.11 -0.11 16.46 0 0 0 729 722
f1h_325 f0_40 f0_75 -3.48 3.48 16.49 0 0 0 733 717
f1h_333 f0_30 f0_136 0.63 -0.63 16.48 0 0 0 738 726
f1h_343 f0_131 f0_182 3.37 -3.37 14.96 0 0 0 725 725
f1h_346 f0_94 f0_124 -0.25 0.25 13.44 0 0 0 732 726
f1h_361 f0_137 f0_194 -4.19 4.19 13.54 0 0 0 717 718
f1h_365 f0_117 f0_187 -2.95 2.95 14.69 0 0 0 727 717
f1h_366 f0_9 f0_155 2.77 -2.77 13.8 0 0 0 714 722
f1h_369 f0_102 f0_159 3 -3 14.03 0 0 0 728 714
f1h_373 f0_67 f0_92 0.91 -0.91 14.93 0 0 0 736 721
f1h_376 f0_174 f0_200 0.91 -0.91 15 0 0 0 720 720
f1h_378 f0_149 f0_173 0.59 -0.59 14.03 0 0 0 724 720
f1h_384 f0_112 f0_168 -2.49 2.49 17.11 0 0 0 723 717
f1h_395 f0_154 f0_162 3.11 -3.11 15.38 0 0 0 703 719
f1h_400 f0_20 f0_37 1.2 -1.2 16.4 0 0 0 727 725
f1h_402 f0_61 f0_119 2.76 -2.76 15.14 0 0 0 717 726
f1h_403 f0_45 f0_74 0.69 -0.69 15.85 0 0 0 733 726
f1h_404 f0_45 f0_135 1.33 -1.33 15.6 0 0 0 723 729
f1h_416 f0_179 f0_186 -2.42 2.42 16.11 0 0 0 714 726
f1h_424 f0_93 f0_159 -1.91 1.91 15.53 0 0 0 715 708
f1h_425 f0_32 f0_51 0.72 -0.72 13.13 0 0 0 728 725
f1h_427 f0_1 f0_184 2.06 -2.06 15.67 0 0 0 709 720
f1h_433 f0_155 f0_196 -0.36 0.36 17.19 0 0 0 740 741
f1h_462 f0_50 f0_56 -1.5 1.5 13.96 0 0 0 721 709
f1h_467 f0_3 f0_160 0.56 -0.56 16.87 0 0 0 718 721
f1h_472 f0_41 f0_54 -2.41 2.41 15.89 0 0 0 711 714
f1h_478 f0_45 f0_177 1.94 -1.94 15.43 0 0 0 719 721
f1h_483 f0_19 f0_105 -1.65 1.65 14.73 0 0 0 722 729
f1h_484 f0_98 f0_142 1.71 -1.71 15.98 0 0 0 734 718
f1h_495 f0_40 f0_176 0.74 -0.74 14.14 0 0 0 744 731
f1h_496 f0_71 f0_87 -2.78 2.78 15.2 0 0 0 721 724
f1h_497 f0_90 f0_103 1.76 -1.76 15.08 0 0 0 719 730
f1w_159 f0_356 f0_581 -1.15 1.15 16.16 0 0 0 729 723
f1w_291 f0_553 f0_709 2.07 -2.07 14.9 0 0 0 733 729
f1w_362 f0_439 f0_873 3.14 -3.14 15.08 0 0 0 732 722
f1w_437 f0_565 f0_861 0.86 -0.86 16.13 0 0 0 732 726
f2_6 f1h_5 f1h_74 0.77 -0.77 16.24 0 0 0 723 733
f2_39 f1h_177 f1w_437 3.2 -3.2 13.55 0 0 0 721 717
f2_105 f1h_186 f1w_279 1.47 -1.47 14.19 0 0 0 735 742
f2_126 f1h_74 f1h_100 -0.01 0.01 16.13 0 0 0 732 728
f2_192 f1h_6 f1h_424 -3 3 12.46 0 0 0 733 719
f2_239 f1h_74 f1h_402 0.26 -0.26 15.65 0 0 0 731 724
f2_259 f1w_38 f1w_76 -2.53 2.53 15.01 0 0 0 722 728
f2_300 f1h_4 f1h_346 1.02 -1.02 13.88 0 0 0 728 727
f2_479 f1h_404 f1w_497 -1.66 1.66 14.73 0 0 0 727 733
f2_491 f1h_189 f1w_209 -0.73 0.73 14.83 0 0 0 726 726
f2_953 f1w_159 f1w_279 -1.6 1.6 18.21 0 0 0 730 735
f2_970 f1h_142 f1w_181 -0.22 0.22 15.37 0 0 0 734 726
