id parent1 parent2 LLRparent1 LLRparent2 LLRpair OHparent1 OHparent2 MEpair SNPd.id.parent1 SNPd.id.parent2
f0_4 f0_213 f0_715 -0.45 0.45 0.68 0 0 0 78 77
f0_4 f0_213 f1h_369 -0.14 0.14 0.4 0 0 0 78 77
f0_4 f0_213 f1w_493 -0.43 0.43 0.56 0 0 0 78 78
f0_4 f0_213 f2_326 -0.04 0.04 0.83 0 0 0 78 78
f0_4 f1h_137 f1h_161 0.12 -0.12 0.69 0 0 0 78 76
f0_4 f1h_387 f1w_184 -0.05 0.05 1.23 0 0 0 77 78
f0_4 f2_408 f2_873 0.44 -0.44 0.83 0 0 0 76 77
f0_5 f0_989 f1h_69 1.26 -1.26 0.85 0 0 0 77 78
f0_5 f1h_69 f1h_216 -0.2 0.2 0.44 0 0 0 78 77
f0_6 f0_77 f0_172 -0.14 0.14 0.88 0 0 0 77 78
f0_6 f0_77 f2_744 -0.05 0.05 0.68 0 0 0 77 79
f0_6 f0_77 f2_980 -0.15 0.15 0.64 0 0 0 77 78
f0_6 f0_84 f1h_361 0 0 0.73 0 0 0 78 78
f0_6 f0_147 f2_839 0.02 -0.02 0.96 0 0 0 79 79
f0_6 f0_172 f1h_361 -0.15 0.15 0.67 0 0 0 78 78
f0_6 f0_829 f2_25 0.35 -0.35 0.94 0 0 0 78 78
f0_6 f0_829 f2_839 0.18 -0.18 0.74 0 0 0 78 79
f0_6 f1h_258 f2_839 -0.28 0.28 1.07 0 0 0 79 79
f0_6 f1h_361 f1h_459 0.8 -0.8 0.38 0 0 0 78 78
f0_6 f1h_361 f2_25 0.27 -0.27 0.79 0 0 0 78 78
f0_6 f1h_361 f2_493 0.32 -0.32 0.78 0 0 0 78 78
f0_6 f1h_361 f2_500 0.06 -0.06 0.57 0 0 0 78 77
f0_6 f1h_361 f2_744 0 0 0.49 0 0 0 78 79
f0_6 f1h_361 f2_839 0.15 -0.15 0.56 0 0 0 78 79
f0_6 f1h_361 f2_980 -0.06 0.06 0.66 0 0 0 78 78
f0_6 f2_744 f2_839 0.16 -0.16 0.51 0 0 0 79 79
f0_6 f2_839 f2_980 -0.14 0.14 0.49 0 0 0 79 78
f0_10 f0_86 f0_628 -0.01 0.01 0.73 0 0 0 75 78
f0_10 f0_86 f1h_43 0.69 -0.69 0.96 0 0 0 75 76
f0_10 f0_86 f2_781 0.02 -0.02 0.99 0 0 0 75 78
f0_10 f0_337 f1h_14 -0.27 0.27 0.93 0 0 0 78 78
f0_10 f1h_43 f1h_205 -0.06 0.06 0.97 0 0 0 76 78
f0_10 f1h_43 f1w_30 -0.54 0.54 0.94 0 0 0 76 77
f0_10 f1h_205 f1h_272 -0.27 0.27 1.07 0 0 0 78 75
f0_11 f0_204 f1h_13 0.12 -0.12 0.84 0 0 0 77 78
f0_11 f0_204 f1h_264 0.66 -0.66 0.36 0 0 0 77 78
f0_11 f0_204 f2_910 0.62 -0.62 0.61 0 0 0 77 78
f0_11 f1h_107 f2_557 0.11 -0.11 1.2 0 0 0 77 78
f0_11 f1h_120 f1h_264 0.52 -0.52 0.91 0 0 0 78 78
f0_11 f1h_120 f2_910 0.22 -0.22 0.98 0 0 0 78 78
f0_13 f2_14 f2_356 0.55 -0.55 0.91 0 0 0 75 75
f0_15 f0_13 f1h_196 -0.01 0.01 0.9 0 0 0 76 74
f0_15 f1h_62 f2_734 0.46 -0.46 0.71 0 0 0 77 77
f0_18 f0_370 f0_985 0.3 -0.3 1.45 0 0 0 74 76
f0_21 f0_68 f2_415 -0.38 0.38 1.17 0 0 0 78 79
f0_23 f0_56 f0_859 -0.08 0.08 1.1 0 0 0 77 77
f0_23 f0_56 f2_873 -0.31 0.31 0.74 0 0 0 77 76
f0_23 f0_578 f0_930 0.23 -0.23 0.6 0 0 0 77 77
f0_23 f0_630 f0_930 0.05 -0.05 0.65 0 0 0 74 77
f0_23 f0_645 f0_930 0.36 -0.36 0.59 0 0 0 77 77
f0_23 f0_930 f1h_424 -0.34 0.34 0.43 0 0 0 77 76
f0_23 f0_930 f1w_449 -0.07 0.07 0.59 0 0 0 77 76
f0_23 f0_930 f2_200 0.02 -0.02 0.47 0 0 0 77 77
f0_23 f0_930 f2_700 0.2 -0.2 0.56 0 0 0 77 76
f0_23 f0_930 f2_873 0.12 -0.12 0.38 0 0 0 77 76
f0_23 f1w_449 f2_873 0.1 -0.1 0.36 0 0 0 76 76
f0_25 f1h_163 f2_21 -0.28 0.28 0.93 0 0 0 79 79
f0_25 f1h_163 f2_941 -0.08 0.08 1.18 0 0 0 79 79
f0_25 f1h_494 f2_21 0.15 -0.15 1.01 0 0 0 77 79
f0_26 f0_19 f1w_222 0.09 -0.09 1.21 0 0 0 76 77
f0_26 f0_74 f1w_222 0.36 -0.36 0.33 0 0 0 76 77
f0_26 f1h_103 f1h_137 -0.67 0.67 0.47 0 0 0 75 77
f0_26 f1h_103 f1w_30 -0.13 0.13 0.82 0 0 0 75 76
f0_26 f1h_103 f1w_222 0.19 -0.19 0.97 0 0 0 75 77
f0_26 f1h_127 f1w_30 -0.25 0.25 0.92 0 0 0 77 76
f0_26 f1w_222 f2_405 0.09 -0.09 0.72 0 0 0 77 76
f0_27 f0_8 f1w_100 -0.27 0.27 1.22 0 0 0 78 78
f0_27 f0_614 f2_574 -0.13 0.13 1.11 0 0 0 76 77
f0_27 f0_614 f2_945 0.24 -0.24 0.91 0 0 0 76 78
f0_27 f0_876 f2_945 0.12 -0.12 0.88 0 0 0 77 78
f0_29 f0_740 f0_960 -0.08 0.08 1.12 0 0 0 75 73
f0_29 f0_960 f1h_404 0.46 -0.46 1.22 0 0 0 73 73
f0_29 f0_960 f2_627 -0.14 0.14 0.92 0 0 0 73 74
f0_29 f1h_192 f1h_404 0.99 -0.99 0.77 0 0 0 75 73
f0_31 f1h_205 f2_73 -1.45 1.45 -0.19 0 0 1 77 76
f0_37 f0_126 f1h_12 0.6 -0.6 0.96 0 0 0 78 79
f0_38 f0_4 f0_960 0.5 -0.5 0.46 0 0 0 77 76
f0_38 f0_50 f0_960 0.39 -0.39 1.09 0 0 0 78 76
f0_38 f0_930 f2_787 0.26 -0.26 0.3 0 0 0 78 78
f0_38 f0_960 f1h_442 -0.55 0.55 0.51 0 0 0 76 77
f0_38 f0_960 f2_99 -0.02 0.02 0.54 0 0 0 76 78
f0_38 f0_960 f2_554 -0.62 0.62 0.73 0 0 0 76 76
f0_38 f1h_161 f1h_442 -0.11 0.11 0.52 0 0 0 76 77
f0_41 f0_120 f0_955 -0.35 0.35 1.2 0 0 0 78 77
f0_43 f0_230 f1h_405 -0.51 0.51 0.94 0 0 0 77 77
f0_44 f0_768 f1h_438 0.59 -0.59 1.38 0 0 0 77 79
f0_44 f1h_14 f1h_438 0.7 -0.7 0.66 0 0 0 79 79
f0_44 f1h_173 f1h_438 0.94 -0.94 0.82 0 0 0 78 79
f0_44 f1h_438 f1w_102 -0.95 0.95 0.83 0 0 0 79 78
f0_44 f1h_438 f2_226 -0.64 0.64 1.11 0 0 0 79 78
f0_44 f1h_438 f2_547 -0.14 0.14 0.84 0 0 0 79 79
f0_45 f0_68 f1h_335 0.23 -0.23 0.9 0 0 0 78 77
f0_45 f0_68 f2_558 0.17 -0.17 0.71 0 0 0 78 79
f0_45 f0_76 f0_470 0.11 -0.11 0.41 0 0 0 77 78
f0_45 f0_76 f2_127 -0.03 0.03 0.51 0 0 0 77 76
f0_45 f0_76 f2_242 0.41 -0.41 0.8 0 0 0 77 79
f0_45 f0_94 f2_728 0.32 -0.32 0.73 0 0 0 79 78
f0_45 f0_104 f0_535 0.03 -0.03 0.64 0 0 0 78 78
f0_45 f0_104 f0_987 -0.76 0.76 0.75 0 0 0 78 79
f0_45 f0_104 f1h_108 -0.4 0.4 0.81 0 0 0 78 79
f0_45 f0_104 f2_14 -0.01 0.01 0.51 0 0 0 78 77
f0_45 f0_197 f2_242 0.42 -0.42 0.83 0 0 0 78 79
f0_45 f0_470 f1h_108 -0.13 0.13 0.65 0 0 0 78 79
f0_45 f0_470 f2_14 0 0 0.93 0 0 0 78 77
f0_45 f0_535 f2_324 0.02 -0.02 0.99 0 0 0 78 77
f0_45 f0_614 f1h_193 0.2 -0.2 0.74 0 0 0 77 78
f0_45 f0_769 f1h_407 0.36 -0.36 0.99 0 0 0 78 79
f0_45 f0_987 f2_678 0.14 -0.14 0.48 0 0 0 79 79
f0_45 f0_988 f2_127 -0.23 0.23 0.67 0 0 0 79 76
f0_45 f0_988 f2_242 0.22 -0.22 1.04 0 0 0 79 79
f0_45 f0_988 f2_558 -0.07 0.07 0.86 0 0 0 79 79
f0_45 f1h_16 f1h_108 0.38 -0.38 0.42 0 0 0 79 79
f0_45 f1h_108 f1h_128 0.26 -0.26 0.82 0 0 0 79 78
f0_45 f1h_108 f1w_159 -0.15 0.15 0.72 0 0 0 79 78
f0_45 f1h_108 f2_127 -0.16 0.16 0.44 0 0 0 79 76
f0_45 f1h_108 f2_242 0.25 -0.25 0.88 0 0 0 79 79
f0_45 f1h_108 f2_324 -0.14 0.14 0.95 0 0 0 79 77
f0_45 f1h_108 f2_558 0.17 -0.17 0.31 0 0 0 79 79
f0_45 f1h_193 f1h_339 -0.01 0.01 0.7 0 0 0 78 79
f0_45 f1h_193 f2_242 0.12 -0.12 0.99 0 0 0 78 79
f0_45 f1h_335 f1h_404 -0.12 0.12 1.07 0 0 0 77 77
f0_45 f1h_367 f1h_407 0.62 -0.62 0.58 0 0 0 79 79
f0_45 f1h_404 f2_14 -0.06 0.06 0.99 0 0 0 77 77
f0_45 f1h_407 f2_127 -0.11 0.11 0.58 0 0 0 79 76
f0_45 f1h_407 f2_242 -0.21 0.21 0.93 0 0 0 79 79
f0_45 f1h_407 f2_256 -1.27 1.27 0.59 0 0 0 79 78
f0_45 f1w_159 f2_14 0.05 -0.05 0.73 0 0 0 78 77
f0_45 f2_14 f2_242 0.31 -0.31 0.6 0 0 0 77 79
f0_45 f2_14 f2_324 -0.12 0.12 0.71 0 0 0 77 77
f0_45 f2_14 f2_558 0.1 -0.1 0.41 0 0 0 77 79
f0_45 f2_14 f2_728 0.12 -0.12 0.56 0 0 0 77 78
f0_45 f2_92 f2_558 0.31 -0.31 0.78 0 0 0 78 79
f0_45 f2_127 f2_817 -0.16 0.16 0.48 0 0 0 76 79
f0_45 f2_242 f2_791 -0.36 0.36 0.68 0 0 0 79 78
f0_45 f2_242 f2_817 -0.58 0.58 0.88 0 0 0 79 79
f0_45 f2_558 f2_791 -0.18 0.18 0.88 0 0 0 79 78
f0_46 f0_930 f2_491 0.52 -0.52 1.01 0 0 0 78 77
f0_46 f2_456 f2_737 -0.4 0.4 0.65 0 0 0 78 76
f0_49 f1h_198 f1w_255 -0.17 0.17 1.13 0 0 0 79 77
f0_50 f0_10 f1h_173 0.4 -0.4 0.79 0 0 0 78 78
f0_50 f0_10 f1h_289 0.51 -0.51 0.55 0 0 0 78 79
f0_50 f0_22 f1h_184 -0.02 0.02 0.37 0 0 0 78 79
f0_50 f0_119 f1h_289 -0.08 0.08 1.07 0 0 0 79 79
f0_50 f0_230 f1h_173 0.64 -0.64 0.5 0 0 0 79 78
f0_50 f0_230 f1h_184 -0.38 0.38 -0.18 0 0 0 79 79
f0_50 f0_246 f1h_184 -0.39 0.39 0.5 0 0 0 78 79
f0_50 f0_246 f1h_289 0.44 -0.44 0.5 0 0 0 78 79
f0_50 f0_687 f1h_289 0.34 -0.34 0.52 0 0 0 79 79
f0_50 f0_829 f1h_173 0.52 -0.52 0.69 0 0 0 78 78
f0_50 f0_829 f1h_459 0.35 -0.35 1.09 0 0 0 78 78
f0_50 f0_953 f1h_289 -0.3 0.3 0.75 0 0 0 77 79
f0_50 f0_955 f1h_173 0.57 -0.57 0.52 0 0 0 77 78
f0_50 f0_955 f1h_184 -0.21 0.21 0.22 0 0 0 77 79
f0_50 f0_955 f2_554 -0.09 0.09 0.93 0 0 0 77 77
f0_50 f1h_104 f1h_289 0.31 -0.31 0.81 0 0 0 76 79
f0_50 f1h_173 f1h_272 -0.02 0.02 1.02 0 0 0 78 76
f0_50 f1h_184 f1h_459 0.81 -0.81 0.36 0 0 0 79 78
f0_50 f1h_184 f2_399 0.2 -0.2 0.45 0 0 0 79 78
f0_50 f1h_272 f1h_289 -0.05 0.05 0.75 0 0 0 76 79
f0_50 f1h_272 f1h_459 0.1 -0.1 1.14 0 0 0 76 78
f0_50 f1h_289 f1h_459 0.05 -0.05 1.13 0 0 0 79 78
f0_50 f1h_289 f2_114 -0.48 0.48 0.6 0 0 0 79 79
f0_50 f1h_289 f2_547 -0.17 0.17 0.6 0 0 0 79 79
f0_50 f1h_289 f2_554 0.06 -0.06 0.66 0 0 0 79 77
f0_50 f1h_369 f1h_459 0.44 -0.44 0.79 0 0 0 78 78
f0_50 f2_547 f2_744 -0.32 0.32 0.49 0 0 0 79 79
f0_54 f0_587 f0_966 0.74 -0.74 0.62 0 0 0 79 78
f0_54 f0_966 f2_118 -0.9 0.9 0.73 0 0 0 78 78
f0_54 f0_966 f2_138 -0.65 0.65 0.76 0 0 0 78 75
f0_56 f0_20 f1h_305 0.9 -0.9 0.68 0 0 0 76 79
f0_56 f0_23 f1h_305 -0.06 0.06 0.99 0 0 0 77 79
f0_56 f0_23 f1w_62 -0.18 0.18 0.53 0 0 0 77 79
f0_56 f0_102 f1h_305 -0.1 0.1 0.69 0 0 0 79 79
f0_56 f0_493 f1h_305 0.33 -0.33 0.37 0 0 0 78 79
f0_56 f0_493 f1w_62 0.27 -0.27 0.38 0 0 0 78 79
f0_56 f0_493 f2_14 0.97 -0.97 0.23 0 0 0 78 77
f0_56 f0_552 f2_14 0.27 -0.27 0.68 0 0 0 75 77
f0_56 f0_841 f0_930 -0.43 0.43 0.24 0 0 0 78 79
f0_56 f0_841 f1h_123 -0.18 0.18 0.96 0 0 0 78 79
f0_56 f0_841 f1h_305 0.69 -0.69 0.66 0 0 0 78 79
f0_56 f0_930 f1w_62 0.28 -0.28 0.49 0 0 0 79 79
f0_56 f0_930 f2_14 0.59 -0.78 0.59 0 0 0 79 77
f0_56 f1h_305 f1h_425 -0.73 0.73 0.44 0 0 0 79 79
f0_56 f1h_305 f1w_35 -0.68 0.68 0.91 0 0 0 79 76
f0_56 f1h_305 f1w_425 -0.48 0.48 0.79 0 0 0 79 78
f0_56 f1h_305 f2_14 0.25 -0.42 0.56 0 0 0 79 77
f0_56 f1h_425 f1w_40 0.68 -0.68 0.54 0 0 0 79 76
f0_56 f1h_425 f1w_201 0.31 -0.31 0.34 0 0 0 79 79
f0_56 f1h_425 f2_14 0.8 -0.8 0.31 0 0 0 79 77
f0_56 f1h_481 f1w_62 -0.32 0.32 0.94 0 0 0 78 79
f0_56 f1h_481 f2_14 0.16 -0.16 1.2 0 0 0 78 77
f0_56 f1w_62 f1w_67 0.39 -0.39 0.78 0 0 0 79 78
f0_56 f1w_62 f1w_201 -0.18 0.18 0.16 0 0 0 79 79
f0_56 f1w_67 f2_14 0.26 -0.26 0.65 0 0 0 78 77
f0_56 f1w_201 f2_14 0.54 -0.54 0.47 0 0 0 79 77
f0_56 f1w_238 f2_14 0.49 -0.49 0.23 0 0 0 77 77
f0_56 f2_14 f2_52 -0.68 0.68 0.04 0 0 0 77 79
f0_56 f2_14 f2_61 -0.29 0.29 0.97 0 0 0 77 78
f0_60 f1h_3 f1h_393 1.29 -1.29 0.77 0 0 0 79 78
f0_60 f1h_21 f1h_393 0.46 -0.46 1.38 0 0 0 79 78
f0_61 f0_213 f0_748 0.54 -0.54 0.6 0 0 0 79 79
f0_61 f0_748 f1h_272 0.66 -0.66 0.45 0 0 0 79 76
f0_61 f0_748 f1w_433 0.03 -0.03 0.8 0 0 0 79 77
f0_61 f0_748 f2_20 -0.08 0.08 0.79 0 0 0 79 79
f0_61 f1h_82 f1h_108 -0.48 0.48 1.12 0 0 0 77 79
f0_61 f1h_82 f1h_173 -0.47 0.47 0.8 0 0 0 77 78
f0_61 f1h_82 f1h_184 -0.06 0.06 0.74 0 0 0 77 79
f0_61 f1h_82 f2_20 -0.47 0.47 0.63 0 0 0 77 79
f0_61 f1h_108 f1h_345 0.34 -0.34 0.7 0 0 0 79 78
f0_61 f1h_108 f2_986 0.5 -0.5 0.52 0 0 0 79 79
f0_61 f1h_173 f2_986 0.61 -0.61 0.56 0 0 0 78 79
f0_61 f1h_184 f2_55 -0.32 0.32 0.91 0 0 0 79 78
f0_61 f1h_184 f2_259 0.19 -0.19 0.74 0 0 0 79 79
f0_61 f1h_184 f2_267 -0.13 0.13 0.81 0 0 0 79 79
f0_61 f1h_184 f2_340 -0.68 0.68 0.21 0 0 0 79 79
f0_61 f1h_243 f2_267 -0.22 0.22 1.14 0 0 0 79 79
f0_61 f1h_243 f2_340 -0.86 0.86 0.43 0 0 0 79 79
f0_61 f1h_272 f1h_345 -0.15 0.15 0.9 0 0 0 76 78
f0_61 f1h_289 f1h_345 0.14 -0.14 0.61 0 0 0 79 78
f0_61 f1h_289 f1w_310 -0.56 0.56 0.57 0 0 0 79 78
f0_61 f1h_289 f2_986 0.33 -0.33 0.6 0 0 0 79 79
f0_61 f1h_345 f2_267 0.02 -0.02 1.11 0 0 0 78 79
f0_61 f1h_345 f2_642 0.17 -0.17 0.71 0 0 0 78 77
f0_61 f1w_86 f1w_310 0.01 -0.01 0.59 0 0 0 78 78
f0_61 f1w_86 f2_986 0.86 -0.86 0.53 0 0 0 78 79
f0_61 f1w_310 f2_269 -0.05 0.05 0.97 0 0 0 78 79
f0_61 f2_20 f2_986 0.59 -0.59 0.77 0 0 0 79 79
f0_62 f0_583 f1h_138 0.86 -0.86 0.02 0 0 1 78 76
f0_62 f0_583 f1h_491 0.67 -0.67 -0.03 0 0 1 78 77
f0_62 f1h_120 f1w_276 -0.2 0.2 -0.11 0 0 1 78 77
f0_62 f1h_138 f1h_395 -0.54 0.54 -0.12 0 0 1 76 76
f0_62 f1h_138 f1w_276 -0.41 0.41 -0.03 0 0 1 76 77
f0_62 f1h_491 f1w_276 -0.4 0.4 -0.2 0 0 1 77 77
f0_62 f1h_494 f1w_276 0.2 -0.2 0.17 0 0 1 76 77
f0_67 f1h_9 f1w_23 -0.9 0.9 0.89 0 0 0 77 76
f0_68 f0_21 f1w_478 -0.19 0.19 0.78 0 0 0 78 78
f0_68 f0_206 f2_404 0.14 -0.14 1.06 0 0 0 78 78
f0_68 f0_614 f1w_287 -0.03 0.03 0.86 0 0 0 76 78
f0_68 f0_614 f2_789 0.19 -0.19 1.06 0 0 0 76 77
f0_68 f1h_147 f1h_164 0.19 -0.19 1.05 0 0 0 78 76
f0_68 f1h_164 f2_299 0.03 -0.03 0.97 0 0 0 76 78
f0_68 f1h_164 f2_903 -0.12 0.12 1.17 0 0 0 76 77
f0_68 f1h_336 f1w_478 0.12 -0.12 0.56 0 0 0 78 78
f0_68 f1h_445 f1w_478 -0.02 0.02 0.67 0 0 0 77 78
f0_68 f1w_478 f2_242 -0.13 0.13 0.94 0 0 0 78 78
f0_68 f2_299 f2_639 -0.39 0.39 0.99 0 0 0 78 76
f0_69 f1h_357 f2_133 -0.87 0.87 1.18 0 0 0 78 76
f0_76 f0_781 f1h_193 0.75 -0.75 1.11 0 0 0 76 77
f0_76 f1h_193 f2_81 -0.6 0.6 1.31 0 0 0 77 74
f0_77 f0_154 f0_174 -0.26 0.26 0.43 0 0 0 75 75
f0_77 f0_154 f0_987 -0.42 0.42 0.58 0 0 0 75 77
f0_77 f0_154 f2_618 -0.4 0.4 0.16 0 0 0 75 76
f0_77 f0_174 f0_715 -0.05 0.05 0.46 0 0 0 75 76
f0_77 f0_174 f1h_150 0.13 -0.13 0.61 0 0 0 75 76
f0_77 f0_174 f2_817 -0.14 0.14 0.88 0 0 0 75 77
f0_77 f0_288 f0_628 -0.25 0.25 -0.18 0 0 0 76 77
f0_77 f0_288 f2_500 -0.14 0.14 0.74 0 0 0 76 75
f0_77 f0_288 f2_618 -0.3 0.3 0.38 0 0 0 76 76
f0_77 f0_715 f1h_299 -0.18 0.18 0.09 0 0 0 76 76
f0_77 f0_809 f2_618 -0.03 0.03 0.54 0 0 0 77 76
f0_77 f0_816 f2_618 -0.05 0.05 0.06 0 0 0 77 76
f0_77 f1h_150 f1w_3 -0.04 0.04 0.88 0 0 0 76 73
f0_77 f1h_299 f2_618 -0.17 0.17 0.21 0 0 0 76 76
f0_77 f2_136 f2_949 0.35 -0.35 0.92 0 0 0 77 76
f0_78 f0_34 f0_173 0.03 -0.03 0.68 0 0 0 79 79
f0_78 f0_34 f1h_361 0.47 -0.47 0.53 0 0 0 79 78
f0_78 f0_173 f1h_223 -0.15 0.15 0.98 0 0 0 79 78
f0_78 f1h_361 f1w_39 0 0 0.95 0 0 0 78 79
f0_79 f1h_128 f1h_360 -0.68 0.68 0.93 0 0 0 76 75
f0_79 f1h_360 f1h_391 0.29 -0.29 0.99 0 0 0 75 77
f0_82 f0_228 f1h_383 0.24 -0.24 1.25 0 0 0 75 75
f0_82 f1h_13 f2_465 -0.13 0.13 1.02 0 0 0 76 76
f0_85 f0_781 f2_919 0.05 -0.05 1 0 0 0 78 79
f0_85 f1h_43 f2_242 -0.61 0.61 1.02 0 0 0 77 79
f0_85 f1h_43 f2_919 -1.11 1.11 0.38 0 0 0 77 79
f0_85 f1h_289 f1h_439 -0.13 0.13 1.11 0 0 0 79 77
f0_85 f1h_439 f2_1 0.29 -0.29 1.45 0 0 0 77 76
f0_85 f1h_439 f2_986 -0.06 0.06 0.94 0 0 0 77 79
f0_86 f2_127 f2_644 0.63 -0.63 0.82 0 0 0 73 75
f0_89 f1h_62 f1h_280 1.13 -1.13 0.99 0 0 0 78 78
f0_90 f0_831 f1h_14 0.83 -0.83 0.93 0 0 0 79 79
f0_90 f0_831 f2_925 0.36 -0.36 -0.32 0 0 1 79 78
f0_90 f1h_9 f1h_14 0.61 -0.61 1.14 0 0 0 78 79
f0_90 f1h_9 f1h_279 0.34 -0.34 1.4 0 0 0 78 77
f0_90 f1h_14 f1h_279 -0.24 0.24 1.36 0 0 0 79 77
f0_90 f1h_14 f1h_310 -0.73 0.73 1.35 0 0 0 79 79
f0_90 f1h_14 f2_256 -0.61 0.61 1.17 0 0 0 79 78
f0_90 f1h_14 f2_485 -1.4 1.4 1 0 0 0 79 79
f0_90 f1h_14 f2_643 -0.74 -0.21 1.84 0 0 0 79 78
f0_90 f1h_14 f2_910 -1.61 1.55 0.59 0 0 0 79 79
f0_90 f1h_48 f1h_212 0.29 -0.29 -0.13 0 0 1 77 79
f0_90 f1h_212 f2_256 -0.21 0.21 -0.34 0 0 1 79 78
f0_90 f1h_212 f2_643 -0.13 -0.48 -0.21 0 0 1 79 78
f0_90 f1h_212 f2_925 0.16 -0.16 0.05 0 0 1 79 78
f0_90 f1h_257 f2_256 -0.21 0.21 -0.47 0 0 1 79 78
f0_90 f1h_257 f2_485 -0.33 0.33 -0.08 0 0 1 79 79
f0_90 f1h_257 f2_643 0.03 -0.03 -0.19 0 0 1 79 78
f0_90 f1h_264 f2_925 0.41 -0.41 0.36 0 0 1 79 78
f0_90 f1h_279 f2_643 -0.44 0.44 1.52 0 0 0 77 78
f0_90 f1h_279 f2_925 -0.26 0.26 1.45 0 0 0 77 78
f0_90 f1h_310 f2_925 -0.06 0.06 1.64 0 0 0 79 78
f0_90 f2_485 f2_831 0.95 -0.95 1.4 0 0 0 79 79
f0_90 f2_643 f2_831 0.59 -0.59 1.18 0 0 0 78 79
f0_91 f1w_76 f2_381 -0.39 0.39 0.9 0 0 0 78 76
f0_91 f1w_76 f2_941 0.11 -0.11 -0.44 0 0 1 78 78
f0_91 f1w_353 f2_381 -0.27 0.27 1.05 0 0 0 78 76
f0_96 f0_10 f0_15 0.24 -0.24 0.67 0 0 0 76 76
f0_96 f0_10 f0_109 -0.21 0.21 0.71 0 0 0 76 77
f0_96 f0_10 f0_645 0.11 -0.11 0.72 0 0 0 76 77
f0_96 f0_10 f0_808 0.09 -0.09 0.9 0 0 0 76 77
f0_96 f0_10 f1h_412 -0.26 0.26 0.36 0 0 0 76 75
f0_96 f0_10 f1h_428 -0.28 0.28 0.48 0 0 0 76 77
f0_96 f0_10 f2_127 -0.11 0.11 0.4 0 0 0 76 74
f0_96 f0_10 f2_242 -0.06 0.06 0.75 0 0 0 76 77
f0_96 f0_15 f0_213 -0.12 0.12 0.45 0 0 0 76 77
f0_96 f0_15 f0_831 -0.43 0.43 0.38 0 0 0 76 77
f0_96 f0_15 f1h_137 -0.2 0.2 0.48 0 0 0 76 77
f0_96 f0_15 f1h_272 0.29 -0.29 0.69 0 0 0 76 74
f0_96 f0_15 f1w_30 0.22 -0.22 0.72 0 0 0 76 76
f0_96 f0_15 f2_127 0.01 -0.01 0.63 0 0 0 76 74
f0_96 f0_15 f2_136 -0.39 0.39 0.26 0 0 0 76 76
f0_96 f0_15 f2_217 -0.2 0.2 1 0 0 0 76 77
f0_96 f0_15 f2_439 0.09 -0.09 0.26 0 0 0 76 77
f0_96 f0_15 f2_454 -0.46 0.46 0.59 0 0 0 76 77
f0_96 f0_15 f2_547 -0.3 0.3 0.48 0 0 0 76 77
f0_96 f0_43 f0_109 -0.29 0.29 0.57 0 0 0 75 77
f0_96 f0_43 f0_145 0.15 -0.15 0.87 0 0 0 75 76
f0_96 f0_43 f2_491 0.2 -0.2 0.47 0 0 0 75 76
f0_96 f0_50 f0_109 -0.31 0.31 0.89 0 0 0 77 77
f0_96 f0_50 f0_213 -0.35 0.35 0.37 0 0 0 77 77
f0_96 f0_50 f2_127 0.21 -0.21 0.81 0 0 0 77 74
f0_96 f0_90 f0_808 0.15 -0.15 0.81 0 0 0 77 77
f0_96 f0_90 f1h_412 0.21 -0.21 0.58 0 0 0 77 75
f0_96 f0_90 f2_127 0.32 -0.32 0.44 0 0 0 77 74
f0_96 f0_90 f2_242 0.02 -0.02 0.59 0 0 0 77 77
f0_96 f0_90 f2_491 0.16 -0.16 0.76 0 0 0 77 76
f0_96 f0_109 f0_955 -0.04 0.04 0.4 0 0 0 77 75
f0_96 f0_109 f1h_272 0.9 -0.9 0.27 0 0 0 77 74
f0_96 f0_109 f2_399 0.14 -0.14 0.61 0 0 0 77 76
f0_96 f0_109 f2_547 0.1 -0.1 0.21 0 0 0 77 77
f0_96 f0_119 f0_213 0.03 -0.03 0.79 0 0 0 77 77
f0_96 f0_119 f1h_137 -0.03 0.03 0.84 0 0 0 77 77
f0_96 f0_119 f1w_30 0.53 -0.53 0.86 0 0 0 77 76
f0_96 f0_119 f2_127 0.18 -0.18 0.78 0 0 0 77 74
f0_96 f0_123 f1h_137 0.28 -0.28 0.18 0 0 0 77 77
f0_96 f0_123 f1h_265 0.01 -0.01 0.4 0 0 0 77 77
f0_96 f0_123 f1h_272 0.61 -0.61 0.22 0 0 0 77 74
f0_96 f0_123 f1h_412 0.2 -0.2 0.23 0 0 0 77 75
f0_96 f0_123 f1w_30 0.85 -0.85 0.29 0 0 0 77 76
f0_96 f0_123 f2_444 0.25 -0.25 0.33 0 0 0 77 76
f0_96 f0_123 f2_491 0.29 -0.29 0.42 0 0 0 77 76
f0_96 f0_145 f1h_272 0.41 -0.41 0.77 0 0 0 76 74
f0_96 f0_145 f2_306 -0.5 0.5 0.41 0 0 0 76 77
f0_96 f0_145 f2_399 -0.26 0.26 0.79 0 0 0 76 76
f0_96 f0_145 f2_547 -0.36 0.36 0.56 0 0 0 76 77
f0_96 f0_145 f2_643 -0.29 0.29 0.51 0 0 0 76 76
f0_96 f0_213 f0_247 -0.31 0.31 0.3 0 0 0 77 76
f0_96 f0_213 f0_474 -0.37 0.37 0.17 0 0 0 77 77
f0_96 f0_213 f0_645 0.01 -0.01 0.37 0 0 0 77 77
f0_96 f0_213 f0_798 -0.23 0.23 0.71 0 0 0 77 76
f0_96 f0_213 f0_879 -0.05 0.05 0.53 0 0 0 77 77
f0_96 f0_213 f1h_265 -0.32 0.32 0.17 0 0 0 77 77
f0_96 f0_213 f1h_359 0.15 -0.15 0.47 0 0 0 77 77
f0_96 f0_213 f1h_394 -0.06 0.06 0.39 0 0 0 77 77
f0_96 f0_213 f1h_412 0.01 -0.01 0.34 0 0 0 77 75
f0_96 f0_213 f1w_84 0.19 -0.19 0.27 0 0 0 77 77
f0_96 f0_213 f2_127 0.1 -0.1 0.26 0 0 0 77 74
f0_96 f0_213 f2_242 0.32 -0.32 0.13 0 0 0 77 77
f0_96 f0_213 f2_317 0.19 -0.19 0.57 0 0 0 77 77
f0_96 f0_213 f2_384 -0.29 0.29 0.43 0 0 0 77 77
f0_96 f0_213 f2_444 -0.18 0.18 0.03 0 0 0 77 76
f0_96 f0_213 f2_454 0.36 -0.36 -0.26 0 0 0 77 77
f0_96 f0_213 f2_491 0.15 -0.15 0.1 0 0 0 77 76
f0_96 f0_213 f2_547 -0.13 0.13 0.35 0 0 0 77 77
f0_96 f0_213 f2_643 -0.24 0.24 0.3 0 0 0 77 76
f0_96 f0_247 f1h_272 0.9 -0.9 0.3 0 0 0 76 74
f0_96 f0_247 f1w_30 0.38 -0.38 0.28 0 0 0 76 76
f0_96 f0_247 f2_136 0.07 -0.07 0.36 0 0 0 76 76
f0_96 f0_247 f2_444 0.17 -0.17 0.43 0 0 0 76 76
f0_96 f0_474 f2_136 0.07 -0.07 0.51 0 0 0 77 76
f0_96 f0_474 f2_547 0.17 -0.17 0.4 0 0 0 77 77
f0_96 f0_594 f0_955 -0.31 0.31 0.32 0 0 0 75 75
f0_96 f0_594 f1h_272 0.59 -0.59 0.67 0 0 0 75 74
f0_96 f0_594 f2_127 0.2 -0.2 0.45 0 0 0 75 74
f0_96 f0_594 f2_439 -0.12 0.12 0.79 0 0 0 75 77
f0_96 f0_594 f2_444 -0.15 0.15 0.46 0 0 0 75 76
f0_96 f0_594 f2_454 -0.03 0.03 0.24 0 0 0 75 77
f0_96 f0_645 f0_831 0.1 -0.1 0.02 0 0 0 77 77
f0_96 f0_645 f0_879 -0.01 0.01 0.62 0 0 0 77 77
f0_96 f0_645 f0_955 -0.36 0.36 0.33 0 0 0 77 75
f0_96 f0_645 f1h_137 -0.08 0.08 0.66 0 0 0 77 77
f0_96 f0_645 f1h_412 0.03 -0.03 0.52 0 0 0 77 75
f0_96 f0_645 f1w_30 0.25 -0.25 0.96 0 0 0 77 76
f0_96 f0_645 f2_306 -0.14 0.14 0.24 0 0 0 77 77
f0_96 f0_645 f2_317 0.09 -0.09 0.57 0 0 0 77 77
f0_96 f0_645 f2_399 -0.26 0.26 0.52 0 0 0 77 76
f0_96 f0_645 f2_491 -0.03 0.03 0.55 0 0 0 77 76
f0_96 f0_645 f2_547 -0.15 0.15 0.3 0 0 0 77 77
f0_96 f0_645 f2_643 -0.21 0.21 0.25 0 0 0 77 76
f0_96 f0_798 f0_831 -0.14 0.14 0.89 0 0 0 76 77
f0_96 f0_798 f1h_137 0 0 0.96 0 0 0 76 77
f0_96 f0_798 f1w_30 0.59 -0.59 0.58 0 0 0 76 76
f0_96 f0_798 f2_136 -0.15 0.15 0.77 0 0 0 76 76
f0_96 f0_808 f0_955 -0.34 0.34 0.5 0 0 0 77 75
f0_96 f0_808 f1h_264 -0.04 0.04 0.92 0 0 0 77 77
f0_96 f0_808 f1h_272 0.6 -0.6 0.8 0 0 0 77 74
f0_96 f0_808 f1w_30 0.5 -0.5 0.59 0 0 0 77 76
f0_96 f0_808 f2_547 -0.62 0.62 -0.43 0 0 0 77 77
f0_96 f0_831 f0_879 0.19 -0.19 0.66 0 0 0 77 77
f0_96 f0_831 f1h_412 0.29 -0.29 0.28 0 0 0 77 75
f0_96 f0_831 f2_127 0.32 -0.32 0.19 0 0 0 77 74
f0_96 f0_831 f2_317 0.32 -0.32 0.7 0 0 0 77 77
f0_96 f0_831 f2_384 -0.16 0.16 0.48 0 0 0 77 77
f0_96 f0_831 f2_491 0.19 -0.19 0.24 0 0 0 77 76
f0_96 f0_851 f2_127 0.51 -0.51 0.32 0 0 0 76 74
f0_96 f0_851 f2_547 -0.02 0.02 0.38 0 0 0 76 77
f0_96 f0_879 f2_136 -0.16 0.16 0.43 0 0 0 77 76
f0_96 f0_879 f2_306 -0.38 0.38 0.47 0 0 0 77 77
f0_96 f0_955 f1h_265 0.03 -0.03 0.45 0 0 0 75 77
f0_96 f0_955 f1h_412 -0.15 0.15 -0.03 0 0 0 75 75
f0_96 f0_955 f1h_428 -0.03 0.03 0.21 0 0 0 75 77
f0_96 f0_955 f2_317 0.37 -0.37 0.46 0 0 0 75 77
f0_96 f0_955 f2_547 -0.22 0.22 -0.11 0 0 0 75 77
f0_96 f0_955 f2_643 -0.12 0.12 0.26 0 0 0 75 76
f0_96 f1h_137 f1h_265 -0.24 0.24 0.16 0 0 0 77 77
f0_96 f1h_137 f1h_394 -0.02 0.02 0.8 0 0 0 77 77
f0_96 f1h_137 f1h_428 -0.27 0.27 0.2 0 0 0 77 77
f0_96 f1h_137 f1w_285 -0.26 0.26 0.34 0 0 0 77 75
f0_96 f1h_137 f2_127 0.16 -0.16 0.2 0 0 0 77 74
f0_96 f1h_137 f2_242 -0.11 0.11 0.4 0 0 0 77 77
f0_96 f1h_137 f2_317 0.16 -0.16 0.52 0 0 0 77 77
f0_96 f1h_137 f2_384 -0.25 0.25 0.42 0 0 0 77 77
f0_96 f1h_137 f2_547 -0.41 0.41 -0.01 0 0 0 77 77
f0_96 f1h_137 f2_643 -0.17 0.17 0.28 0 0 0 77 76
f0_96 f1h_264 f1h_412 0.21 -0.21 0.59 0 0 0 77 75
f0_96 f1h_264 f2_127 0.27 -0.27 0.49 0 0 0 77 74
f0_96 f1h_264 f2_491 0.04 -0.04 1 0 0 0 77 76
f0_96 f1h_265 f1h_272 0.91 -0.91 0.18 0 0 0 77 74
f0_96 f1h_265 f1w_30 0.84 -0.84 0.12 0 0 0 77 76
f0_96 f1h_265 f2_127 0.46 -0.46 0.17 0 0 0 77 74
f0_96 f1h_265 f2_357 0.19 -0.19 0.51 0 0 0 77 77
f0_96 f1h_265 f2_439 0.24 -0.24 0.45 0 0 0 77 77
f0_96 f1h_265 f2_454 0.07 -0.07 0.61 0 0 0 77 77
f0_96 f1h_272 f1h_412 -0.61 0.61 0.5 0 0 0 74 75
f0_96 f1h_272 f1h_444 -0.69 0.69 0.86 0 0 0 74 77
f0_96 f1h_272 f1w_84 -0.11 0.11 0.83 0 0 0 74 77
f0_96 f1h_272 f1w_115 -0.48 0.48 0.36 0 0 0 74 77
f0_96 f1h_272 f1w_285 -0.38 0.38 0.51 0 0 0 74 75
f0_96 f1h_272 f2_127 -0.53 0.53 0.07 0 0 0 74 74
f0_96 f1h_272 f2_217 -0.35 0.35 0.61 0 0 0 74 77
f0_96 f1h_272 f2_242 -0.21 0.21 0.44 0 0 0 74 77
f0_96 f1h_272 f2_357 -0.71 0.71 0.48 0 0 0 74 77
f0_96 f1h_272 f2_436 -0.33 0.33 0.65 0 0 0 74 75
f0_96 f1h_272 f2_491 -0.16 0.16 0.35 0 0 0 74 76
f0_96 f1h_272 f2_547 -0.86 0.86 0.12 0 0 0 74 77
f0_96 f1h_272 f2_643 -0.8 0.57 0.3 0 0 0 74 76
f0_96 f1h_359 f2_127 0.17 -0.17 0.64 0 0 0 77 74
f0_96 f1h_359 f2_136 -0.34 0.34 0.49 0 0 0 77 76
f0_96 f1h_359 f2_547 -0.07 0.07 0.6 0 0 0 77 77
f0_96 f1h_394 f1w_30 0.77 -0.77 0.5 0 0 0 77 76
f0_96 f1h_394 f2_444 -0.03 0.03 0.79 0 0 0 77 76
f0_96 f1h_412 f1w_30 0.58 -0.58 0.38 0 0 0 75 76
f0_96 f1h_412 f2_136 -0.29 0.29 0.27 0 0 0 75 76
f0_96 f1h_412 f2_217 -0.24 0.24 0.47 0 0 0 75 77
f0_96 f1h_412 f2_384 -0.18 0.18 0.33 0 0 0 75 77
f0_96 f1h_412 f2_436 0 0 0.51 0 0 0 75 75
f0_96 f1h_412 f2_444 -0.13 0.13 0.46 0 0 0 75 76
f0_96 f1h_412 f2_547 -0.2 0.2 0.49 0 0 0 75 77
f0_96 f1h_428 f2_306 0 0 0.07 0 0 0 77 77
f0_96 f1h_428 f2_399 0.15 -0.15 0.29 0 0 0 77 76
f0_96 f1h_428 f2_547 0.21 -0.21 0.23 0 0 0 77 77
f0_96 f1h_428 f2_643 0.14 -0.14 0.32 0 0 0 77 76
f0_96 f1h_444 f2_127 0.24 -0.24 0.63 0 0 0 77 74
f0_96 f1w_30 f1w_285 -0.56 0.56 0.32 0 0 0 76 75
f0_96 f1w_30 f2_127 -0.47 0.47 0.45 0 0 0 76 74
f0_96 f1w_30 f2_242 -0.71 0.63 0.24 0 0 0 76 77
f0_96 f1w_30 f2_357 0.12 -0.12 0.08 0 0 0 76 77
f0_96 f1w_30 f2_384 -0.81 0.81 0.52 0 0 0 76 77
f0_96 f1w_30 f2_454 -0.48 0.48 0.16 0 0 0 76 77
f0_96 f1w_30 f2_547 -0.66 0.66 0.17 0 0 0 76 77
f0_96 f1w_30 f2_643 -0.44 0.44 0.29 0 0 0 76 76
f0_96 f1w_84 f2_127 0.06 -0.06 0.71 0 0 0 77 74
f0_96 f1w_84 f2_136 -0.05 0.05 0.46 0 0 0 77 76
f0_96 f1w_84 f2_306 -0.3 0.3 0.72 0 0 0 77 77
f0_96 f1w_115 f2_127 0.39 -0.39 0.48 0 0 0 77 74
f0_96 f1w_285 f2_127 0.47 -0.47 0.24 0 0 0 75 74
f0_96 f1w_285 f2_439 0.23 -0.23 0.52 0 0 0 75 77
f0_96 f1w_285 f2_444 0.12 -0.12 0.4 0 0 0 75 76
f0_96 f1w_285 f2_491 0.29 -0.29 0.69 0 0 0 75 76
f0_96 f1w_489 f2_217 0.42 -0.42 0.52 0 0 0 77 77
f0_96 f1w_489 f2_444 0.19 -0.19 0.22 0 0 0 77 76
f0_96 f2_127 f2_217 -0.33 0.33 0.48 0 0 0 74 77
f0_96 f2_127 f2_399 -0.38 0.38 0.35 0 0 0 74 76
f0_96 f2_127 f2_436 -0.26 0.26 0.45 0 0 0 74 75
f0_96 f2_127 f2_444 -0.14 0.14 0.22 0 0 0 74 76
f0_96 f2_127 f2_547 -0.32 0.27 0.55 0 0 0 74 77
f0_96 f2_127 f2_643 -0.39 0.39 0.37 0 0 0 74 76
f0_96 f2_136 f2_242 0.05 -0.05 0.31 0 0 0 76 77
f0_96 f2_136 f2_317 0.33 -0.33 0.58 0 0 0 76 77
f0_96 f2_136 f2_491 0.15 -0.15 0.04 0 0 0 76 76
f0_96 f2_242 f2_444 0.04 -0.04 0.43 0 0 0 77 76
f0_96 f2_242 f2_547 -0.26 0.26 0.24 0 0 0 77 77
f0_96 f2_306 f2_436 0.19 -0.19 0.5 0 0 0 77 75
f0_96 f2_306 f2_444 0.18 -0.18 0.14 0 0 0 77 76
f0_96 f2_306 f2_547 0.19 -0.19 0.07 0 0 0 77 77
f0_96 f2_357 f2_444 0.04 -0.04 0.51 0 0 0 77 76
f0_96 f2_399 f2_444 -0.03 0.03 0.18 0 0 0 76 76
f0_96 f2_436 f2_491 0.2 -0.2 0.12 0 0 0 75 76
f0_96 f2_439 f2_547 -0.13 0.13 0.24 0 0 0 77 77
f0_96 f2_439 f2_643 -0.16 0.16 0.57 0 0 0 77 76
f0_96 f2_444 f2_454 -0.21 0.21 0.34 0 0 0 76 77
f0_96 f2_444 f2_547 -0.03 0.03 0.24 0 0 0 76 77
f0_96 f2_444 f2_643 -0.03 0.03 0.41 0 0 0 76 76
f0_96 f2_491 f2_547 -0.48 0.48 0.17 0 0 0 76 77
f0_96 f2_491 f2_643 -0.35 0.35 0.38 0 0 0 76 76
f0_100 f1h_54 f1h_198 -0.84 0.84 1.09 0 0 0 79 79
f0_100 f1h_54 f1h_407 -0.84 0.06 2.51 0 0 0 79 79
f0_100 f1h_198 f1h_407 -0.35 0.09 0.43 0 0 1 79 79
f0_101 f1h_4 f1h_424 0.44 -0.44 0.48 0 0 0 79 78
f0_101 f1h_424 f2_308 -0.48 0.48 1.07 0 0 0 78 79
f0_102 f2_176 f2_200 -0.17 0.17 1.11 0 0 0 79 79
f0_104 f0_45 f1h_86 -0.16 0.16 1.22 0 0 0 78 78
f0_104 f0_45 f1h_395 -0.61 0.61 0.82 0 0 0 78 76
f0_104 f0_68 f1h_86 0.33 -0.33 0.9 0 0 0 77 78
f0_104 f0_68 f1h_404 0.59 -0.59 0.74 0 0 0 77 76
f0_104 f0_175 f1h_16 0.72 -0.72 1.01 0 0 0 77 78
f0_104 f1h_86 f1w_437 -0.45 0.45 0.59 0 0 0 78 76
f0_104 f1h_86 f2_127 -0.42 0.42 0.65 0 0 0 78 75
f0_104 f1h_305 f1h_404 0.52 -0.52 0.73 0 0 0 78 76
f0_104 f1h_404 f2_678 -0.27 0.27 0.97 0 0 0 76 78
f0_104 f1h_404 f2_925 -0.39 0.39 1.26 0 0 0 76 77
f0_105 f0_993 f1h_299 0.44 -0.44 0.54 0 0 0 74 76
f0_105 f0_993 f2_554 0.3 -0.3 0.99 0 0 0 74 75
f0_114 f2_778 f2_919 0.04 -0.04 -0.3 0 0 1 76 78
f0_115 f1h_436 f2_424 -0.05 0.05 1.84 0 0 0 76 75
f0_115 f2_424 f2_721 -0.62 0.62 0.99 0 0 0 75 75
f0_116 f0_213 f1h_97 0.7 -0.7 0.66 0 0 0 79 77
f0_116 f1h_97 f1h_150 -0.28 0.28 1.06 0 0 0 77 78
f0_116 f1h_97 f1w_489 -0.66 0.66 0.84 0 0 0 77 79
f0_116 f1h_97 f2_360 -0.45 0.45 1 0 0 0 77 77
f0_116 f1h_97 f2_761 -0.12 0.12 1.3 0 0 0 77 77
f0_117 f1h_188 f2_381 -0.54 0.54 1.56 0 0 0 78 76
f0_119 f0_50 f1h_123 -0.25 0.25 1.02 0 0 0 79 79
f0_119 f0_56 f0_637 0.14 -0.14 0.71 0 0 0 79 78
f0_119 f0_64 f0_524 -0.16 0.16 0.66 0 0 0 79 77
f0_119 f0_64 f1w_482 0.51 -0.51 0.76 0 0 0 79 78
f0_119 f0_575 f0_768 -0.06 0.06 0.91 0 0 0 78 77
f0_119 f0_575 f1h_123 -0.26 0.26 0.61 0 0 0 78 79
f0_119 f0_575 f1h_305 -0.82 0.82 0.2 0 0 0 78 79
f0_119 f0_575 f1w_482 0.21 -0.21 0.91 0 0 0 78 78
f0_119 f0_575 f2_937 -0.14 0.14 0.69 0 0 0 78 78
f0_119 f0_768 f2_246 -0.5 0.5 0.93 0 0 0 77 78
f0_119 f0_768 f2_461 -0.44 0.44 0.82 0 0 0 77 78
f0_119 f0_953 f1h_123 -0.21 0.21 0.62 0 0 0 77 79
f0_119 f1h_123 f1w_39 -0.37 0.37 0.53 0 0 0 79 79
f0_119 f1h_305 f1w_61 0.1 -0.1 0.71 0 0 0 79 79
f0_119 f2_143 f2_186 -0.17 0.17 1.23 0 0 0 78 78
f0_124 f1h_333 f1w_399 -1.34 1.34 0.75 0 0 0 77 78
f0_124 f1h_333 f2_889 -0.39 0.39 1.27 0 0 0 77 78
f0_125 f0_313 f0_355 -0.04 0.04 0.52 0 0 0 78 77
f0_125 f0_355 f1h_350 0.39 -0.39 0.99 0 0 0 77 78
f0_125 f0_355 f1h_489 0.58 -0.58 0.58 0 0 0 77 77
f0_125 f0_441 f1h_350 0.87 -0.87 0.42 0 0 0 78 78
f0_127 f0_61 f2_444 -0.28 0.28 1.01 0 0 0 78 77
f0_127 f1h_82 f2_444 -0.08 0.08 1.44 0 0 0 76 77
f0_127 f1h_289 f1h_356 -0.02 0.02 1.23 0 0 0 78 76
f0_127 f1h_289 f2_127 -0.42 0.42 1 0 0 0 78 75
f0_128 f0_120 f1h_257 -0.03 0.03 2.18 0 0 0 78 79
f0_130 f0_596 f2_127 -0.24 0.24 0.79 0 0 0 74 74
f0_131 f1h_26 f2_547 -0.22 0.22 1.23 0 0 0 78 79
f0_131 f1h_50 f2_618 -0.63 0.63 0.59 0 0 0 77 78
f0_131 f1h_77 f2_618 -0.66 0.66 0.42 0 0 0 78 78
f0_131 f2_547 f2_618 -0.16 0.16 0.75 0 0 0 79 78
f0_132 f0_192 f2_495 -0.03 0.03 -0.23 0 0 1 76 77
f0_132 f0_436 f2_495 0.14 -0.14 -0.38 0 0 1 77 77
f0_132 f1h_258 f2_495 0.03 -0.03 -0.31 0 0 1 77 77
f0_135 f0_18 f1h_391 0.07 -0.07 0.57 0 0 0 73 76
f0_135 f1h_317 f1w_109 -0.2 0.2 1.05 0 0 0 73 74
f0_135 f1h_391 f1h_393 -0.27 0.27 0.67 0 0 0 76 75
f0_136 f1h_405 f2_685 -0.13 0.13 1.26 0 0 0 79 78
f0_137 f0_604 f1h_118 -0.21 0.21 1.23 0 0 0 76 76
f0_137 f0_636 f2_720 0.56 -0.56 0.87 0 0 0 75 75
f0_138 f0_98 f0_988 -0.07 0.07 1.31 0 0 0 78 78
f0_138 f0_189 f1h_345 0.38 -0.38 0.61 0 0 0 77 77
f0_138 f0_628 f2_377 -0.27 0.27 1.02 0 0 0 78 77
f0_138 f1h_305 f1h_345 0.76 -0.76 0.61 0 0 0 78 77
f0_138 f1h_345 f1w_276 -0.58 0.58 0.51 0 0 0 77 77
f0_138 f1h_345 f2_377 0.34 -0.34 0.22 0 0 0 77 77
f0_141 f0_861 f1w_222 0.03 -0.03 1.03 0 0 0 78 78
f0_142 f0_272 f2_873 0 0 1.18 0 0 0 79 78
f0_142 f1h_69 f2_127 -0.81 0.81 0.5 0 0 0 79 76
f0_151 f1h_329 f1h_354 -0.08 0.08 0.34 0 0 1 79 78
f0_152 f0_154 f0_312 0.69 -0.69 0.4 0 0 0 76 78
f0_152 f0_211 f2_690 0.07 -0.07 1.1 0 0 0 77 78
f0_152 f0_312 f1h_320 -0.27 0.27 0.4 0 0 0 78 76
f0_152 f0_312 f1h_356 -0.37 0.37 0.71 0 0 0 78 76
f0_152 f0_312 f2_690 -0.47 0.47 0.6 0 0 0 78 78
f0_152 f0_341 f2_2 -0.36 0.36 1.4 0 0 0 78 78
f0_152 f1h_356 f2_467 -0.62 0.62 0.76 0 0 0 76 77
f0_152 f1h_356 f2_564 -0.68 0.68 0.76 0 0 0 76 78
f0_152 f2_359 f2_703 0.75 -0.75 0.53 0 0 0 78 78
f0_153 f1h_187 f1h_235 -0.31 0.31 1.92 0 0 0 78 77
f0_153 f1h_187 f2_734 0.07 -0.07 -0.49 0 0 1 78 78
f0_154 f0_966 f1w_455 -0.61 0.61 0.45 0 0 0 77 77
f0_154 f1h_161 f2_14 -0.2 0.2 0.58 0 0 0 75 75
f0_154 f1w_455 f2_14 0.49 -0.49 0.61 0 0 0 77 75
f0_154 f2_14 f2_574 -0.55 0.55 0.83 0 0 0 75 76
f0_157 f0_6 f1h_492 0.47 -0.47 1.27 0 0 0 78 77
f0_157 f0_200 f1h_492 0.19 -0.19 1.62 0 0 0 78 77
f0_158 f1h_493 f2_359 -0.33 0.33 1.15 0 0 0 76 77
f0_162 f0_369 f1h_161 0.82 -0.82 0.48 0 0 0 78 77
f0_162 f0_765 f1h_403 0.65 -0.65 0.7 0 0 0 78 78
f0_162 f1h_161 f2_910 -0.73 0.73 0.56 0 0 0 77 79
f0_163 f1h_22 f1w_310 -0.48 0.48 0.95 0 0 0 78 78
f0_163 f1h_123 f1w_310 0.49 -0.49 0.63 0 0 0 79 78
f0_163 f1h_123 f2_986 1.49 -1.49 0.4 0 0 0 79 79
f0_163 f1h_269 f2_986 1.44 -1.44 0.34 0 0 0 79 79
f0_163 f2_92 f2_986 1.37 -1.37 0.4 0 0 0 78 79
f0_163 f2_112 f2_986 0.5 -0.5 0.97 0 0 0 79 79
f0_163 f2_461 f2_986 1.3 -1.3 0.56 0 0 0 78 79
f0_166 f0_704 f2_602 0.35 -0.35 1.05 0 0 0 77 79
f0_166 f1h_361 f2_602 0.19 -0.19 1.1 0 0 0 78 79
f0_166 f1h_403 f1h_493 -0.88 0.88 0.87 0 0 0 78 78
f0_166 f1h_403 f2_602 -0.59 0.59 0.87 0 0 0 78 79
f0_168 f0_37 f0_166 0.32 -0.32 0.54 0 0 0 78 78
f0_168 f0_166 f1h_142 1.16 -1.16 0.53 0 0 0 78 78
f0_168 f0_166 f1h_328 0.01 -0.01 1.23 0 0 0 78 77
f0_168 f0_166 f2_870 0.09 -0.09 0.76 0 0 0 78 78
f0_168 f1h_25 f2_870 0.01 -0.01 1.03 0 0 0 77 78
f0_168 f1h_142 f2_870 -1.11 1.11 0.36 0 0 0 78 78
f0_172 f0_131 f1h_489 0.38 -0.38 1.49 0 0 0 78 77
f0_172 f1w_21 f2_808 -0.12 0.12 0.81 0 0 0 76 77
f0_172 f1w_159 f2_359 -0.55 0.55 0.87 0 0 0 77 78
f0_172 f2_359 f2_808 0.08 -0.08 0.8 0 0 0 78 77
f0_175 f0_225 f1h_282 0.25 -0.25 1.44 0 0 0 78 77
f0_175 f0_225 f2_980 -0.17 0.17 1.03 0 0 0 78 77
f0_175 f0_608 f1h_282 0.56 -0.56 1.1 0 0 0 76 77
f0_182 f1h_395 f2_363 -0.16 0.16 -0.27 0 0 1 76 78
f0_183 f0_253 f2_937 -0.36 0.36 0.86 0 0 0 79 78
f0_183 f0_347 f0_938 0.07 -0.07 0.88 0 0 0 79 78
f0_183 f0_347 f1w_495 0.14 -0.14 0.51 0 0 0 79 79
f0_183 f0_347 f2_359 0.17 -0.17 0.57 0 0 0 79 79
f0_183 f0_936 f2_737 -0.12 0.12 0.99 0 0 0 79 77
f0_183 f1w_495 f2_737 -0.4 0.4 0.84 0 0 0 79 77
f0_183 f2_156 f2_415 0.39 -0.39 0.63 0 0 0 77 79
f0_187 f1h_123 f2_515 -0.99 0.99 1.18 0 0 0 77 77
f0_187 f1h_212 f1h_236 -0.01 0.01 1.36 0 0 0 77 77
f0_192 f0_41 f2_919 -0.02 0.02 0.61 0 0 0 78 78
f0_192 f0_68 f0_77 -0.02 0.02 0.78 0 0 0 77 76
f0_192 f0_68 f0_132 -0.14 0.14 0.32 0 0 0 77 76
f0_192 f0_68 f0_416 -0.32 0.32 0.57 0 0 0 77 77
f0_192 f0_68 f0_436 0.19 -0.19 0.69 0 0 0 77 78
f0_192 f0_68 f0_625 -0.22 0.22 0.59 0 0 0 77 77
f0_192 f0_68 f0_711 0.12 -0.12 0.49 0 0 0 77 78
f0_192 f0_68 f0_948 0.04 -0.04 0.85 0 0 0 77 77
f0_192 f0_68 f1w_3 -0.21 0.21 0.57 0 0 0 77 74
f0_192 f0_68 f1w_260 0.14 -0.14 0.68 0 0 0 77 77
f0_192 f0_68 f2_639 -0.16 0.16 0.26 0 0 0 77 76
f0_192 f0_77 f0_95 0.1 -0.1 0.33 0 0 0 76 78
f0_192 f0_77 f0_791 0.1 -0.1 0.37 0 0 0 76 77
f0_192 f0_77 f0_967 0.19 -0.19 0.94 0 0 0 76 78
f0_192 f0_77 f1h_142 -0.39 0.39 0.65 0 0 0 76 78
f0_192 f0_77 f1h_494 -0.08 0.08 0.91 0 0 0 76 76
f0_192 f0_77 f2_81 -0.06 0.06 0.59 0 0 0 76 75
f0_192 f0_77 f2_138 0.03 -0.03 0.26 0 0 0 76 74
f0_192 f0_95 f0_927 0.06 -0.06 0.89 0 0 0 78 78
f0_192 f0_95 f1h_37 -0.09 0.09 0.81 0 0 0 78 78
f0_192 f0_95 f1w_3 -0.15 0.15 0.16 0 0 0 78 74
f0_192 f0_95 f1w_260 0.23 -0.23 0.64 0 0 0 78 77
f0_192 f0_132 f0_738 0.47 -0.47 0.32 0 0 0 76 77
f0_192 f0_132 f0_809 -0.02 0.02 0.52 0 0 0 76 78
f0_192 f0_132 f0_945 0.29 -0.29 0.4 0 0 0 76 78
f0_192 f0_132 f0_987 -0.04 0.04 0.06 0 0 0 76 78
f0_192 f0_132 f1h_339 -0.05 0.05 0.72 0 0 0 76 78
f0_192 f0_132 f1h_494 -0.05 0.05 0.4 0 0 0 76 76
f0_192 f0_132 f1w_223 0.31 -0.31 0.22 0 0 0 76 78
f0_192 f0_132 f1w_425 0.22 -0.22 0.52 0 0 0 76 77
f0_192 f0_132 f2_518 -0.02 0.02 0.49 0 0 0 76 77
f0_192 f0_132 f2_639 0.15 -0.15 0.45 0 0 0 76 76
f0_192 f0_132 f2_824 -0.01 0.01 0.26 0 0 0 76 76
f0_192 f0_132 f2_919 0.21 -0.21 -0.07 0 0 0 76 78
f0_192 f0_203 f2_81 -0.06 0.06 0.89 0 0 0 78 75
f0_192 f0_416 f0_809 0.21 -0.21 0.89 0 0 0 77 78
f0_192 f0_416 f0_945 0.59 -0.59 0.51 0 0 0 77 78
f0_192 f0_436 f1h_494 -0.02 0.02 0.53 0 0 0 78 76
f0_192 f0_436 f2_81 -0.27 0.27 0.64 0 0 0 78 75
f0_192 f0_436 f2_639 0.04 -0.04 0.99 0 0 0 78 76
f0_192 f0_436 f2_919 -0.45 0.45 0.47 0 0 0 78 78
f0_192 f0_634 f2_92 0.28 -0.28 0.76 0 0 0 76 77
f0_192 f0_738 f2_824 -0.59 0.59 0.27 0 0 0 77 76
f0_192 f0_791 f1h_198 -0.31 0.31 0.6 0 0 0 77 78
f0_192 f0_791 f2_61 -0.34 0.34 0.96 0 0 0 77 77
f0_192 f0_791 f2_919 -0.41 0.41 0.37 0 0 0 77 78
f0_192 f0_809 f2_61 -0.02 0.02 0.77 0 0 0 78 77
f0_192 f0_809 f2_639 -0.02 0.02 0.22 0 0 0 78 76
f0_192 f0_818 f2_639 0.2 -0.2 0.61 0 0 0 77 76
f0_192 f0_927 f2_81 -0.1 0.1 0.91 0 0 0 78 75
f0_192 f0_945 f1w_260 0.12 -0.12 0.78 0 0 0 78 77
f0_192 f0_945 f2_61 0.11 -0.11 0.38 0 0 0 78 77
f0_192 f0_945 f2_118 -0.55 0.55 0.66 0 0 0 78 77
f0_192 f0_945 f2_639 0.04 -0.04 0.44 0 0 0 78 76
f0_192 f0_948 f0_987 -0.31 0.31 0.62 0 0 0 77 78
f0_192 f0_948 f1w_223 0.05 -0.05 0.94 0 0 0 77 78
f0_192 f0_948 f2_81 0.06 -0.06 0.31 0 0 0 77 75
f0_192 f0_948 f2_92 0.01 -0.01 0.89 0 0 0 77 77
f0_192 f0_948 f2_919 -0.3 0.3 0.63 0 0 0 77 78
f0_192 f0_987 f1w_425 0.03 -0.03 0.2 0 0 0 78 77
f0_192 f0_987 f2_133 -0.02 0.02 0.56 0 0 0 78 76
f0_192 f0_987 f2_252 0 0 0.59 0 0 0 78 78
f0_192 f0_987 f2_300 0.36 -0.36 0.81 0 0 0 78 78
f0_192 f0_987 f2_639 0.11 -0.11 0.15 0 0 0 78 76
f0_192 f1h_37 f1h_261 0.15 -0.15 0.97 0 0 0 78 78
f0_192 f1h_198 f1w_30 0.12 -0.12 0.86 0 0 0 78 77
f0_192 f1h_198 f2_81 0.04 -0.04 0.61 0 0 0 78 75
f0_192 f1h_198 f2_138 0.28 -0.28 0.46 0 0 0 78 74
f0_192 f1h_198 f2_639 0.06 -0.06 0.44 0 0 0 78 76
f0_192 f1h_258 f1w_425 0.24 -0.24 0.91 0 0 0 78 77
f0_192 f1h_258 f2_824 0.03 -0.03 0.83 0 0 0 78 76
f0_192 f1h_494 f2_133 -0.15 0.15 0.62 0 0 0 76 76
f0_192 f1h_494 f2_252 -0.18 0.18 0.62 0 0 0 76 78
f0_192 f1h_494 f2_824 -0.14 0.14 0.35 0 0 0 76 76
f0_192 f1w_3 f2_92 0.28 -0.28 0.55 0 0 0 74 77
f0_192 f1w_3 f2_919 -0.09 0.09 0.13 0 0 0 74 78
f0_192 f1w_30 f2_919 -0.13 0.13 0.64 0 0 0 77 78
f0_192 f1w_223 f1w_484 -0.14 0.14 1.02 0 0 0 78 76
f0_192 f1w_223 f2_118 -0.43 0.43 0.53 0 0 0 78 77
f0_192 f1w_260 f2_919 -0.34 0.34 0.51 0 0 0 77 78
f0_192 f1w_425 f2_92 0.09 -0.09 0.85 0 0 0 77 77
f0_192 f1w_495 f2_639 0.25 -0.25 0.89 0 0 0 78 76
f0_192 f1w_495 f2_919 0.02 -0.02 0.31 0 0 0 78 78
f0_192 f2_61 f2_81 0.07 -0.07 0.61 0 0 0 77 75
f0_192 f2_61 f2_138 0.2 -0.2 0.78 0 0 0 77 74
f0_192 f2_61 f2_824 0.03 -0.03 0.49 0 0 0 77 76
f0_192 f2_81 f2_133 -0.13 0.13 0.72 0 0 0 75 76
f0_192 f2_92 f2_118 -0.38 0.38 0.49 0 0 0 77 77
f0_192 f2_92 f2_252 -0.33 0.33 0.66 0 0 0 77 78
f0_192 f2_133 f2_639 0.51 -0.51 0.5 0 0 0 76 76
f0_192 f2_138 f2_919 -0.21 0.21 0.54 0 0 0 74 78
f0_192 f2_300 f2_919 -0.35 0.35 0.73 0 0 0 78 78
f0_192 f2_639 f2_880 -0.43 0.43 0.93 0 0 0 76 78
f0_192 f2_639 f2_919 0.09 -0.09 0.16 0 0 0 76 78
f0_194 f1h_249 f1h_383 -0.91 0.91 0.22 0 0 0 77 76
f0_195 f2_645 f2_791 -0.43 0.43 0.88 0 0 0 77 77
f0_198 f1h_15 f1h_193 0.98 -0.98 1.68 0 0 0 79 78
f0_200 f0_6 f0_188 -0.33 0.33 0.88 0 0 0 79 79
f0_200 f0_6 f1h_289 0.14 -0.14 0.82 0 0 0 79 79
f0_200 f0_15 f0_520 -0.25 0.25 0.84 0 0 0 78 78
f0_200 f0_101 f2_635 0.36 -0.36 0.78 0 0 0 79 78
f0_200 f0_131 f2_351 -0.34 0.34 0.58 0 0 0 79 78
f0_200 f0_135 f0_558 -0.03 0.03 0.72 0 0 0 76 78
f0_200 f0_135 f2_305 0.05 -0.05 0.7 0 0 0 76 78
f0_200 f0_135 f2_454 0.3 -0.3 0.7 0 0 0 76 79
f0_200 f0_147 f0_188 0 0 0.39 0 0 0 79 79
f0_200 f0_147 f1h_289 -0.22 0.22 0.73 0 0 0 79 79
f0_200 f0_157 f0_188 -0.56 0.56 0.71 0 0 0 78 79
f0_200 f0_157 f1h_289 -0.22 0.22 1.06 0 0 0 78 79
f0_200 f0_157 f1w_207 -0.56 0.56 0.81 0 0 0 78 77
f0_200 f0_188 f0_520 0.04 -0.04 0.6 0 0 0 79 78
f0_200 f0_188 f1h_459 0.26 -0.26 0.85 0 0 0 79 78
f0_200 f0_403 f1h_289 -0.1 0.1 0.67 0 0 0 78 79
f0_200 f0_403 f2_305 -0.44 0.44 0.32 0 0 0 78 78
f0_200 f0_520 f1h_289 0.27 -0.27 0.55 0 0 0 78 79
f0_200 f0_575 f1h_289 0.31 -0.31 0.6 0 0 0 78 79
f0_200 f0_575 f2_635 0.48 -0.48 0.62 0 0 0 78 78
f0_200 f0_767 f1h_289 0.25 -0.25 0.6 0 0 0 79 79
f0_200 f0_769 f2_554 0.5 -0.5 0.99 0 0 0 78 77
f0_200 f1h_289 f1h_459 0.07 -0.07 0.7 0 0 0 79 78
f0_200 f1h_289 f2_143 -0.27 0.27 0.83 0 0 0 79 78
f0_200 f1h_289 f2_454 0.39 -0.39 0.38 0 0 0 79 79
f0_200 f1h_289 f2_527 0.13 -0.13 0.88 0 0 0 79 77
f0_200 f1h_424 f2_454 0.29 -0.29 0.39 0 0 0 78 79
f0_200 f1h_424 f2_635 0.22 -0.22 0.79 0 0 0 78 78
f0_200 f1h_424 f2_683 -0.11 0.11 0.59 0 0 0 78 78
f0_200 f1w_217 f2_635 0.44 -0.44 0.54 0 0 0 79 78
f0_200 f2_527 f2_554 0.22 -0.22 0.92 0 0 0 77 77
f0_200 f2_554 f2_635 -0.1 0.1 0.92 0 0 0 77 78
f0_200 f2_554 f2_683 -0.45 0.45 0.87 0 0 0 77 78
f0_202 f0_82 f2_820 0.2 -0.2 -0.46 0 0 1 75 75
f0_202 f0_866 f2_986 -0.15 0.15 -0.43 0 0 1 75 77
f0_203 f0_64 f2_721 0.19 -0.19 0.68 0 0 0 79 78
f0_203 f0_111 f0_166 -0.31 0.31 0.52 0 0 0 79 79
f0_203 f0_111 f2_424 0.07 -0.07 0.6 0 0 0 79 78
f0_203 f0_111 f2_503 0.12 -0.12 0.73 0 0 0 79 79
f0_203 f0_159 f0_176 0.26 -0.26 0.6 0 0 0 76 78
f0_203 f0_159 f0_768 0.71 -0.71 0.58 0 0 0 76 77
f0_203 f0_166 f1h_96 0.05 -0.05 0.45 0 0 0 79 78
f0_203 f0_176 f1h_96 -0.29 0.29 0.68 0 0 0 78 78
f0_203 f0_192 f2_503 0.21 -0.21 1.17 0 0 0 78 79
f0_203 f0_555 f2_20 -0.07 0.07 0.87 0 0 0 78 79
f0_203 f0_740 f2_721 -0.28 0.28 0.45 0 0 0 79 78
f0_203 f0_768 f2_721 -0.09 0.09 1.15 0 0 0 77 78
f0_203 f0_866 f0_945 -0.49 0.49 0.63 0 0 0 77 79
f0_203 f0_945 f2_20 -0.26 0.26 0.74 0 0 0 79 79
f0_203 f1w_102 f2_721 0.41 -0.41 0.56 0 0 0 78 78
f0_203 f2_20 f2_424 0.43 -0.43 0.01 0 0 0 79 78
f0_203 f2_20 f2_721 0.17 -0.17 0.57 0 0 0 79 78
f0_203 f2_503 f2_721 0.09 -0.09 0.76 0 0 0 79 78
f0_204 f1w_68 f2_385 0.25 -0.25 -0.11 0 0 1 77 77
f0_204 f2_20 f2_925 0 0 -0.17 0 0 1 78 77
f0_207 f1w_368 f2_980 -0.63 0.63 0.91 0 0 0 78 77
f0_208 f0_76 f1h_299 0.12 -0.12 0.89 0 0 0 76 77
f0_208 f0_206 f0_503 -0.56 0.56 0.42 0 0 0 78 77
f0_208 f1h_4 f1h_206 0.13 -0.13 0.82 0 0 0 78 78
f0_208 f1h_4 f1h_389 -0.23 0.23 0.86 0 0 0 78 75
f0_208 f1h_4 f1w_443 -0.06 0.06 0.42 0 0 0 78 76
f0_208 f1h_299 f1w_443 -0.08 0.08 0.78 0 0 0 77 76
f0_219 f1w_287 f1w_432 -0.27 0.27 0.91 0 0 0 78 78
f0_225 f0_126 f0_934 0.35 -0.35 0.94 0 0 0 78 79
f0_225 f1w_255 f2_21 0.53 -0.53 0.5 0 0 0 77 79
f0_230 f0_441 f1h_289 0.6 -0.6 0.6 0 0 0 79 79
f0_240 f0_181 f1h_223 0.39 -0.39 0.78 0 0 0 77 78
f0_240 f0_614 f1w_23 0.6 -0.6 0.79 0 0 0 77 78
f0_240 f1h_223 f1w_23 0.05 -0.05 0.68 0 0 0 78 78
f0_240 f1h_223 f2_345 -0.19 0.19 0.9 0 0 0 78 79
f0_240 f1h_223 f2_822 -0.14 0.14 0.87 0 0 0 78 79
f0_254 f0_140 f0_814 -0.26 0.26 0.92 0 0 0 79 79
f0_254 f0_140 f2_127 -0.49 0.49 0.51 0 0 0 79 76
f0_254 f1h_340 f2_553 0.32 -0.32 0.88 0 0 0 78 78
f0_258 f0_154 f1w_276 0.48 -0.48 1.08 0 0 0 77 78
f0_258 f1w_276 f1w_298 -0.43 0.43 0.83 0 0 0 78 76
f0_264 f0_544 f1w_134 0.59 -0.59 1.24 0 0 0 78 78
f0_284 f0_930 f2_369 0.47 -0.47 0.66 0 0 0 78 78
f0_284 f2_369 f2_488 -0.18 0.18 0.92 0 0 0 78 77
f0_288 f0_77 f1h_489 0.12 -0.12 0.97 0 0 0 76 77
f0_288 f0_148 f1h_356 0.46 -0.46 0.07 0 0 0 77 76
f0_288 f0_295 f1h_489 0.38 -0.38 0.99 0 0 0 78 77
f0_288 f0_608 f1h_489 0.2 -0.2 1.07 0 0 0 76 77
f0_288 f1h_333 f1w_23 -0.17 0.17 1.15 0 0 0 77 77
f0_290 f0_563 f0_785 0.51 -0.51 0.57 0 0 0 79 78
f0_290 f0_563 f1w_459 0.51 -0.51 0.1 0 0 0 79 78
f0_290 f1w_326 f1w_459 0.49 -0.49 0.64 0 0 0 78 78
f0_303 f1h_494 f2_937 -0.37 0.37 1.21 0 0 0 77 78
f0_304 f0_945 f1w_405 0.55 -0.55 0.94 0 0 0 78 77
f0_304 f1h_484 f1w_405 1.35 -1.35 0.72 0 0 0 77 77
f0_304 f1w_100 f1w_405 1.12 -1.12 0.79 0 0 0 78 77
f0_304 f1w_405 f2_937 -0.73 0.54 0.8 0 0 0 77 77
f0_310 f0_680 f1w_264 0.27 -0.27 1.19 0 0 0 78 77
f0_312 f1h_9 f1w_397 0.54 -0.54 1.31 0 0 0 78 77
f0_325 f0_132 f1w_174 0.38 -0.38 1.02 0 0 0 77 79
f0_341 f0_68 f1w_152 0.75 -0.75 0.51 0 0 0 78 79
f0_341 f0_152 f1w_152 0.08 -0.08 0.87 0 0 0 78 79
f0_341 f0_781 f1w_152 0.44 -0.44 0.08 0 0 0 78 79
f0_350 f0_715 f0_808 0.23 -0.23 1.03 0 0 0 77 78
f0_350 f0_814 f2_594 0.31 -0.31 0.74 0 0 0 78 77
f0_350 f1h_187 f1w_68 0.4 -0.4 0.5 0 0 0 77 77
f0_350 f1h_187 f2_20 0.01 -0.01 0.38 0 0 0 77 78
f0_350 f1h_187 f2_432 0.23 -0.23 0.85 0 0 0 77 78
f0_350 f1h_336 f2_594 0.2 -0.2 0.65 0 0 0 78 77
f0_350 f1w_86 f1w_409 0.12 -0.12 0.92 0 0 0 77 77
f0_351 f0_486 f1w_171 0.86 -0.86 0.23 0 0 0 77 78
f0_372 f0_832 f2_491 -0.01 0.01 1.04 0 0 0 79 78
f0_372 f0_832 f2_788 -0.1 0.1 0.46 0 0 0 79 79
f0_374 f0_132 f1h_340 0.09 -0.09 0.41 0 0 0 77 78
f0_374 f1h_280 f2_127 0.01 -0.01 0.91 0 0 0 78 76
f0_420 f0_101 f2_435 0.39 -0.39 0.55 0 0 0 78 77
f0_420 f2_435 f2_929 -0.76 0.76 0.51 0 0 0 77 77
f0_437 f0_524 f0_781 0.51 -0.51 0.83 0 0 0 76 77
f0_437 f0_781 f1w_161 0.44 -0.44 1.25 0 0 0 77 77
f0_437 f1w_161 f1w_479 -0.21 0.21 0.98 0 0 0 77 76
f0_437 f1w_161 f2_535 -0.53 0.53 0.58 0 0 0 77 76
f0_437 f1w_479 f2_986 -0.17 0.17 0.73 0 0 0 76 78
f0_447 f0_288 f1w_326 0.52 -0.52 0.93 0 0 0 77 77
f0_448 f0_110 f2_558 0.67 -0.67 0.72 0 0 0 78 79
f0_448 f1h_233 f1w_53 0.39 -0.39 1.09 0 0 0 79 79
f0_448 f1h_233 f1w_109 -0.39 0.39 1.02 0 0 0 79 77
f0_448 f1w_39 f1w_53 -0.1 0.1 1.37 0 0 0 79 79
f0_448 f1w_39 f2_338 -0.3 0.3 0.8 0 0 0 79 79
f0_448 f1w_53 f2_558 -0.53 0.53 1.05 0 0 0 79 79
f0_453 f2_488 f2_809 -0.09 0.09 1.31 0 0 0 75 74
f0_459 f0_960 f2_664 -0.54 0.54 1.26 0 0 0 77 79
f0_470 f1h_269 f1w_39 0.77 -0.77 0.65 0 0 0 78 78
f0_481 f0_203 f0_438 -0.09 0.09 1.01 0 0 0 79 79
f0_481 f0_203 f2_244 -0.22 0.22 0.82 0 0 0 79 79
f0_481 f0_438 f0_555 0.56 -0.56 0.68 0 0 0 79 78
f0_481 f0_438 f2_244 -0.33 0.33 0 0 0 0 79 79
f0_481 f0_555 f1w_49 -0.54 0.54 0.74 0 0 0 78 78
f0_481 f0_555 f2_244 -0.45 0.45 0.19 0 0 0 78 79
f0_481 f0_860 f2_244 0.02 -0.02 0.69 0 0 0 77 79
f0_505 f0_748 f2_41 -0.15 0.15 0.97 0 0 0 77 77
f0_520 f0_105 f1w_35 -0.01 0.01 0.38 0 0 1 76 75
f0_524 f0_34 f1h_403 0.41 -0.41 0.55 0 0 0 77 76
f0_524 f1h_403 f2_945 -0.32 0.32 0.89 0 0 0 76 77
f0_535 f0_68 f2_136 0.71 -0.71 0.68 0 0 0 77 77
f0_535 f0_72 f2_136 0.49 -0.49 0.56 0 0 0 78 77
f0_535 f1h_445 f2_136 0.57 -0.57 0.76 0 0 0 77 77
f0_535 f1w_34 f2_136 0.27 -0.27 1.34 0 0 0 77 77
f0_535 f1w_419 f2_136 0.38 -0.38 1.01 0 0 0 78 77
f0_544 f0_144 f1h_289 -0.06 0.06 0.69 0 0 0 79 79
f0_544 f0_144 f1w_207 -0.25 0.25 0.58 0 0 0 79 77
f0_544 f0_144 f1w_432 0.03 -0.03 0.4 0 0 0 79 79
f0_544 f0_264 f1h_356 0.33 -0.33 0.39 0 0 0 78 77
f0_544 f0_264 f1w_437 0.03 -0.03 0.63 0 0 0 78 77
f0_544 f0_264 f2_133 -0.21 0.21 0.64 0 0 0 78 77
f0_544 f0_630 f1h_289 0.15 -0.15 0.47 0 0 0 76 79
f0_544 f0_630 f1h_356 0.3 -0.3 0.1 0 0 0 76 77
f0_544 f0_630 f1w_269 -0.01 0.01 0.71 0 0 0 76 79
f0_544 f0_630 f1w_432 0.28 -0.28 0.09 0 0 0 76 79
f0_544 f0_630 f2_133 -0.07 0.07 0.13 0 0 0 76 77
f0_544 f0_630 f2_336 -0.01 0.01 0.33 0 0 0 76 79
f0_544 f0_655 f2_256 0.03 -0.03 0.99 0 0 0 78 78
f0_544 f0_801 f1h_289 -0.26 0.26 0.76 0 0 0 79 79
f0_544 f1h_289 f1h_356 0.36 -0.36 0.5 0 0 0 79 77
f0_544 f1h_308 f1h_356 -0.13 0.13 0.39 0 0 0 78 77
f0_544 f1h_356 f1w_269 -0.46 0.46 0.16 0 0 0 77 79
f0_544 f1h_356 f1w_432 -0.4 0.4 0.18 0 0 0 77 79
f0_544 f1h_356 f1w_491 -0.54 0.54 0.34 0 0 0 77 77
f0_544 f1h_356 f2_256 0.11 -0.11 0.34 0 0 0 77 78
f0_544 f1w_340 f1w_432 -0.22 0.22 0.55 0 0 0 78 79
f0_544 f1w_432 f1w_491 -0.36 0.36 0.28 0 0 0 79 77
f0_544 f1w_432 f2_256 0.01 -0.01 0.27 0 0 0 79 78
f0_544 f1w_432 f2_283 0.33 -0.33 0.28 0 0 0 79 79
f0_544 f1w_437 f2_283 0.08 -0.08 0.43 0 0 0 77 79
f0_545 f0_40 f1h_339 0.15 -0.15 -0.14 0 0 1 79 79
f0_545 f0_374 f1w_207 1.17 -1.17 0.95 0 0 0 79 77
f0_545 f1h_339 f1w_207 0.51 -0.51 1.32 0 0 0 79 77
f0_545 f1w_207 f2_639 -0.99 0.99 0.63 0 0 0 77 77
f0_552 f0_56 f0_103 0.03 -0.03 0.72 0 0 0 75 74
f0_552 f0_56 f1w_317 0.72 -0.72 0.19 0 0 0 75 73
f0_552 f0_67 f0_630 -0.09 0.09 0.71 0 0 0 73 72
f0_552 f0_67 f0_992 -0.17 0.17 0.53 0 0 0 73 75
f0_552 f0_67 f1w_317 0.35 -0.35 0.89 0 0 0 73 73
f0_552 f0_67 f2_303 -0.41 0.41 0.47 0 0 0 73 74
f0_552 f0_103 f0_189 -0.16 0.16 0.54 0 0 0 74 74
f0_552 f0_103 f0_628 0.49 -0.49 0.32 0 0 0 74 75
f0_552 f0_103 f0_807 0.31 -0.31 0.71 0 0 0 74 75
f0_552 f0_103 f1w_353 0.07 -0.07 0.66 0 0 0 74 75
f0_552 f0_103 f2_363 0.1 -0.1 0.68 0 0 0 74 75
f0_552 f0_103 f2_781 0.38 -0.38 0.79 0 0 0 74 75
f0_552 f0_428 f0_628 0.32 -0.32 0.39 0 0 0 74 75
f0_552 f0_480 f0_630 -0.06 0.06 0.63 0 0 0 75 72
f0_552 f0_480 f1w_317 0.34 -0.34 0.83 0 0 0 75 73
f0_552 f0_628 f0_630 -0.37 0.37 0.26 0 0 0 75 72
f0_552 f0_628 f0_634 -0.53 0.53 0.6 0 0 0 75 73
f0_552 f0_628 f0_876 0.15 -0.15 0.63 0 0 0 75 74
f0_552 f0_628 f0_945 -0.35 0.35 0.42 0 0 0 75 75
f0_552 f0_628 f0_992 -0.68 0.66 0.4 0 0 0 75 75
f0_552 f0_628 f1h_103 -0.47 0.47 0.38 0 0 0 75 73
f0_552 f0_628 f1w_317 0.25 -0.25 0.29 0 0 0 75 73
f0_552 f0_628 f2_303 -0.21 0.21 0.28 0 0 0 75 74
f0_552 f0_630 f0_825 -0.45 0.45 0.8 0 0 0 72 75
f0_552 f0_630 f0_876 0.08 -0.08 0.63 0 0 0 72 74
f0_552 f0_630 f0_945 -0.24 0.24 0.46 0 0 0 72 75
f0_552 f0_630 f0_989 -0.24 0.24 0.49 0 0 0 72 74
f0_552 f0_630 f1w_353 -0.13 0.13 0.84 0 0 0 72 75
f0_552 f0_630 f2_47 -0.05 0.05 0.61 0 0 0 72 75
f0_552 f0_630 f2_303 -0.24 0.24 0.03 0 0 0 72 74
f0_552 f0_630 f2_327 0.43 -0.43 0.6 0 0 0 72 75
f0_552 f0_630 f2_870 -0.29 0.29 0.48 0 0 0 72 75
f0_552 f0_876 f0_953 0.36 -0.36 0.82 0 0 0 74 73
f0_552 f0_876 f2_363 -0.2 0.2 0.9 0 0 0 74 75
f0_552 f0_945 f0_953 0.52 -0.52 0.45 0 0 0 75 73
f0_552 f0_945 f2_327 0.75 -0.75 0.59 0 0 0 75 75
f0_552 f0_953 f1w_317 0.26 -0.26 0.43 0 0 0 73 73
f0_552 f0_953 f2_303 -0.84 0.84 0.15 0 0 0 73 74
f0_552 f0_992 f2_327 0.84 -0.84 0.53 0 0 0 75 75
f0_552 f1w_317 f1w_353 -0.5 0.5 0.84 0 0 0 73 75
f0_552 f1w_317 f2_643 -0.75 0.75 0.37 0 0 0 73 74
f0_552 f1w_317 f2_928 -0.46 0.46 0.88 0 0 0 73 75
f0_552 f2_303 f2_327 0.86 -0.86 0.43 0 0 0 74 75
f0_555 f0_82 f0_104 0.72 -0.72 0.63 0 0 0 75 77
f0_555 f0_82 f0_558 -0.35 0.35 0.4 0 0 0 75 77
f0_555 f0_104 f1h_291 -0.54 0.54 1.04 0 0 0 77 77
f0_555 f0_104 f1h_425 -0.62 0.62 0.77 0 0 0 77 78
f0_555 f0_481 f1h_82 -0.01 0.01 1.47 0 0 0 78 76
f0_555 f1h_269 f1w_253 -0.3 0.3 0.57 0 0 0 78 78
f0_555 f1w_12 f2_721 -0.13 0.13 0.75 0 0 0 78 77
f0_558 f0_599 f1w_12 0.6 -0.6 0.34 0 0 0 76 78
f0_558 f1h_269 f1w_12 0.28 -0.28 0.07 0 0 0 78 78
f0_558 f1w_12 f1w_435 -0.79 0.79 0.65 0 0 0 78 77
f0_558 f1w_12 f2_937 -0.47 0.47 0.53 0 0 0 78 77
f0_575 f0_696 f1h_2 0.03 -0.03 1.16 0 0 0 77 78
f0_575 f0_704 f1w_412 0.71 -0.71 0.98 0 0 0 76 76
f0_585 f1w_10 f2_106 0.77 -0.77 1.25 0 0 0 75 77
f0_590 f0_759 f2_888 -0.5 0.5 1.06 0 0 0 74 76
f0_590 f1w_99 f2_888 -0.87 0.87 0.59 0 0 0 76 76
f0_596 f0_421 f1h_282 -0.53 0.53 1.27 0 0 0 74 75
f0_596 f0_421 f1w_440 -0.98 0.98 0.97 0 0 0 74 76
f0_601 f1h_350 f1w_274 0.27 -0.27 1.2 0 0 0 78 76
f0_608 f0_150 f1h_86 -0.39 0.39 0.99 0 0 0 77 77
f0_608 f0_188 f0_627 0.12 -0.12 0.79 0 0 0 77 75
f0_608 f0_225 f0_548 0 0 0.74 0 0 0 77 77
f0_608 f0_548 f1h_37 0.54 -0.54 0.79 0 0 0 77 77
f0_608 f0_548 f1w_287 -0.25 0.25 0.19 0 0 0 77 77
f0_608 f0_548 f2_515 -0.2 0.2 0.39 0 0 0 77 77
f0_608 f0_548 f2_997 0.01 -0.01 0.68 0 0 0 77 76
f0_614 f0_27 f0_923 0.01 -0.01 0.87 0 0 0 76 76
f0_614 f0_170 f0_923 -0.27 0.27 0.81 0 0 0 76 76
f0_614 f0_170 f1w_445 -0.24 0.24 0.75 0 0 0 76 77
f0_614 f0_229 f0_923 0.2 -0.2 0.58 0 0 0 77 76
f0_614 f0_748 f0_923 -0.15 0.15 0.59 0 0 0 77 76
f0_614 f0_923 f2_16 0.01 -0.01 1.17 0 0 0 76 76
f0_614 f1h_345 f1w_323 0.43 -0.43 0.54 0 0 0 76 77
f0_614 f1w_107 f1w_193 0.01 -0.01 0.81 0 0 0 76 76
f0_627 f1h_389 f1w_69 0.64 -0.64 0.8 0 0 0 74 76
f0_628 f0_10 f0_138 0.58 -0.58 0.94 0 0 0 78 78
f0_628 f0_10 f2_963 -0.09 0.09 1.15 0 0 0 78 79
f0_628 f0_67 f1w_39 0.25 -0.25 0.52 0 0 0 77 79
f0_628 f0_67 f2_698 -0.08 0.08 0.81 0 0 0 77 79
f0_628 f0_98 f1w_39 0.2 -0.2 0.07 0 0 0 79 79
f0_628 f0_102 f1h_345 0.18 -0.18 0.57 0 0 0 79 78
f0_628 f0_123 f0_140 0.1 -0.1 0.37 0 0 0 79 79
f0_628 f0_138 f0_486 -0.64 0.64 0.31 0 0 0 78 77
f0_628 f0_138 f1w_317 -0.5 0.5 0.58 0 0 0 78 77
f0_628 f0_138 f1w_474 -0.3 0.3 -0.05 0 0 0 78 79
f0_628 f0_138 f2_47 -0.42 0.42 0.75 0 0 0 78 79
f0_628 f0_140 f0_552 0.17 -0.17 1.15 0 0 0 79 75
f0_628 f0_140 f0_953 0.05 -0.05 0.56 0 0 0 79 77
f0_628 f0_486 f0_741 -0.04 0.04 1.03 0 0 0 77 79
f0_628 f0_486 f1w_48 0.1 -0.1 0.76 0 0 0 77 79
f0_628 f0_552 f1h_345 -0.17 0.17 0.69 0 0 0 75 78
f0_628 f0_552 f1w_39 0.13 -0.13 1.17 0 0 0 75 79
f0_628 f0_630 f1h_345 0.01 -0.01 0.59 0 0 0 76 78
f0_628 f0_630 f1w_39 0.18 -0.18 0.22 0 0 0 76 79
f0_628 f0_741 f0_829 0.58 -0.58 1.16 0 0 0 79 78
f0_628 f0_741 f0_953 0.65 -0.65 0.85 0 0 0 79 77
f0_628 f0_767 f1w_39 0.38 -0.38 0.68 0 0 0 79 79
f0_628 f0_767 f2_698 -0.17 0.17 0.77 0 0 0 79 79
f0_628 f0_807 f1h_345 -0.23 0.23 0.8 0 0 0 79 78
f0_628 f0_829 f2_976 -0.27 0.27 0.63 0 0 0 78 79
f0_628 f0_953 f0_996 -0.81 0.81 0.8 0 0 0 77 79
f0_628 f0_953 f1w_39 -0.11 0.11 0.1 0 0 0 77 79
f0_628 f0_996 f1w_39 -0.28 0.28 0.35 0 0 0 79 79
f0_628 f0_996 f1w_54 0.34 -0.34 1.18 0 0 0 79 78
f0_628 f1h_345 f1w_317 -0.07 0.07 0.5 0 0 0 78 77
f0_628 f1h_345 f2_186 0.07 -0.07 0.59 0 0 0 78 78
f0_628 f1h_345 f2_616 -0.16 0.16 0.41 0 0 0 78 78
f0_628 f1h_345 f2_700 0.21 -0.21 0.79 0 0 0 78 78
f0_628 f1w_39 f2_47 -0.39 0.39 0.98 0 0 0 79 79
f0_628 f1w_39 f2_73 -0.56 0.56 0.59 0 0 0 79 78
f0_628 f1w_39 f2_976 -0.68 0.68 0.65 0 0 0 79 79
f0_628 f1w_317 f2_584 0.14 -0.14 0.87 0 0 0 77 76
f0_628 f1w_317 f2_963 -0.03 0.03 0.96 0 0 0 77 79
f0_628 f1w_474 f2_616 0.01 -0.01 0.38 0 0 0 79 78
f0_628 f2_47 f2_584 0.04 -0.04 0.97 0 0 0 79 76
f0_630 f0_132 f2_618 0.11 -0.11 0.27 0 0 0 75 75
f0_630 f0_132 f2_635 0.1 -0.1 1.23 0 0 0 75 75
f0_630 f0_370 f0_987 -0.07 0.07 1.09 0 0 0 74 76
f0_636 f0_765 f2_223 -0.23 0.23 1.16 0 0 0 77 78
f0_636 f1h_62 f1w_106 1.22 -1.22 1.17 0 0 0 77 78
f0_637 f1w_385 f2_20 -0.59 0.59 1.01 0 0 0 76 78
f0_641 f0_559 f2_896 0.25 -0.25 0.96 0 0 0 78 78
f0_645 f0_818 f2_132 -0.49 0.49 1.06 0 0 0 78 78
f0_650 f0_655 f2_913 0.26 -0.26 0.87 0 0 0 78 76
f0_650 f2_667 f2_913 0.35 -0.35 0.6 0 0 0 78 76
f0_655 f0_226 f1h_289 0.17 -0.17 0.49 0 0 0 77 78
f0_655 f0_490 f1h_289 -0.01 0.01 0.42 0 0 0 77 78
f0_655 f0_544 f1w_264 0.02 -0.02 1 0 0 0 78 76
f0_655 f0_650 f1h_289 -0.19 0.19 0.48 0 0 0 78 78
f0_655 f0_650 f1w_183 -0.3 0.3 0.83 0 0 0 78 78
f0_655 f0_650 f2_493 0.11 -0.11 1.26 0 0 0 78 77
f0_655 f1h_289 f1w_169 -0.14 0.14 0.7 0 0 0 78 77
f0_655 f1h_289 f1w_264 -0.01 0.01 0.86 0 0 0 78 76
f0_655 f1h_289 f2_493 0.4 -0.4 0.55 0 0 0 78 77
f0_674 f1w_12 f1w_83 0.7 -0.7 0.66 0 0 1 78 78
f0_680 f0_276 f1h_389 -0.3 0.3 0.71 0 0 0 77 75
f0_681 f0_181 f1h_297 0.68 -0.68 0.77 0 0 0 76 76
f0_681 f0_964 f1w_497 0.73 -0.73 1.01 0 0 0 76 78
f0_681 f0_964 f2_400 0.3 -0.3 0.78 0 0 0 76 76
f0_681 f1h_297 f2_400 -0.2 0.2 1.11 0 0 0 76 76
f0_681 f1w_497 f2_540 -0.77 0.77 0.76 0 0 0 78 77
f0_681 f2_133 f2_400 -0.08 0.08 0.88 0 0 0 76 76
f0_687 f0_628 f1w_291 0.37 -0.37 0.92 0 0 0 79 78
f0_687 f0_628 f1w_475 0.46 -0.46 0.64 0 0 0 79 79
f0_687 f0_628 f2_643 -0.24 0.24 0.83 0 0 0 79 78
f0_687 f0_628 f2_660 -0.13 0.13 0.77 0 0 0 79 78
f0_687 f0_628 f2_925 -0.22 0.22 0.86 0 0 0 79 78
f0_687 f1w_291 f1w_475 -0.01 0.01 1.35 0 0 0 78 79
f0_687 f1w_291 f2_643 -0.57 0.57 0.75 0 0 0 78 78
f0_687 f1w_291 f2_660 -0.37 0.37 0.71 0 0 0 78 78
f0_711 f1w_456 f2_252 -0.45 0.45 1.03 0 0 0 77 79
f0_715 f0_347 f1w_184 0.41 -0.41 0.59 0 0 0 78 78
f0_715 f0_966 f1h_429 0.31 -0.31 1.31 0 0 0 78 78
f0_715 f1w_471 f2_326 -0.7 0.7 1.02 0 0 0 77 78
f0_738 f0_19 f1w_495 0.29 -0.29 0.89 0 0 0 77 78
f0_738 f0_816 f1w_495 0.55 -0.55 0.55 0 0 0 78 78
f0_741 f1w_185 f1w_328 0.59 -0.59 1.03 0 0 0 79 77
f0_741 f1w_328 f2_615 -0.48 0.48 1.02 0 0 0 77 78
f0_748 f0_505 f2_503 0.13 -0.13 -0.37 0 0 1 77 79
f0_767 f0_140 f1w_260 -0.14 0.14 1.19 0 0 0 79 78
f0_767 f1w_260 f2_744 0.29 -0.29 1.07 0 0 0 78 79
f0_768 f0_50 f1w_102 0.17 -0.17 1.17 0 0 0 77 76
f0_768 f0_64 f0_94 -0.13 0.13 0.89 0 0 0 77 77
f0_768 f0_64 f0_628 -0.29 0.29 0.62 0 0 0 77 77
f0_768 f0_154 f0_176 -0.3 0.3 0.61 0 0 0 75 76
f0_768 f0_154 f0_203 0.31 -0.31 0.88 0 0 0 75 77
f0_768 f0_154 f0_704 -0.45 0.45 0.63 0 0 0 75 75
f0_768 f0_154 f2_541 -0.17 0.17 0.97 0 0 0 75 76
f0_768 f0_154 f2_547 -0.13 0.13 0.85 0 0 0 75 77
f0_768 f0_203 f1h_369 -0.74 0.74 0.7 0 0 0 77 76
f0_768 f0_208 f1w_280 -0.08 0.08 0.58 0 0 0 76 77
f0_768 f0_628 f1h_7 -0.03 0.03 0.68 0 0 0 77 77
f0_768 f0_628 f2_643 0.35 -0.35 0.74 0 0 0 77 76
f0_773 f0_930 f1w_385 -0.17 0.17 0.98 0 0 0 79 77
f0_781 f0_122 f2_351 0.34 -0.34 0.98 0 0 0 77 77
f0_781 f2_351 f2_564 -0.18 0.18 1.25 0 0 0 77 78
f0_791 f0_192 f2_625 -0.14 0.14 1.26 0 0 0 77 76
f0_791 f2_81 f2_409 -0.09 0.09 0.72 0 0 0 75 77
f0_791 f2_625 f2_917 -0.47 0.47 0.8 0 0 0 76 78
f0_798 f0_96 f2_132 -0.36 0.36 0.51 0 0 0 76 77
f0_798 f0_499 f1h_404 -0.07 0.07 0.19 0 0 1 77 76
f0_798 f0_499 f2_132 0.01 -0.01 0.13 0 0 1 77 77
f0_798 f2_132 f2_317 -0.24 0.24 0.22 0 0 1 77 78
f0_801 f0_544 f1h_361 -0.71 0.71 0.91 0 0 0 79 78
f0_801 f1h_361 f2_910 -0.1 0.1 0.79 0 0 0 78 79
f0_807 f0_5 f0_934 0.48 -0.48 0.52 0 0 0 78 79
f0_807 f0_5 f2_618 -0.15 0.15 0.57 0 0 0 78 78
f0_807 f0_10 f0_28 -0.49 0.49 0.87 0 0 0 78 79
f0_807 f0_10 f0_934 -0.11 0.11 0.97 0 0 0 78 79
f0_807 f0_28 f0_628 0.06 -0.06 0.78 0 0 0 79 79
f0_807 f0_28 f1w_475 -0.1 0.1 1 0 0 0 79 79
f0_807 f0_28 f2_61 -0.05 0.05 0.79 0 0 0 79 78
f0_807 f0_67 f1h_150 0.17 -0.17 0.67 0 0 0 77 78
f0_807 f0_67 f2_618 -0.22 0.22 0.39 0 0 0 77 78
f0_807 f0_183 f2_618 -0.43 0.43 0.14 0 0 0 79 78
f0_807 f0_628 f1h_404 0.58 -0.58 0.32 0 0 0 79 77
f0_807 f0_759 f0_934 0.07 -0.07 0.85 0 0 0 77 79
f0_807 f0_759 f2_618 -0.54 0.54 0.13 0 0 0 77 78
f0_807 f0_934 f1h_150 0.04 -0.04 0.37 0 0 0 79 78
f0_807 f0_934 f1h_395 -0.54 0.54 0.43 0 0 0 79 77
f0_807 f0_934 f2_31 -0.2 0.2 0.34 0 0 0 79 79
f0_807 f0_955 f1w_404 -0.18 0.18 0.57 0 0 0 77 78
f0_807 f0_955 f2_31 0.05 -0.05 0.45 0 0 0 77 79
f0_807 f1h_9 f2_618 -0.31 0.31 0.3 0 0 0 78 78
f0_807 f1h_103 f2_31 0.45 -0.45 0.77 0 0 0 77 79
f0_807 f1h_150 f1h_404 0.13 -0.13 1.17 0 0 0 78 77
f0_807 f1h_150 f1h_412 0.34 -0.34 0.94 0 0 0 78 77
f0_807 f1h_150 f2_73 0.1 -0.1 0.76 0 0 0 78 78
f0_807 f1h_150 f2_781 0.24 -0.24 1.01 0 0 0 78 79
f0_807 f1h_404 f2_31 0.02 -0.02 0.86 0 0 0 77 79
f0_807 f2_73 f2_618 -0.56 0.56 0.31 0 0 0 78 78
f0_807 f2_618 f2_781 0.7 -0.7 0.43 0 0 0 78 79
f0_808 f0_230 f0_604 0.17 -0.17 0.88 0 0 0 79 79
f0_808 f0_272 f2_20 0.43 -0.43 0.62 0 0 0 79 79
f0_808 f0_350 f0_604 -0.04 0.04 1.02 0 0 0 78 79
f0_808 f0_604 f1w_285 0.05 -0.05 0.92 0 0 0 79 77
f0_808 f0_748 f2_20 0.08 -0.08 0.7 0 0 0 79 79
f0_808 f1h_412 f1w_285 0.17 -0.17 0.5 0 0 0 77 77
f0_808 f1h_412 f2_20 -0.1 0.1 0.86 0 0 0 77 79
f0_808 f1h_412 f2_156 -0.16 0.16 0.78 0 0 0 77 77
f0_808 f1w_34 f2_20 -0.18 0.18 1.04 0 0 0 78 79
f0_808 f1w_285 f2_127 -0.25 0.25 0.64 0 0 0 77 76
f0_808 f1w_410 f2_20 0.36 -0.36 0.81 0 0 0 79 79
f0_808 f2_20 f2_937 0.1 -0.1 0.55 0 0 0 79 78
f0_808 f2_104 f2_156 -0.08 0.08 1.18 0 0 0 78 77
f0_809 f0_938 f1w_315 0.08 -0.08 1.53 0 0 0 78 79
f0_809 f1w_87 f2_913 -0.7 0.7 0.76 0 0 0 78 76
f0_809 f2_315 f2_913 -0.25 0.25 0.8 0 0 0 79 76
f0_814 f0_347 f1h_291 -0.09 0.09 0.99 0 0 0 79 78
f0_814 f1h_336 f2_20 -0.54 0.54 0.83 0 0 0 79 79
f0_814 f1h_489 f2_20 0.19 -0.19 1.09 0 0 0 78 79
f0_816 f1w_283 f1w_478 -0.86 0.86 0.57 0 0 0 79 79
f0_818 f0_645 f0_965 -0.77 0.77 0.43 0 0 0 78 78
f0_818 f0_645 f2_880 -0.57 0.57 0.99 0 0 0 78 78
f0_836 f1w_317 f1w_409 0.62 -0.62 0.94 0 0 0 76 77
f0_836 f2_55 f2_802 0.27 -0.27 1.49 0 0 0 77 76
f0_844 f0_930 f1w_328 1.13 -1.13 0.51 0 0 0 79 77
f0_848 f0_134 f2_145 0.73 -0.73 0.67 0 0 0 75 77
f0_868 f0_362 f1w_271 0.81 -0.81 1.02 0 0 0 76 76
f0_879 f0_26 f0_524 -0.09 0.09 1.05 0 0 0 77 77
f0_879 f0_438 f2_553 0.7 -0.7 0.58 0 0 0 79 78
f0_881 f0_859 f1h_184 -0.51 0.51 0.51 0 0 0 79 79
f0_881 f1h_62 f1h_84 -0.24 0.24 1.12 0 0 0 78 78
f0_881 f1h_62 f1h_489 -0.9 0.9 0.83 0 0 0 78 78
f0_914 f0_68 f1h_108 -0.11 0.11 0.46 0 0 0 77 77
f0_914 f0_183 f1h_494 0.52 -0.52 0.64 0 0 0 77 75
f0_914 f0_481 f1w_320 0.93 -0.93 0.74 0 0 0 77 76
f0_914 f0_759 f1w_320 0.96 -0.96 0.84 0 0 0 75 76
f0_914 f1h_108 f1w_320 0.72 -0.72 0.07 0 0 0 77 76
f0_914 f1h_108 f2_919 -0.1 0.1 0.66 0 0 0 77 77
f0_923 f2_283 f2_644 0.1 -0.1 0.65 0 0 1 78 77
f0_927 f0_107 f2_737 -0.38 0.38 0.5 0 0 0 78 77
f0_927 f0_167 f0_814 -0.32 0.32 0.85 0 0 0 78 79
f0_927 f0_167 f0_848 -0.26 0.26 1.23 0 0 0 78 77
f0_927 f0_167 f2_980 -0.1 0.1 0.87 0 0 0 78 78
f0_927 f0_814 f2_809 -0.22 0.22 0.58 0 0 0 79 77
f0_927 f0_848 f0_914 0.44 -0.44 1.09 0 0 0 77 77
f0_927 f1h_289 f2_721 0.16 -0.16 0.58 0 0 0 79 78
f0_927 f1h_289 f2_737 -0.17 0.17 0.3 0 0 0 79 77
f0_927 f1h_289 f2_980 0.37 -0.37 0.56 0 0 0 79 78
f0_927 f2_25 f2_660 -0.58 0.58 0.88 0 0 0 78 78
f0_927 f2_25 f2_737 -0.96 0.83 0.37 0 0 0 78 77
f0_927 f2_25 f2_980 -0.05 0.05 0.47 0 0 0 78 78
f0_927 f2_47 f2_721 -0.45 0.45 0.66 0 0 0 79 78
f0_927 f2_47 f2_737 -0.65 0.65 0.46 0 0 0 79 77
f0_927 f2_721 f2_809 -0.25 0.25 0.52 0 0 0 78 77
f0_930 f0_46 f1h_486 -0.2 0.2 1.01 0 0 0 78 78
f0_930 f0_189 f1w_3 -0.19 0.19 0.83 0 0 0 78 75
f0_930 f0_253 f0_477 0.34 -0.34 0.52 0 0 0 79 79
f0_930 f0_274 f1w_3 0.23 -0.23 -0.4 0 0 0 77 75
f0_930 f0_274 f1w_99 0.35 -0.35 0.42 0 0 0 77 79
f0_930 f0_274 f2_143 0.05 -0.05 0.71 0 0 0 77 78
f0_930 f0_274 f2_778 0.4 -0.4 0.17 0 0 0 77 77
f0_930 f0_477 f2_778 0.19 -0.19 1.02 0 0 0 79 77
f0_930 f1h_305 f1w_405 -0.12 0.12 1.04 0 0 0 79 78
f0_930 f1w_82 f2_643 -0.52 0.52 0.68 0 0 0 77 78
f0_930 f1w_185 f2_643 0.51 -0.51 0.55 0 0 0 79 78
f0_930 f1w_201 f2_404 0.12 -0.12 0.7 0 0 0 79 79
f0_930 f1w_313 f2_415 0.1 -0.1 0.67 0 0 0 78 79
f0_930 f1w_437 f2_415 0.03 -0.03 0.58 0 0 0 77 79
f0_930 f2_778 f2_881 -0.33 0.33 1.09 0 0 0 77 78
f0_945 f0_4 f0_809 0.34 -0.34 0.97 0 0 0 78 79
f0_945 f0_4 f0_938 0.47 -0.47 0.6 0 0 0 78 78
f0_945 f0_4 f1h_299 0.11 -0.11 0.29 0 0 0 78 78
f0_945 f0_4 f1w_12 -0.06 0.06 0.67 0 0 0 78 79
f0_945 f0_4 f2_518 0.43 -0.43 0.89 0 0 0 78 78
f0_945 f0_139 f0_938 -0.05 0.05 0.95 0 0 0 78 78
f0_945 f0_158 f0_768 0.18 -0.18 1.15 0 0 0 77 77
f0_945 f0_158 f2_869 -0.25 0.25 0.66 0 0 0 77 78
f0_945 f0_170 f0_337 0.05 -0.05 0.72 0 0 0 78 79
f0_945 f0_192 f0_721 0.13 -0.13 0.85 0 0 0 78 76
f0_945 f0_203 f0_337 -0.42 0.42 0.95 0 0 0 79 79
f0_945 f0_203 f2_138 0.21 -0.21 0.88 0 0 0 79 75
f0_945 f0_203 f2_917 0.3 -0.3 1.1 0 0 0 79 79
f0_945 f0_325 f1h_299 0 0 0.63 0 0 0 79 78
f0_945 f0_337 f1h_299 0.06 -0.06 0.41 0 0 0 79 78
f0_945 f0_374 f0_721 0.39 -0.39 0.9 0 0 0 79 76
f0_945 f0_559 f1h_97 -0.42 0.42 -0.26 0 0 0 78 77
f0_945 f0_559 f2_454 0.44 -0.44 0.78 0 0 0 78 79
f0_945 f0_559 f2_917 0.78 -0.78 0.24 0 0 0 78 79
f0_945 f0_625 f2_917 0.63 -0.63 0.91 0 0 0 78 79
f0_945 f0_721 f1h_459 -0.32 0.32 0.83 0 0 0 76 78
f0_945 f0_721 f1w_120 -0.55 0.55 0.31 0 0 0 76 79
f0_945 f0_721 f1w_214 -0.41 0.41 0.62 0 0 0 76 75
f0_945 f0_721 f2_917 0.13 -0.13 0.52 0 0 0 76 79
f0_945 f0_768 f2_326 -0.02 0.02 1.08 0 0 0 77 79
f0_945 f0_801 f1h_493 -0.33 0.33 0.73 0 0 0 79 78
f0_945 f0_809 f1h_97 -0.4 0.4 0.46 0 0 0 79 77
f0_945 f0_809 f2_326 0.26 -0.26 0.35 0 0 0 79 79
f0_945 f0_938 f1h_7 -0.25 0.25 0.17 0 0 0 78 79
f0_945 f0_938 f1h_97 -0.63 0.63 -0.34 0 0 0 78 77
f0_945 f0_938 f1h_493 -0.43 0.43 0.29 0 0 0 78 78
f0_945 f0_938 f1w_120 -0.45 0.45 0.47 0 0 0 78 79
f0_945 f0_938 f2_326 0.03 -0.03 0.36 0 0 0 78 79
f0_945 f1h_7 f1h_299 -0.09 0.09 -0.08 0 0 0 79 78
f0_945 f1h_97 f1w_12 0.03 -0.03 0.46 0 0 0 77 79
f0_945 f1h_97 f2_308 0.3 -0.3 0.7 0 0 0 77 79
f0_945 f1h_299 f2_454 0.08 -0.08 0.65 0 0 0 78 79
f0_945 f1h_299 f2_917 0.67 -0.67 0.33 0 0 0 78 79
f0_945 f1h_493 f2_454 0.42 -0.42 0.61 0 0 0 78 79
f0_945 f1w_12 f1w_120 0.05 -0.05 0.65 0 0 0 79 79
f0_945 f1w_12 f2_138 0.41 -0.41 0.61 0 0 0 79 75
f0_945 f1w_155 f2_917 0.3 -0.3 1.38 0 0 0 79 79
f0_945 f2_47 f2_138 0.27 -0.27 0.81 0 0 0 79 75
f0_945 f2_820 f2_869 -0.04 0.04 0.93 0 0 0 77 78
f0_946 f2_896 f2_985 -0.18 0.18 0.86 0 0 0 77 77
f0_953 f0_47 f0_166 0.1 -0.1 1.04 0 0 0 76 77
f0_953 f0_119 f2_409 0.07 -0.07 1.16 0 0 0 77 76
f0_953 f0_123 f1h_389 -0.56 0.56 0.45 0 0 0 77 75
f0_953 f0_123 f2_1 0.12 -0.12 1 0 0 0 77 74
f0_953 f0_166 f0_447 -0.28 0.28 0.7 0 0 0 77 76
f0_953 f0_166 f1w_161 -0.47 0.47 0.64 0 0 0 77 76
f0_953 f0_166 f2_409 0.42 -0.42 0.83 0 0 0 77 76
f0_953 f0_166 f2_527 -0.32 0.32 0.8 0 0 0 77 76
f0_953 f0_208 f0_486 0.46 -0.46 0.58 0 0 0 76 75
f0_953 f0_208 f0_628 0.23 -0.23 0.16 0 0 0 76 77
f0_953 f0_319 f0_628 0.19 -0.19 0.52 0 0 0 75 77
f0_953 f0_319 f1w_353 -0.13 0.13 1.2 0 0 0 75 77
f0_953 f0_319 f2_1 0.29 -0.29 0.88 0 0 0 75 74
f0_953 f0_374 f0_628 0.39 -0.39 0.59 0 0 0 77 77
f0_953 f0_420 f2_409 1.21 -1.21 0.44 0 0 0 76 76
f0_953 f0_486 f2_1 -0.05 0.05 0.88 0 0 0 75 74
f0_953 f0_486 f2_409 0.45 -0.45 0.41 0 0 0 75 76
f0_953 f0_552 f1h_82 -0.45 0.45 1.06 0 0 0 73 75
f0_953 f0_552 f1h_389 0.13 -0.13 0.15 0 0 0 73 75
f0_953 f0_552 f2_409 -0.08 -0.01 1.49 0 0 0 73 76
f0_953 f0_575 f2_409 0.59 -0.59 0.69 0 0 0 76 76
f0_953 f0_628 f1h_82 0.3 -0.3 0.2 0 0 0 77 75
f0_953 f0_628 f1h_412 -0.65 0.65 0.61 0 0 0 77 75
f0_953 f0_628 f2_1 -0.17 0.17 1.01 0 0 0 77 74
f0_953 f0_628 f2_242 -0.63 0.63 0.65 0 0 0 77 77
f0_953 f0_628 f2_409 0.6 -2 0.92 0 0 0 77 76
f0_953 f0_628 f2_493 -0.12 0.12 0.98 0 0 0 77 76
f0_953 f0_628 f2_851 -0.87 0.87 0.61 0 0 0 77 77
f0_953 f0_829 f2_1 -0.44 0.44 0.25 0 0 0 76 74
f0_953 f0_829 f2_409 0.21 -0.21 0.25 0 0 0 76 76
f0_953 f1h_14 f2_409 1.27 -1.27 0.62 0 0 0 77 76
f0_953 f1h_82 f1w_317 -0.15 0.15 0.6 0 0 0 75 75
f0_953 f1h_412 f1w_54 0.83 -0.83 0.75 0 0 0 75 76
f0_953 f1h_412 f2_162 -0.08 0.08 0.73 0 0 0 75 76
f0_953 f1w_39 f2_409 0.26 -0.26 -0.23 0 0 0 77 76
f0_953 f1w_39 f2_493 0.46 -0.46 0.97 0 0 0 77 76
f0_953 f1w_54 f1w_161 -1.09 0.5 0.35 0 0 0 76 76
f0_953 f1w_54 f2_409 0.38 -0.38 0.53 0 0 0 76 76
f0_953 f1w_161 f2_547 0.12 -0.12 0.65 0 0 0 76 77
f0_953 f1w_317 f2_409 0.33 -0.33 0.26 0 0 0 75 76
f0_953 f1w_353 f2_409 0.32 -0.32 0.59 0 0 0 77 76
f0_953 f2_409 f2_547 -1.03 0.25 0.4 0 0 0 76 77
f0_953 f2_409 f2_719 -0.34 0.34 0.57 0 0 0 76 76
f0_955 f0_206 f0_807 -0.07 0.07 -0.43 0 0 1 77 77
f0_966 f2_14 f2_226 -0.48 0.48 0.95 0 0 0 76 77
f0_967 f0_185 f0_575 0.41 -0.41 0.89 0 0 0 79 78
f0_967 f0_185 f0_992 0.47 -0.47 0.82 0 0 0 79 79
f0_967 f0_219 f2_639 0.1 -0.1 0.51 0 0 0 78 77
f0_967 f0_355 f1w_78 0.08 -0.08 0.32 0 0 0 78 79
f0_967 f0_355 f2_770 0.28 -0.28 0.49 0 0 0 78 79
f0_978 f1w_274 f1w_316 -0.79 0.79 0.32 0 0 0 75 77
f0_989 f0_5 f1w_30 -0.06 0.06 0.66 0 0 0 77 77
f0_989 f0_5 f2_381 -0.2 0.2 0.36 0 0 0 77 76
f0_989 f0_126 f1w_39 0.07 -0.07 0.86 0 0 0 77 78
f0_989 f0_208 f0_272 0 0 0.85 0 0 0 77 78
f0_989 f0_272 f1w_317 0.12 -0.12 0.77 0 0 0 78 76
f0_989 f0_272 f2_941 0.23 -0.23 1 0 0 0 78 78
f0_989 f0_563 f2_381 -0.2 0.2 0.23 0 0 0 78 76
f0_989 f1w_264 f2_381 -0.48 0.48 0.23 0 0 0 76 76
f0_990 f1w_184 f1w_313 -0.46 0.46 1.26 0 0 0 79 78
f0_990 f1w_184 f2_127 -0.61 0.61 1 0 0 0 79 76
f0_990 f1w_280 f1w_313 -0.17 0.17 1.14 0 0 0 79 78
f0_992 f0_486 f2_782 0.02 -0.02 1.03 0 0 0 77 77
f1h_2 f0_26 f0_169 0 0 1.44 0 0 0 77 77
f1h_2 f0_169 f1w_235 0.53 -0.53 -0.04 0 0 0 77 78
f1h_4 f0_17 f0_180 -1.33 1.33 1.17 0 0 0 77 78
f1h_7 f0_139 f0_186 -0.09 0.09 1.7 0 0 0 78 78
f1h_9 f0_67 f0_90 -0.4 0.4 1.61 0 0 0 77 78
f1h_9 f0_67 f2_643 -0.32 0.32 1.37 0 0 0 77 77
f1h_9 f0_67 f2_925 -0.31 0.31 1.48 0 0 0 77 77
f1h_9 f0_312 f0_369 -0.3 0.3 0.91 0 0 0 78 77
f1h_10 f0_97 f0_481 -0.72 0.72 0.93 0 0 0 78 79
f1h_12 f0_37 f0_117 -0.09 0.09 2.44 0 0 0 79 78
f1h_13 f0_76 f0_82 0.3 -0.3 1.35 0 0 0 77 76
f1h_13 f0_155 f0_823 0.77 -0.77 0.8 0 0 0 79 79
